 0.000000e+00  1.000000e+00  0.000000e+00
 1.000000e+00  2.000000e+00  0.000000e+00
 2.000000e+00  3.000000e+00  0.000000e+00
 3.000000e+00  4.000000e+00  0.000000e+00
 4.000000e+00  5.000000e+00  0.000000e+00
 5.000000e+00  6.000000e+00  0.000000e+00
 6.000000e+00  7.000000e+00  0.000000e+00
 7.000000e+00  8.000000e+00  0.000000e+00
 8.000000e+00  9.000000e+00  0.000000e+00
 9.000000e+00  1.000000e+01  1.353862e-04
 1.000000e+01  1.100000e+01  2.418238e-04
 1.100000e+01  1.200000e+01  1.955506e-04
 1.200000e+01  1.300000e+01  1.520638e-04
 1.300000e+01  1.400000e+01  1.164236e-04
 1.400000e+01  1.500000e+01  8.933387e-05
 1.500000e+01  1.600000e+01  6.798814e-05
 1.600000e+01  1.700000e+01  5.199905e-05
 1.700000e+01  1.800000e+01  3.985821e-05
 1.800000e+01  1.900000e+01  3.095256e-05
 1.900000e+01  2.000000e+01  2.385676e-05
 2.000000e+01  2.100000e+01  1.861232e-05
 2.100000e+01  2.200000e+01  1.495861e-05
 2.200000e+01  2.300000e+01  1.178750e-05
 2.300000e+01  2.400000e+01  9.117922e-06
 2.400000e+01  2.500000e+01  7.432947e-06
 2.500000e+01  2.600000e+01  6.075896e-06
 2.600000e+01  2.700000e+01  4.821756e-06
 2.700000e+01  2.800000e+01  4.052361e-06
 2.800000e+01  2.900000e+01  3.356371e-06
 2.900000e+01  3.000000e+01  2.740709e-06
 3.000000e+01  3.100000e+01  2.118833e-06
 3.100000e+01  3.200000e+01  1.865474e-06
 3.200000e+01  3.300000e+01  1.546704e-06
 3.300000e+01  3.400000e+01  1.343504e-06
 3.400000e+01  3.500000e+01  1.049650e-06
 3.500000e+01  3.600000e+01  9.185764e-07
 3.600000e+01  3.700000e+01  7.593456e-07
 3.700000e+01  3.800000e+01  6.142214e-07
 3.800000e+01  3.900000e+01  5.193415e-07
 3.900000e+01  4.000000e+01  4.618996e-07
