 0.000000e+00  1.000000e+00  0.000000e+00
 1.000000e+00  2.000000e+00  0.000000e+00
 2.000000e+00  3.000000e+00  0.000000e+00
 3.000000e+00  4.000000e+00  0.000000e+00
 4.000000e+00  5.000000e+00  0.000000e+00
 5.000000e+00  6.000000e+00  0.000000e+00
 6.000000e+00  7.000000e+00  0.000000e+00
 7.000000e+00  8.000000e+00  0.000000e+00
 8.000000e+00  9.000000e+00  0.000000e+00
 9.000000e+00  1.000000e+01  3.095473e-04
 1.000000e+01  1.100000e+01  4.865382e-04
 1.100000e+01  1.200000e+01  3.163095e-04
 1.200000e+01  1.300000e+01  2.129915e-04
 1.300000e+01  1.400000e+01  1.195846e-04
 1.400000e+01  1.500000e+01  8.777425e-05
 1.500000e+01  1.600000e+01  6.815831e-05
 1.600000e+01  1.700000e+01  3.600710e-05
 1.700000e+01  1.800000e+01  3.096257e-05
 1.800000e+01  1.900000e+01  2.568617e-05
 1.900000e+01  2.000000e+01  1.980606e-05
 2.000000e+01  2.100000e+01  1.523403e-05
 2.100000e+01  2.200000e+01  9.674238e-06
 2.200000e+01  2.300000e+01  7.748633e-06
 2.300000e+01  2.400000e+01  5.668193e-06
 2.400000e+01  2.500000e+01  3.936330e-06
 2.500000e+01  2.600000e+01  3.667985e-06
 2.600000e+01  2.700000e+01  5.794183e-06
 2.700000e+01  2.800000e+01  5.682093e-06
 2.800000e+01  2.900000e+01  4.661505e-06
 2.900000e+01  3.000000e+01  3.948873e-06
 3.000000e+01  3.100000e+01  1.014648e-06
 3.100000e+01  3.200000e+01  1.748462e-06
 3.200000e+01  3.300000e+01  2.726416e-06
 3.300000e+01  3.400000e+01  2.213511e-06
 3.400000e+01  3.500000e+01  7.287411e-07
 3.500000e+01  3.600000e+01  1.636886e-06
 3.600000e+01  3.700000e+01  1.948725e-06
 3.700000e+01  3.800000e+01  1.022834e-06
 3.800000e+01  3.900000e+01  1.278236e-06
 3.900000e+01  4.000000e+01  1.343448e-06
