 0.000000e+00  1.000000e+00  0.000000e+00
 1.000000e+00  2.000000e+00  0.000000e+00
 2.000000e+00  3.000000e+00  0.000000e+00
 3.000000e+00  4.000000e+00  0.000000e+00
 4.000000e+00  5.000000e+00  0.000000e+00
 5.000000e+00  6.000000e+00  0.000000e+00
 6.000000e+00  7.000000e+00  0.000000e+00
 7.000000e+00  8.000000e+00  0.000000e+00
 8.000000e+00  9.000000e+00  0.000000e+00
 9.000000e+00  1.000000e+01  1.198818e-05
 1.000000e+01  1.100000e+01  1.698667e-05
 1.100000e+01  1.200000e+01  9.480864e-06
 1.200000e+01  1.300000e+01  5.176026e-06
 1.300000e+01  1.400000e+01  3.044350e-06
 1.400000e+01  1.500000e+01  1.829762e-06
 1.500000e+01  1.600000e+01  1.258151e-06
 1.600000e+01  1.700000e+01  8.373615e-07
 1.700000e+01  1.800000e+01  6.135253e-07
 1.800000e+01  1.900000e+01  5.168902e-07
 1.900000e+01  2.000000e+01  4.398905e-07
 2.000000e+01  2.100000e+01  3.671293e-07
 2.100000e+01  2.200000e+01  2.308852e-07
 2.200000e+01  2.300000e+01  1.767460e-07
 2.300000e+01  2.400000e+01  1.703471e-07
 2.400000e+01  2.500000e+01  1.241249e-07
 2.500000e+01  2.600000e+01  1.012490e-07
 2.600000e+01  2.700000e+01  7.985006e-08
 2.700000e+01  2.800000e+01  7.001947e-08
 2.800000e+01  2.900000e+01  7.153337e-08
 2.900000e+01  3.000000e+01  5.770906e-08
 3.000000e+01  3.100000e+01  5.792135e-08
 3.100000e+01  3.200000e+01  5.012302e-08
 3.200000e+01  3.300000e+01  3.147110e-08
 3.300000e+01  3.400000e+01  3.489874e-08
 3.400000e+01  3.500000e+01  2.998228e-08
 3.500000e+01  3.600000e+01  2.138846e-08
 3.600000e+01  3.700000e+01  2.078988e-08
 3.700000e+01  3.800000e+01  1.905209e-08
 3.800000e+01  3.900000e+01  1.534946e-08
 3.900000e+01  4.000000e+01  1.516595e-08
