 0.000000e+00  1.000000e+00  0.000000e+00
 1.000000e+00  2.000000e+00  0.000000e+00
 2.000000e+00  3.000000e+00  0.000000e+00
 3.000000e+00  4.000000e+00  6.318567e-03
 4.000000e+00  5.000000e+00  3.545769e-03
 5.000000e+00  6.000000e+00  1.771822e-03
 6.000000e+00  7.000000e+00  8.898477e-04
 7.000000e+00  8.000000e+00  4.560068e-04
 8.000000e+00  9.000000e+00  2.409875e-04
 9.000000e+00  1.000000e+01  1.354503e-04
 1.000000e+01  1.100000e+01  7.760440e-05
 1.100000e+01  1.200000e+01  4.621160e-05
 1.200000e+01  1.300000e+01  2.830657e-05
 1.300000e+01  1.400000e+01  1.754643e-05
 1.400000e+01  1.500000e+01  1.106366e-05
 1.500000e+01  1.600000e+01  7.292623e-06
 1.600000e+01  1.700000e+01  4.948150e-06
 1.700000e+01  1.800000e+01  3.410879e-06
 1.800000e+01  1.900000e+01  2.143269e-06
 1.900000e+01  2.000000e+01  1.672166e-06
 2.000000e+01  2.100000e+01  1.107538e-06
 2.100000e+01  2.200000e+01  7.766400e-07
 2.200000e+01  2.300000e+01  6.165849e-07
 2.300000e+01  2.400000e+01  4.191120e-07
 2.400000e+01  2.500000e+01  3.102034e-07
 2.500000e+01  2.600000e+01  2.393214e-07
 2.600000e+01  2.700000e+01  1.550581e-07
 2.700000e+01  2.800000e+01  1.355372e-07
 2.800000e+01  2.900000e+01  8.920902e-08
 2.900000e+01  3.000000e+01  6.470318e-08
 3.000000e+01  3.100000e+01  5.038687e-08
 3.100000e+01  3.200000e+01  4.373302e-08
 3.200000e+01  3.300000e+01  2.774267e-08
 3.300000e+01  3.400000e+01  2.125302e-08
 3.400000e+01  3.500000e+01  2.050661e-08
 3.500000e+01  3.600000e+01  1.622347e-08
 3.600000e+01  3.700000e+01  1.379308e-08
 3.700000e+01  3.800000e+01  1.046124e-08
 3.800000e+01  3.900000e+01  5.157398e-09
 3.900000e+01  4.000000e+01  6.076180e-09
