 0.000000e+00  1.000000e+00  0.000000e+00
 1.000000e+00  2.000000e+00  0.000000e+00
 2.000000e+00  3.000000e+00  0.000000e+00
 3.000000e+00  4.000000e+00  1.657329e-02
 4.000000e+00  5.000000e+00  6.042805e-03
 5.000000e+00  6.000000e+00  1.989615e-03
 6.000000e+00  7.000000e+00  1.263972e-03
 7.000000e+00  8.000000e+00  3.155976e-04
 8.000000e+00  9.000000e+00  3.006631e-04
 9.000000e+00  1.000000e+01  6.092986e-04
 1.000000e+01  1.100000e+01  3.495950e-04
 1.100000e+01  1.200000e+01  2.921243e-04
 1.200000e+01  1.300000e+01  1.724043e-04
 1.300000e+01  1.400000e+01  1.869120e-04
 1.400000e+01  1.500000e+01  1.579060e-04
 1.500000e+01  1.600000e+01  9.534776e-05
 1.600000e+01  1.700000e+01  7.646354e-05
 1.700000e+01  1.800000e+01  8.996800e-05
 1.800000e+01  1.900000e+01  7.249301e-05
 1.900000e+01  2.000000e+01  4.273757e-05
 2.000000e+01  2.100000e+01  2.542191e-05
 2.100000e+01  2.200000e+01  3.849252e-05
 2.200000e+01  2.300000e+01  2.673047e-05
 2.300000e+01  2.400000e+01  2.649085e-05
 2.400000e+01  2.500000e+01  1.948934e-05
 2.500000e+01  2.600000e+01  1.057832e-05
 2.600000e+01  2.700000e+01  6.870482e-06
 2.700000e+01  2.800000e+01  9.858792e-06
 2.800000e+01  2.900000e+01  9.127121e-06
 2.900000e+01  3.000000e+01  8.380131e-06
 3.000000e+01  3.100000e+01  6.074887e-06
 3.100000e+01  3.200000e+01  2.254376e-06
 3.200000e+01  3.300000e+01  5.347921e-06
 3.300000e+01  3.400000e+01  4.761170e-06
 3.400000e+01  3.500000e+01  2.702665e-06
 3.500000e+01  3.600000e+01  1.883867e-06
 3.600000e+01  3.700000e+01  2.616683e-06
 3.700000e+01  3.800000e+01  1.646407e-06
 3.800000e+01  3.900000e+01  2.045703e-06
 3.900000e+01  4.000000e+01  2.295262e-06
