 0.000000e+00  1.000000e+00  0.000000e+00
 1.000000e+00  2.000000e+00  0.000000e+00
 2.000000e+00  3.000000e+00  0.000000e+00
 3.000000e+00  4.000000e+00  1.114125e-02
 4.000000e+00  5.000000e+00  3.903144e-03
 5.000000e+00  6.000000e+00  1.230774e-03
 6.000000e+00  7.000000e+00  5.286803e-04
 7.000000e+00  8.000000e+00  3.063692e-04
 8.000000e+00  9.000000e+00  2.472794e-04
 9.000000e+00  1.000000e+01  1.232743e-04
 1.000000e+01  1.100000e+01  1.676765e-04
 1.100000e+01  1.200000e+01  1.214840e-04
 1.200000e+01  1.300000e+01  9.202832e-05
 1.300000e+01  1.400000e+01  7.279928e-05
 1.400000e+01  1.500000e+01  3.895636e-05
 1.500000e+01  1.600000e+01  4.308267e-05
 1.600000e+01  1.700000e+01  3.469549e-05
 1.700000e+01  1.800000e+01  1.739981e-05
 1.800000e+01  1.900000e+01  1.620071e-05
 1.900000e+01  2.000000e+01  1.585404e-05
 2.000000e+01  2.100000e+01  1.129666e-05
 2.100000e+01  2.200000e+01  5.415529e-06
 2.200000e+01  2.300000e+01  6.863621e-06
 2.300000e+01  2.400000e+01  5.563433e-06
 2.400000e+01  2.500000e+01  4.448771e-06
 2.500000e+01  2.600000e+01  3.680693e-06
 2.600000e+01  2.700000e+01  2.942843e-06
 2.700000e+01  2.800000e+01  2.472575e-06
 2.800000e+01  2.900000e+01  2.124241e-06
 2.900000e+01  3.000000e+01  1.215821e-06
 3.000000e+01  3.100000e+01  1.377826e-06
 3.100000e+01  3.200000e+01  1.007728e-06
 3.200000e+01  3.300000e+01  9.739643e-07
 3.300000e+01  3.400000e+01  3.748024e-07
 3.400000e+01  3.500000e+01  2.741998e-07
 3.500000e+01  3.600000e+01  4.679590e-07
 3.600000e+01  3.700000e+01  4.315830e-07
 3.700000e+01  3.800000e+01  2.119737e-07
 3.800000e+01  3.900000e+01  1.264272e-07
 3.900000e+01  4.000000e+01  1.587474e-07
