 0.000000e+00  1.000000e+00  0.000000e+00
 1.000000e+00  2.000000e+00  0.000000e+00
 2.000000e+00  3.000000e+00  0.000000e+00
 3.000000e+00  4.000000e+00  1.072058e-02
 4.000000e+00  5.000000e+00  2.797461e-03
 5.000000e+00  6.000000e+00  4.657559e-04
 6.000000e+00  7.000000e+00 -7.368379e-05
 7.000000e+00  8.000000e+00 -1.216036e-04
 8.000000e+00  9.000000e+00 -5.127533e-05
 9.000000e+00  1.000000e+01 -1.727209e-05
 1.000000e+01  1.100000e+01  1.251144e-05
 1.100000e+01  1.200000e+01  5.114899e-06
 1.200000e+01  1.300000e+01 -1.350620e-06
 1.300000e+01  1.400000e+01  9.991364e-06
 1.400000e+01  1.500000e+01  6.580266e-06
 1.500000e+01  1.600000e+01  9.302731e-06
 1.600000e+01  1.700000e+01  2.949267e-06
 1.700000e+01  1.800000e+01  3.382336e-06
 1.800000e+01  1.900000e+01  3.339135e-06
 1.900000e+01  2.000000e+01  2.014083e-06
 2.000000e+01  2.100000e+01  1.591785e-06
 2.100000e+01  2.200000e+01  2.043055e-06
 2.200000e+01  2.300000e+01  1.166889e-06
 2.300000e+01  2.400000e+01  8.287664e-07
 2.400000e+01  2.500000e+01  6.920312e-07
 2.500000e+01  2.600000e+01  3.399682e-07
 2.600000e+01  2.700000e+01  2.199207e-07
 2.700000e+01  2.800000e+01  4.871071e-07
 2.800000e+01  2.900000e+01  2.276414e-07
 2.900000e+01  3.000000e+01  2.643145e-07
 3.000000e+01  3.100000e+01  9.334034e-08
 3.100000e+01  3.200000e+01  1.111599e-07
 3.200000e+01  3.300000e+01  2.093155e-07
 3.300000e+01  3.400000e+01  1.602488e-08
 3.400000e+01  3.500000e+01  9.122157e-08
 3.500000e+01  3.600000e+01  9.712582e-08
 3.600000e+01  3.700000e+01  1.028251e-07
 3.700000e+01  3.800000e+01  5.440163e-08
 3.800000e+01  3.900000e+01  2.966492e-08
 3.900000e+01  4.000000e+01  2.368814e-08
