 0.000000e+00  1.000000e+00  0.000000e+00
 1.000000e+00  2.000000e+00  0.000000e+00
 2.000000e+00  3.000000e+00  4.458298e-14
 3.000000e+00  4.000000e+00  1.352124e-02
 4.000000e+00  5.000000e+00  4.758879e-03
 5.000000e+00  6.000000e+00  1.558336e-03
 6.000000e+00  7.000000e+00  5.975335e-04
 7.000000e+00  8.000000e+00  3.729013e-04
 8.000000e+00  9.000000e+00  2.920146e-04
 9.000000e+00  1.000000e+01  2.664717e-04
 1.000000e+01  1.100000e+01  2.352498e-04
 1.100000e+01  1.200000e+01  1.675051e-04
 1.200000e+01  1.300000e+01  1.314974e-04
 1.300000e+01  1.400000e+01  1.074099e-04
 1.400000e+01  1.500000e+01  8.263717e-05
 1.500000e+01  1.600000e+01  5.614824e-05
 1.600000e+01  1.700000e+01  5.551082e-05
 1.700000e+01  1.800000e+01  3.773942e-05
 1.800000e+01  1.900000e+01  3.263784e-05
 1.900000e+01  2.000000e+01  2.824287e-05
 2.000000e+01  2.100000e+01  2.057692e-05
 2.100000e+01  2.200000e+01  1.796266e-05
 2.200000e+01  2.300000e+01  1.474704e-05
 2.300000e+01  2.400000e+01  1.035565e-05
 2.400000e+01  2.500000e+01  7.725429e-06
 2.500000e+01  2.600000e+01  7.911548e-06
 2.600000e+01  2.700000e+01  7.257050e-06
 2.700000e+01  2.800000e+01  5.602895e-06
 2.800000e+01  2.900000e+01  4.866198e-06
 2.900000e+01  3.000000e+01  3.359107e-06
 3.000000e+01  3.100000e+01  3.098763e-06
 3.100000e+01  3.200000e+01  3.492550e-06
 3.200000e+01  3.300000e+01  2.237551e-06
 3.300000e+01  3.400000e+01  1.675134e-06
 3.400000e+01  3.500000e+01  1.374382e-06
 3.500000e+01  3.600000e+01  1.381930e-06
 3.600000e+01  3.700000e+01  7.941155e-07
 3.700000e+01  3.800000e+01  1.164654e-06
 3.800000e+01  3.900000e+01  5.032077e-07
 3.900000e+01  4.000000e+01  4.743247e-07
