 0.000000e+00  1.000000e+00  0.000000e+00
 1.000000e+00  2.000000e+00  0.000000e+00
 2.000000e+00  3.000000e+00  0.000000e+00
 3.000000e+00  4.000000e+00  0.000000e+00
 4.000000e+00  5.000000e+00  0.000000e+00
 5.000000e+00  6.000000e+00  0.000000e+00
 6.000000e+00  7.000000e+00  0.000000e+00
 7.000000e+00  8.000000e+00  0.000000e+00
 8.000000e+00  9.000000e+00  0.000000e+00
 9.000000e+00  1.000000e+01  4.298539e-05
 1.000000e+01  1.100000e+01  1.607557e-04
 1.100000e+01  1.200000e+01  1.844965e-04
 1.200000e+01  1.300000e+01  1.778617e-04
 1.300000e+01  1.400000e+01  1.586372e-04
 1.400000e+01  1.500000e+01  1.370754e-04
 1.500000e+01  1.600000e+01  1.168847e-04
 1.600000e+01  1.700000e+01  9.906981e-05
 1.700000e+01  1.800000e+01  8.331129e-05
 1.800000e+01  1.900000e+01  7.041520e-05
 1.900000e+01  2.000000e+01  5.967375e-05
 2.000000e+01  2.100000e+01  5.047004e-05
 2.100000e+01  2.200000e+01  4.320493e-05
 2.200000e+01  2.300000e+01  3.632339e-05
 2.300000e+01  2.400000e+01  3.122719e-05
 2.400000e+01  2.500000e+01  2.689684e-05
 2.500000e+01  2.600000e+01  2.289997e-05
 2.600000e+01  2.700000e+01  1.997613e-05
 2.700000e+01  2.800000e+01  1.676289e-05
 2.800000e+01  2.900000e+01  1.472297e-05
 2.900000e+01  3.000000e+01  1.272052e-05
 3.000000e+01  3.100000e+01  1.080068e-05
 3.100000e+01  3.200000e+01  9.472171e-06
 3.200000e+01  3.300000e+01  8.243817e-06
 3.300000e+01  3.400000e+01  6.990175e-06
 3.400000e+01  3.500000e+01  6.166490e-06
 3.500000e+01  3.600000e+01  5.305687e-06
 3.600000e+01  3.700000e+01  4.571095e-06
 3.700000e+01  3.800000e+01  4.021379e-06
 3.800000e+01  3.900000e+01  3.509849e-06
 3.900000e+01  4.000000e+01  3.012836e-06
