 0.000000e+00  1.000000e+00  0.000000e+00
 1.000000e+00  2.000000e+00  0.000000e+00
 2.000000e+00  3.000000e+00  0.000000e+00
 3.000000e+00  4.000000e+00  0.000000e+00
 4.000000e+00  5.000000e+00  0.000000e+00
 5.000000e+00  6.000000e+00  0.000000e+00
 6.000000e+00  7.000000e+00  0.000000e+00
 7.000000e+00  8.000000e+00  0.000000e+00
 8.000000e+00  9.000000e+00  0.000000e+00
 9.000000e+00  1.000000e+01  7.761623e-05
 1.000000e+01  1.100000e+01  2.909741e-04
 1.100000e+01  1.200000e+01  3.402241e-04
 1.200000e+01  1.300000e+01  3.318595e-04
 1.300000e+01  1.400000e+01  2.993860e-04
 1.400000e+01  1.500000e+01  2.619107e-04
 1.500000e+01  1.600000e+01  2.266514e-04
 1.600000e+01  1.700000e+01  1.940848e-04
 1.700000e+01  1.800000e+01  1.658369e-04
 1.800000e+01  1.900000e+01  1.430828e-04
 1.900000e+01  2.000000e+01  1.228659e-04
 2.000000e+01  2.100000e+01  1.065752e-04
 2.100000e+01  2.200000e+01  9.171666e-05
 2.200000e+01  2.300000e+01  7.912580e-05
 2.300000e+01  2.400000e+01  6.913664e-05
 2.400000e+01  2.500000e+01  6.042976e-05
 2.500000e+01  2.600000e+01  5.258095e-05
 2.600000e+01  2.700000e+01  4.653706e-05
 2.700000e+01  2.800000e+01  4.130051e-05
 2.800000e+01  2.900000e+01  3.633991e-05
 2.900000e+01  3.000000e+01  3.267668e-05
 3.000000e+01  3.100000e+01  2.882338e-05
 3.100000e+01  3.200000e+01  2.592142e-05
 3.200000e+01  3.300000e+01  2.336148e-05
 3.300000e+01  3.400000e+01  2.093342e-05
 3.400000e+01  3.500000e+01  1.864689e-05
 3.500000e+01  3.600000e+01  1.698062e-05
 3.600000e+01  3.700000e+01  1.542945e-05
 3.700000e+01  3.800000e+01  1.399350e-05
 3.800000e+01  3.900000e+01  1.247244e-05
 3.900000e+01  4.000000e+01  1.144788e-05
