 0.000000e+00  1.000000e+00  0.000000e+00
 1.000000e+00  2.000000e+00  0.000000e+00
 2.000000e+00  3.000000e+00  0.000000e+00
 3.000000e+00  4.000000e+00  0.000000e+00
 4.000000e+00  5.000000e+00  0.000000e+00
 5.000000e+00  6.000000e+00  0.000000e+00
 6.000000e+00  7.000000e+00  0.000000e+00
 7.000000e+00  8.000000e+00  0.000000e+00
 8.000000e+00  9.000000e+00  0.000000e+00
 9.000000e+00  1.000000e+01  6.059146e-05
 1.000000e+01  1.100000e+01  2.167923e-04
 1.100000e+01  1.200000e+01  2.690122e-04
 1.200000e+01  1.300000e+01  2.863290e-04
 1.300000e+01  1.400000e+01  2.470370e-04
 1.400000e+01  1.500000e+01  1.986970e-04
 1.500000e+01  1.600000e+01  1.820138e-04
 1.600000e+01  1.700000e+01  1.605787e-04
 1.700000e+01  1.800000e+01  1.357218e-04
 1.800000e+01  1.900000e+01  1.162624e-04
 1.900000e+01  2.000000e+01  9.555568e-05
 2.000000e+01  2.100000e+01  8.159681e-05
 2.100000e+01  2.200000e+01  6.282120e-05
 2.200000e+01  2.300000e+01  5.403731e-05
 2.300000e+01  2.400000e+01  4.981369e-05
 2.400000e+01  2.500000e+01  2.828886e-05
 2.500000e+01  2.600000e+01  3.682838e-05
 2.600000e+01  2.700000e+01  2.962973e-05
 2.700000e+01  2.800000e+01  2.993261e-05
 2.800000e+01  2.900000e+01  2.440486e-05
 2.900000e+01  3.000000e+01  2.497755e-05
 3.000000e+01  3.100000e+01  2.025864e-05
 3.100000e+01  3.200000e+01  1.581707e-05
 3.200000e+01  3.300000e+01  1.757882e-05
 3.300000e+01  3.400000e+01  1.263185e-05
 3.400000e+01  3.500000e+01  1.027599e-05
 3.500000e+01  3.600000e+01  7.951701e-06
 3.600000e+01  3.700000e+01  8.666544e-06
 3.700000e+01  3.800000e+01  7.449396e-06
 3.800000e+01  3.900000e+01  8.297019e-06
 3.900000e+01  4.000000e+01  6.041308e-06
