 0.000000e+00  1.000000e+00  0.000000e+00
 1.000000e+00  2.000000e+00  0.000000e+00
 2.000000e+00  3.000000e+00  0.000000e+00
 3.000000e+00  4.000000e+00  1.673224e-02
 4.000000e+00  5.000000e+00  2.344650e-02
 5.000000e+00  6.000000e+00  2.017571e-02
 6.000000e+00  7.000000e+00  1.550437e-02
 7.000000e+00  8.000000e+00  1.152491e-02
 8.000000e+00  9.000000e+00  8.594209e-03
 9.000000e+00  1.000000e+01  6.465604e-03
 1.000000e+01  1.100000e+01  4.901745e-03
 1.100000e+01  1.200000e+01  3.776118e-03
 1.200000e+01  1.300000e+01  2.946705e-03
 1.300000e+01  1.400000e+01  2.344546e-03
 1.400000e+01  1.500000e+01  1.874331e-03
 1.500000e+01  1.600000e+01  1.517818e-03
 1.600000e+01  1.700000e+01  1.240098e-03
 1.700000e+01  1.800000e+01  1.011283e-03
 1.800000e+01  1.900000e+01  8.577957e-04
 1.900000e+01  2.000000e+01  7.137043e-04
 2.000000e+01  2.100000e+01  5.992316e-04
 2.100000e+01  2.200000e+01  5.069652e-04
 2.200000e+01  2.300000e+01  4.271829e-04
 2.300000e+01  2.400000e+01  3.698613e-04
 2.400000e+01  2.500000e+01  3.247007e-04
 2.500000e+01  2.600000e+01  2.766726e-04
 2.600000e+01  2.700000e+01  2.388177e-04
 2.700000e+01  2.800000e+01  2.059375e-04
 2.800000e+01  2.900000e+01  1.847527e-04
 2.900000e+01  3.000000e+01  1.662214e-04
 3.000000e+01  3.100000e+01  1.403896e-04
 3.100000e+01  3.200000e+01  1.259948e-04
 3.200000e+01  3.300000e+01  1.098348e-04
 3.300000e+01  3.400000e+01  9.724137e-05
 3.400000e+01  3.500000e+01  8.842746e-05
 3.500000e+01  3.600000e+01  7.967739e-05
 3.600000e+01  3.700000e+01  6.481470e-05
 3.700000e+01  3.800000e+01  6.484917e-05
 3.800000e+01  3.900000e+01  5.479570e-05
 3.900000e+01  4.000000e+01  4.780517e-05
