 0.000000e+00  1.000000e+00  0.000000e+00
 1.000000e+00  2.000000e+00  0.000000e+00
 2.000000e+00  3.000000e+00  0.000000e+00
 3.000000e+00  4.000000e+00  1.685288e-02
 4.000000e+00  5.000000e+00  2.846166e-02
 5.000000e+00  6.000000e+00  2.914826e-02
 6.000000e+00  7.000000e+00  2.556471e-02
 7.000000e+00  8.000000e+00  2.094080e-02
 8.000000e+00  9.000000e+00  1.681412e-02
 9.000000e+00  1.000000e+01  1.341094e-02
 1.000000e+01  1.100000e+01  1.062339e-02
 1.100000e+01  1.200000e+01  8.526298e-03
 1.200000e+01  1.300000e+01  6.841347e-03
 1.300000e+01  1.400000e+01  5.565976e-03
 1.400000e+01  1.500000e+01  4.547704e-03
 1.500000e+01  1.600000e+01  3.792601e-03
 1.600000e+01  1.700000e+01  3.116007e-03
 1.700000e+01  1.800000e+01  2.616040e-03
 1.800000e+01  1.900000e+01  2.208184e-03
 1.900000e+01  2.000000e+01  1.868672e-03
 2.000000e+01  2.100000e+01  1.584238e-03
 2.100000e+01  2.200000e+01  1.368277e-03
 2.200000e+01  2.300000e+01  1.181509e-03
 2.300000e+01  2.400000e+01  1.017824e-03
 2.400000e+01  2.500000e+01  8.887347e-04
 2.500000e+01  2.600000e+01  7.812855e-04
 2.600000e+01  2.700000e+01  6.807495e-04
 2.700000e+01  2.800000e+01  6.016202e-04
 2.800000e+01  2.900000e+01  5.327595e-04
 2.900000e+01  3.000000e+01  4.719972e-04
 3.000000e+01  3.100000e+01  4.103944e-04
 3.100000e+01  3.200000e+01  3.712154e-04
 3.200000e+01  3.300000e+01  3.260839e-04
 3.300000e+01  3.400000e+01  2.946895e-04
 3.400000e+01  3.500000e+01  2.600678e-04
 3.500000e+01  3.600000e+01  2.395919e-04
 3.600000e+01  3.700000e+01  2.200687e-04
 3.700000e+01  3.800000e+01  1.951414e-04
 3.800000e+01  3.900000e+01  1.791093e-04
 3.900000e+01  4.000000e+01  1.615571e-04
