 0.000000e+00  1.000000e+00  0.000000e+00
 1.000000e+00  2.000000e+00  0.000000e+00
 2.000000e+00  3.000000e+00  0.000000e+00
 3.000000e+00  4.000000e+00  1.377622e-02
 4.000000e+00  5.000000e+00  1.829125e-02
 5.000000e+00  6.000000e+00  1.499148e-02
 6.000000e+00  7.000000e+00  1.138202e-02
 7.000000e+00  8.000000e+00  8.200737e-03
 8.000000e+00  9.000000e+00  6.232736e-03
 9.000000e+00  1.000000e+01  4.552217e-03
 1.000000e+01  1.100000e+01  3.417020e-03
 1.100000e+01  1.200000e+01  2.599901e-03
 1.200000e+01  1.300000e+01  2.006114e-03
 1.300000e+01  1.400000e+01  1.572999e-03
 1.400000e+01  1.500000e+01  1.273853e-03
 1.500000e+01  1.600000e+01  1.035866e-03
 1.600000e+01  1.700000e+01  7.855638e-04
 1.700000e+01  1.800000e+01  6.670423e-04
 1.800000e+01  1.900000e+01  5.354307e-04
 1.900000e+01  2.000000e+01  4.436698e-04
 2.000000e+01  2.100000e+01  3.683867e-04
 2.100000e+01  2.200000e+01  2.976611e-04
 2.200000e+01  2.300000e+01  2.520451e-04
 2.300000e+01  2.400000e+01  2.342091e-04
 2.400000e+01  2.500000e+01  1.792752e-04
 2.500000e+01  2.600000e+01  1.542416e-04
 2.600000e+01  2.700000e+01  1.307434e-04
 2.700000e+01  2.800000e+01  1.093095e-04
 2.800000e+01  2.900000e+01  9.249652e-05
 2.900000e+01  3.000000e+01  8.726043e-05
 3.000000e+01  3.100000e+01  6.619504e-05
 3.100000e+01  3.200000e+01  6.735191e-05
 3.200000e+01  3.300000e+01  6.228535e-05
 3.300000e+01  3.400000e+01  4.209562e-05
 3.400000e+01  3.500000e+01  3.733505e-05
 3.500000e+01  3.600000e+01  2.789927e-05
 3.600000e+01  3.700000e+01  2.509502e-05
 3.700000e+01  3.800000e+01  2.739210e-05
 3.800000e+01  3.900000e+01  2.355219e-05
 3.900000e+01  4.000000e+01  2.215447e-05
