 0.000000e+00  1.000000e+00  0.000000e+00
 1.000000e+00  2.000000e+00  0.000000e+00
 2.000000e+00  3.000000e+00  0.000000e+00
 3.000000e+00  4.000000e+00  0.000000e+00
 4.000000e+00  5.000000e+00  0.000000e+00
 5.000000e+00  6.000000e+00  0.000000e+00
 6.000000e+00  7.000000e+00  0.000000e+00
 7.000000e+00  8.000000e+00  0.000000e+00
 8.000000e+00  9.000000e+00  0.000000e+00
 9.000000e+00  1.000000e+01  5.790544e-05
 1.000000e+01  1.100000e+01  2.265113e-04
 1.100000e+01  1.200000e+01  2.615477e-04
 1.200000e+01  1.300000e+01  2.525803e-04
 1.300000e+01  1.400000e+01  2.284262e-04
 1.400000e+01  1.500000e+01  1.987264e-04
 1.500000e+01  1.600000e+01  1.735805e-04
 1.600000e+01  1.700000e+01  1.475569e-04
 1.700000e+01  1.800000e+01  1.230822e-04
 1.800000e+01  1.900000e+01  1.060649e-04
 1.900000e+01  2.000000e+01  9.169979e-05
 2.000000e+01  2.100000e+01  7.671260e-05
 2.100000e+01  2.200000e+01  6.660938e-05
 2.200000e+01  2.300000e+01  5.753277e-05
 2.300000e+01  2.400000e+01  4.958561e-05
 2.400000e+01  2.500000e+01  4.246552e-05
 2.500000e+01  2.600000e+01  3.698207e-05
 2.600000e+01  2.700000e+01  3.145166e-05
 2.700000e+01  2.800000e+01  2.740043e-05
 2.800000e+01  2.900000e+01  2.401162e-05
 2.900000e+01  3.000000e+01  2.161124e-05
 3.000000e+01  3.100000e+01  1.797753e-05
 3.100000e+01  3.200000e+01  1.616838e-05
 3.200000e+01  3.300000e+01  1.426838e-05
 3.300000e+01  3.400000e+01  1.290058e-05
 3.400000e+01  3.500000e+01  1.119800e-05
 3.500000e+01  3.600000e+01  1.028397e-05
 3.600000e+01  3.700000e+01  8.193146e-06
 3.700000e+01  3.800000e+01  8.006749e-06
 3.800000e+01  3.900000e+01  6.400472e-06
 3.900000e+01  4.000000e+01  6.485260e-06
