 0.000000e+00  1.000000e+00  0.000000e+00
 1.000000e+00  2.000000e+00  0.000000e+00
 2.000000e+00  3.000000e+00  0.000000e+00
 3.000000e+00  4.000000e+00  1.396347e-02
 4.000000e+00  5.000000e+00  1.834793e-02
 5.000000e+00  6.000000e+00  1.632043e-02
 6.000000e+00  7.000000e+00  1.384848e-02
 7.000000e+00  8.000000e+00  1.122850e-02
 8.000000e+00  9.000000e+00  8.982535e-03
 9.000000e+00  1.000000e+01  7.131599e-03
 1.000000e+01  1.100000e+01  5.820260e-03
 1.100000e+01  1.200000e+01  4.645162e-03
 1.200000e+01  1.300000e+01  3.740016e-03
 1.300000e+01  1.400000e+01  3.077800e-03
 1.400000e+01  1.500000e+01  2.499322e-03
 1.500000e+01  1.600000e+01  1.977829e-03
 1.600000e+01  1.700000e+01  1.753167e-03
 1.700000e+01  1.800000e+01  1.379331e-03
 1.800000e+01  1.900000e+01  1.178448e-03
 1.900000e+01  2.000000e+01  1.024327e-03
 2.000000e+01  2.100000e+01  8.474256e-04
 2.100000e+01  2.200000e+01  8.598309e-04
 2.200000e+01  2.300000e+01  5.233886e-04
 2.300000e+01  2.400000e+01  5.496775e-04
 2.400000e+01  2.500000e+01  4.664835e-04
 2.500000e+01  2.600000e+01  4.080887e-04
 2.600000e+01  2.700000e+01  3.726897e-04
 2.700000e+01  2.800000e+01  2.935295e-04
 2.800000e+01  2.900000e+01  2.723614e-04
 2.900000e+01  3.000000e+01  2.337176e-04
 3.000000e+01  3.100000e+01  2.145501e-04
 3.100000e+01  3.200000e+01  1.734478e-04
 3.200000e+01  3.300000e+01  1.715720e-04
 3.300000e+01  3.400000e+01  1.288800e-04
 3.400000e+01  3.500000e+01  1.076320e-04
 3.500000e+01  3.600000e+01  1.113123e-04
 3.600000e+01  3.700000e+01  1.032231e-04
 3.700000e+01  3.800000e+01  8.835528e-05
 3.800000e+01  3.900000e+01  9.335217e-05
 3.900000e+01  4.000000e+01  6.650167e-05
