 0.000000e+00  1.000000e+00  0.000000e+00
 1.000000e+00  2.000000e+00  0.000000e+00
 2.000000e+00  3.000000e+00  0.000000e+00
 3.000000e+00  4.000000e+00  1.710525e-02
 4.000000e+00  5.000000e+00  2.096249e-02
 5.000000e+00  6.000000e+00  1.810433e-02
 6.000000e+00  7.000000e+00  1.466158e-02
 7.000000e+00  8.000000e+00  1.156647e-02
 8.000000e+00  9.000000e+00  9.035934e-03
 9.000000e+00  1.000000e+01  7.096349e-03
 1.000000e+01  1.100000e+01  5.576526e-03
 1.100000e+01  1.200000e+01  4.467265e-03
 1.200000e+01  1.300000e+01  3.587300e-03
 1.300000e+01  1.400000e+01  2.885775e-03
 1.400000e+01  1.500000e+01  2.344554e-03
 1.500000e+01  1.600000e+01  1.948224e-03
 1.600000e+01  1.700000e+01  1.619411e-03
 1.700000e+01  1.800000e+01  1.333480e-03
 1.800000e+01  1.900000e+01  1.130558e-03
 1.900000e+01  2.000000e+01  9.478666e-04
 2.000000e+01  2.100000e+01  7.945046e-04
 2.100000e+01  2.200000e+01  6.958307e-04
 2.200000e+01  2.300000e+01  5.943917e-04
 2.300000e+01  2.400000e+01  5.184785e-04
 2.400000e+01  2.500000e+01  4.494877e-04
 2.500000e+01  2.600000e+01  4.027789e-04
 2.600000e+01  2.700000e+01  3.456027e-04
 2.700000e+01  2.800000e+01  3.056278e-04
 2.800000e+01  2.900000e+01  2.775703e-04
 2.900000e+01  3.000000e+01  2.415164e-04
 3.000000e+01  3.100000e+01  2.109593e-04
 3.100000e+01  3.200000e+01  1.902705e-04
 3.200000e+01  3.300000e+01  1.671682e-04
 3.300000e+01  3.400000e+01  1.540994e-04
 3.400000e+01  3.500000e+01  1.348238e-04
 3.500000e+01  3.600000e+01  1.221868e-04
 3.600000e+01  3.700000e+01  1.128601e-04
 3.700000e+01  3.800000e+01  9.926457e-05
 3.800000e+01  3.900000e+01  9.046911e-05
 3.900000e+01  4.000000e+01  8.105271e-05
