 0.000000e+00  1.000000e+00  0.000000e+00
 1.000000e+00  2.000000e+00  0.000000e+00
 2.000000e+00  3.000000e+00  0.000000e+00
 3.000000e+00  4.000000e+00  0.000000e+00
 4.000000e+00  5.000000e+00  0.000000e+00
 5.000000e+00  6.000000e+00  0.000000e+00
 6.000000e+00  7.000000e+00  0.000000e+00
 7.000000e+00  8.000000e+00  0.000000e+00
 8.000000e+00  9.000000e+00  0.000000e+00
 9.000000e+00  1.000000e+01  5.489515e-06
 1.000000e+01  1.100000e+01  3.883648e-05
 1.100000e+01  1.200000e+01  5.878151e-05
 1.200000e+01  1.300000e+01  6.308153e-05
 1.300000e+01  1.400000e+01  5.778694e-05
 1.400000e+01  1.500000e+01  4.989924e-05
 1.500000e+01  1.600000e+01  4.176043e-05
 1.600000e+01  1.700000e+01  3.330862e-05
 1.700000e+01  1.800000e+01  2.769555e-05
 1.800000e+01  1.900000e+01  2.232851e-05
 1.900000e+01  2.000000e+01  1.740274e-05
 2.000000e+01  2.100000e+01  1.416790e-05
 2.100000e+01  2.200000e+01  1.138800e-05
 2.200000e+01  2.300000e+01  9.014514e-06
 2.300000e+01  2.400000e+01  7.425735e-06
 2.400000e+01  2.500000e+01  6.050935e-06
 2.500000e+01  2.600000e+01  4.974922e-06
 2.600000e+01  2.700000e+01  3.905550e-06
 2.700000e+01  2.800000e+01  3.270351e-06
 2.800000e+01  2.900000e+01  2.770843e-06
 2.900000e+01  3.000000e+01  2.280861e-06
 3.000000e+01  3.100000e+01  1.823723e-06
 3.100000e+01  3.200000e+01  1.601312e-06
 3.200000e+01  3.300000e+01  1.291470e-06
 3.300000e+01  3.400000e+01  1.144117e-06
 3.400000e+01  3.500000e+01  9.925704e-07
 3.500000e+01  3.600000e+01  8.373015e-07
 3.600000e+01  3.700000e+01  6.827245e-07
 3.700000e+01  3.800000e+01  6.035351e-07
 3.800000e+01  3.900000e+01  5.005519e-07
 3.900000e+01  4.000000e+01  4.156483e-07
