 0.000000e+00  1.000000e+00  0.000000e+00
 1.000000e+00  2.000000e+00  0.000000e+00
 2.000000e+00  3.000000e+00  0.000000e+00
 3.000000e+00  4.000000e+00  0.000000e+00
 4.000000e+00  5.000000e+00  0.000000e+00
 5.000000e+00  6.000000e+00  0.000000e+00
 6.000000e+00  7.000000e+00  0.000000e+00
 7.000000e+00  8.000000e+00  0.000000e+00
 8.000000e+00  9.000000e+00  0.000000e+00
 9.000000e+00  1.000000e+01  1.273944e-05
 1.000000e+01  1.100000e+01  9.766651e-05
 1.100000e+01  1.200000e+01  1.616594e-04
 1.200000e+01  1.300000e+01  1.820379e-04
 1.300000e+01  1.400000e+01  1.821747e-04
 1.400000e+01  1.500000e+01  1.647087e-04
 1.500000e+01  1.600000e+01  1.459509e-04
 1.600000e+01  1.700000e+01  1.210047e-04
 1.700000e+01  1.800000e+01  1.054757e-04
 1.800000e+01  1.900000e+01  8.847881e-05
 1.900000e+01  2.000000e+01  7.136114e-05
 2.000000e+01  2.100000e+01  5.938550e-05
 2.100000e+01  2.200000e+01  4.891498e-05
 2.200000e+01  2.300000e+01  4.087763e-05
 2.300000e+01  2.400000e+01  3.393866e-05
 2.400000e+01  2.500000e+01  2.833525e-05
 2.500000e+01  2.600000e+01  2.128912e-05
 2.600000e+01  2.700000e+01  1.940910e-05
 2.700000e+01  2.800000e+01  1.552631e-05
 2.800000e+01  2.900000e+01  1.293812e-05
 2.900000e+01  3.000000e+01  1.163259e-05
 3.000000e+01  3.100000e+01  9.536714e-06
 3.100000e+01  3.200000e+01  7.920566e-06
 3.200000e+01  3.300000e+01  7.043555e-06
 3.300000e+01  3.400000e+01  5.949679e-06
 3.400000e+01  3.500000e+01  4.975482e-06
 3.500000e+01  3.600000e+01  4.535144e-06
 3.600000e+01  3.700000e+01  3.713173e-06
 3.700000e+01  3.800000e+01  3.068690e-06
 3.800000e+01  3.900000e+01  2.745038e-06
 3.900000e+01  4.000000e+01  2.325451e-06
