 0.000000e+00  1.000000e+00  0.000000e+00
 1.000000e+00  2.000000e+00  0.000000e+00
 2.000000e+00  3.000000e+00  0.000000e+00
 3.000000e+00  4.000000e+00  2.117726e-03
 4.000000e+00  5.000000e+00  5.912191e-03
 5.000000e+00  6.000000e+00  7.756146e-03
 6.000000e+00  7.000000e+00  8.613112e-03
 7.000000e+00  8.000000e+00  7.417896e-03
 8.000000e+00  9.000000e+00  6.302018e-03
 9.000000e+00  1.000000e+01  5.289217e-03
 1.000000e+01  1.100000e+01  4.420122e-03
 1.100000e+01  1.200000e+01  3.168604e-03
 1.200000e+01  1.300000e+01  2.484728e-03
 1.300000e+01  1.400000e+01  1.867125e-03
 1.400000e+01  1.500000e+01  1.557063e-03
 1.500000e+01  1.600000e+01  1.108335e-03
 1.600000e+01  1.700000e+01  8.259875e-04
 1.700000e+01  1.800000e+01  7.546068e-04
 1.800000e+01  1.900000e+01  5.347871e-04
 1.900000e+01  2.000000e+01  4.287755e-04
 2.000000e+01  2.100000e+01  3.691162e-04
 2.100000e+01  2.200000e+01  2.489787e-04
 2.200000e+01  2.300000e+01  2.273896e-04
 2.300000e+01  2.400000e+01  1.734645e-04
 2.400000e+01  2.500000e+01  1.362200e-04
 2.500000e+01  2.600000e+01  1.321409e-04
 2.600000e+01  2.700000e+01  1.059713e-04
 2.700000e+01  2.800000e+01  1.041640e-04
 2.800000e+01  2.900000e+01  7.971408e-05
 2.900000e+01  3.000000e+01  3.244881e-05
 3.000000e+01  3.100000e+01  4.166571e-05
 3.100000e+01  3.200000e+01  4.076189e-05
 3.200000e+01  3.300000e+01  4.235375e-05
 3.300000e+01  3.400000e+01  2.957139e-05
 3.400000e+01  3.500000e+01  2.730430e-05
 3.500000e+01  3.600000e+01  3.216818e-05
 3.600000e+01  3.700000e+01  1.811682e-05
 3.700000e+01  3.800000e+01  1.565388e-05
 3.800000e+01  3.900000e+01  1.268143e-05
 3.900000e+01  4.000000e+01  1.511676e-05
