 -0.0017968  0.0000440 -0.0000100  0.0009151 -0.0036857  0.0007718
 -0.0021982  0.0001725 -0.0000397  0.0008800 -0.0045140  0.0008619
 -0.0023697  0.0002692 -0.0000613  0.0007950 -0.0048644  0.0008704
 -0.0025129  0.0003759 -0.0000859  0.0006837 -0.0051525  0.0008594
 -0.0026412  0.0004947 -0.0001143  0.0005494 -0.0054052  0.0008339
 -0.0027868  0.0006587 -0.0001548  0.0003549 -0.0056827  0.0007858
 -0.0029674  0.0009079 -0.0002187  0.0000507 -0.0060084  0.0006977
 -0.0031695  0.0012458 -0.0003086 -0.0003676 -0.0063409  0.0005645
 -0.0033977  0.0016927 -0.0004306 -0.0009216 -0.0066673  0.0003789
 -0.0036714  0.0022948 -0.0005956 -0.0016629 -0.0069842  0.0001252
 -0.0039514  0.0029523 -0.0007712 -0.0024649 -0.0072285 -0.0001494
 -0.0043220  0.0038383 -0.0009895 -0.0035360 -0.0074460 -0.0005110
 -0.0048799  0.0051331 -0.0012453 -0.0050942 -0.0076037 -0.0010217
 -0.0056580  0.0067852 -0.0014006 -0.0071020 -0.0076020 -0.0016506
 -0.0067452  0.0087741 -0.0011847 -0.0096194 -0.0073490 -0.0023945
 -0.0083124  0.0110750  0.0000109 -0.0128420 -0.0067053 -0.0032807
 -0.0101310  0.0130640  0.0026764 -0.0162350 -0.0057303 -0.0041398
 -0.0126910  0.0148470  0.0087739 -0.0207530 -0.0041168 -0.0051696
 -0.0164690  0.0155810  0.0233430 -0.0275660 -0.0013991 -0.0064794
 -0.0209580  0.0134150  0.0523900 -0.0372420  0.0022668 -0.0078613
 -0.0241030  0.0091462  0.0866170 -0.0468300  0.0052219 -0.0087399
 -0.0264890  0.0022526  0.1357500 -0.0596030  0.0080346 -0.0092011
 -0.0272150 -0.0045364  0.1851300 -0.0720820  0.0097143 -0.0087318
 -0.0264260 -0.0116220  0.2433900 -0.0866340  0.0105630 -0.0064079
 -0.0244010 -0.0165890  0.2952800 -0.0993430  0.0104200 -0.0015306
 -0.0216880 -0.0194160  0.3395200 -0.1096900  0.0096464  0.0064417
 -0.0186880 -0.0203960  0.3757500 -0.1173900  0.0085257  0.0176890
 -0.0156800 -0.0199450  0.4040800 -0.1223500  0.0072636  0.0318950
 -0.0128470 -0.0184930  0.4248900 -0.1246500  0.0060011  0.0482290
 -0.0102950 -0.0164310  0.4386800 -0.1244800  0.0048271  0.0654590
 -0.0080762 -0.0140790  0.4459900 -0.1221100  0.0037908  0.0821200
 -0.0062037 -0.0116810  0.4473500 -0.1178700  0.0029123  0.0967400
 -0.0002172 -0.0011244  0.1569100 -0.0327600  0.0009188  0.0173420
 -0.0001211 -0.0007886  0.1398300 -0.0279350  0.0006404  0.0134510
 -0.0000646 -0.0005412  0.1233900 -0.0235570  0.0004364  0.0103260
 -0.0000328 -0.0003635  0.1078000 -0.0196450  0.0002904  0.0078448
 -0.0000071 -0.0001532  0.0797590 -0.0131970  0.0001191  0.0043823
 -0.0000012 -0.0000584  0.0563890 -0.0084357  0.0000435  0.0023387
 -0.0000002 -0.0000197  0.0378420 -0.0050961  0.0000140  0.0011866
  0.0000000 -0.0000057  0.0238710 -0.0028790  0.0000039  0.0005672
  0.0000000 -0.0000013  0.0139540 -0.0014973  0.0000009  0.0002514
  0.0000000 -0.0000002  0.0073996 -0.0006999  0.0000002  0.0001005
  0.0000000  0.0000000  0.0034421 -0.0002831  0.0000000  0.0000347
  0.0000000  0.0000000  0.0013274 -0.0000930  0.0000000  0.0000096
  0.0000000  0.0000000  0.0003815 -0.0000220  0.0000000  0.0000019
  0.0000000  0.0000000  0.0000643 -0.0000029  0.0000000  0.0000002
  0.0000000  0.0000000  0.0000000  0.0000000  0.0000000  0.0000000
 -0.0017992  0.0000829 -0.0000054  0.0009035 -0.0037073  0.0000004
 -0.0022128  0.0002315 -0.0000237  0.0008383 -0.0045422  0.0000000
 -0.0023933  0.0003389 -0.0000361  0.0007339 -0.0048957 -0.0000001
 -0.0025461  0.0004556 -0.0000502  0.0006028 -0.0051866 -0.0000001
 -0.0026850  0.0005839 -0.0000662  0.0004479 -0.0054417 -0.0000001
 -0.0028447  0.0007594 -0.0000887  0.0002270 -0.0057220 -0.0000001
 -0.0030462  0.0010230 -0.0001236 -0.0001144 -0.0060506  0.0000000
 -0.0032754  0.0013766 -0.0001710 -0.0005789 -0.0063854  0.0000000
 -0.0035379  0.0018393 -0.0002316 -0.0011887 -0.0067128  0.0000000
 -0.0038552  0.0024561 -0.0003056 -0.0019987 -0.0070284  0.0000000
 -0.0041803  0.0031229 -0.0003712 -0.0028697 -0.0072687  0.0000001
 -0.0046080  0.0040125 -0.0004247 -0.0040271 -0.0074776  0.0000004
 -0.0052431  0.0052968 -0.0004056 -0.0057020 -0.0076180  0.0000011
 -0.0061104  0.0069118 -0.0001489 -0.0078498 -0.0075886  0.0000030
 -0.0072927  0.0088220  0.0006660 -0.0105310 -0.0072965  0.0000084
 -0.0089525  0.0109800  0.0027378 -0.0139500 -0.0066026  0.0000230
 -0.0108320  0.0127830  0.0064155 -0.0175370 -0.0055815  0.0000534
 -0.0134140  0.0142930  0.0139080 -0.0222920 -0.0039260  0.0001283
 -0.0171220  0.0146380  0.0304400 -0.0294080 -0.0011932  0.0003392
 -0.0213710  0.0120980  0.0615780 -0.0393730  0.0024155  0.0008709
 -0.0242120  0.0076946  0.0969580 -0.0490740  0.0052675  0.0016812
 -0.0261850  0.0009147  0.1464000 -0.0617430  0.0079283  0.0032753
 -0.0265420 -0.0055386  0.1950000 -0.0738600  0.0094769  0.0056396
 -0.0253950 -0.0120550  0.2511900 -0.0876680  0.0102160  0.0100860
 -0.0231340 -0.0164280  0.3002100 -0.0994050  0.0100260  0.0166690
 -0.0202990 -0.0187370  0.3411400 -0.1086500  0.0092586  0.0256930
 -0.0172750 -0.0193240  0.3738500 -0.1152100  0.0081778  0.0370870
 -0.0143180 -0.0186200  0.3986400 -0.1190800  0.0069733  0.0503430
 -0.0115910 -0.0170510  0.4160100 -0.1203800  0.0057726  0.0645630
 -0.0091799 -0.0149850  0.4265500 -0.1193600  0.0046552  0.0785920
 -0.0071205 -0.0127150  0.4308600 -0.1163000  0.0036650  0.0911910
 -0.0054121 -0.0104570  0.4295200 -0.1115500  0.0028207  0.1012200
 -0.0046651 -0.0094063  0.4432900 -0.1120900  0.0021923  0.1080400
 -0.0034320 -0.0073628  0.4343200 -0.1051200  0.0016190  0.1151000
 -0.0024674 -0.0056056  0.4209500 -0.0972810  0.0011743  0.1174500
 -0.0011826 -0.0029886  0.3830800 -0.0801730  0.0005875  0.1085600
 -0.0005043 -0.0014169  0.3339100 -0.0628070  0.0002759  0.0862680
 -0.0001857 -0.0005889  0.2778500 -0.0466630  0.0001217  0.0588920
 -0.0000561 -0.0002095  0.2193800 -0.0326900  0.0000499  0.0341430
 -0.0000124 -0.0000614  0.1628000 -0.0213720  0.0000186  0.0164000
 -0.0000013 -0.0000139  0.1118800 -0.0128230  0.0000060  0.0062327
  0.0000003 -0.0000022  0.0695340 -0.0068680  0.0000016  0.0017120
  0.0000002 -0.0000002  0.0375300 -0.0031318  0.0000003  0.0002678
  0.0000000  0.0000000  0.0162900 -0.0011111  0.0000000 -0.0000030
  0.0000000  0.0000000  0.0047770 -0.0002502  0.0000000 -0.0000087
  0.0000000  0.0000000  0.0005359 -0.0000193  0.0000000 -0.0000013
  0.0000000  0.0000000  0.0000000  0.0000000  0.0000000  0.0000000
 -0.0018048  0.0001148 -0.0000004  0.0008919 -0.0037293 -0.0007180
 -0.0022330  0.0002780 -0.0000069  0.0007990 -0.0045731 -0.0007377
 -0.0024234  0.0003933 -0.0000100  0.0006766 -0.0049311 -0.0007062
 -0.0025866  0.0005172 -0.0000133  0.0005273 -0.0052259 -0.0006584
 -0.0027364  0.0006526 -0.0000168  0.0003536 -0.0054845 -0.0005982
 -0.0029106  0.0008364 -0.0000214  0.0001084 -0.0057684 -0.0005098
 -0.0031325  0.0011107 -0.0000273 -0.0002668 -0.0061010 -0.0003725
 -0.0033878  0.0014759 -0.0000326 -0.0007732 -0.0064391 -0.0001882
 -0.0036821  0.0019503 -0.0000332 -0.0014337 -0.0067681  0.0000470
 -0.0040389  0.0025777 -0.0000190 -0.0023057 -0.0070826  0.0003470
 -0.0044037  0.0032510  0.0000208 -0.0032388 -0.0073186  0.0006547
 -0.0048806  0.0041420  0.0001234 -0.0044734 -0.0075183  0.0010432
 -0.0055803  0.0054158  0.0003998 -0.0062523 -0.0076404  0.0015708
 -0.0065201  0.0069977  0.0010363 -0.0085239 -0.0075819  0.0022004
 -0.0077765  0.0088397  0.0023953 -0.0113490 -0.0072495  0.0029314
 -0.0095041  0.0108760  0.0052506 -0.0149390 -0.0065046  0.0038015
 -0.0114220  0.0125210  0.0098196 -0.0186920 -0.0054371  0.0046655
 -0.0140060  0.0138040  0.0185200 -0.0236470 -0.0037385  0.0057640
 -0.0176270  0.0138330  0.0367120 -0.0310110 -0.0009862  0.0073593
 -0.0216430  0.0110030  0.0695530 -0.0411970  0.0025781  0.0095767
 -0.0242100  0.0065145  0.1057900 -0.0509600  0.0053444  0.0118060
 -0.0258220 -0.0001351  0.1553300 -0.0634900  0.0078777  0.0150250
 -0.0258700 -0.0062818  0.2030800 -0.0752500  0.0093153  0.0187740
 -0.0244330 -0.0123070  0.2573000 -0.0883700  0.0099596  0.0246050
 -0.0219970 -0.0161880  0.3037300 -0.0992390  0.0097258  0.0320840
 -0.0190860 -0.0180810  0.3417300 -0.1075300  0.0089552  0.0413560
 -0.0160660 -0.0183650  0.3713800 -0.1131200  0.0078991  0.0521990
 -0.0131750 -0.0174790  0.3931300 -0.1160700  0.0067340  0.0640210
 -0.0105540 -0.0158370  0.4075800 -0.1165600  0.0055772  0.0759440
 -0.0082734 -0.0137870  0.4154000 -0.1148400  0.0045014  0.0869450
 -0.0063541 -0.0116010  0.4172200 -0.1112300  0.0035469  0.0960170
 -0.0047845 -0.0094680  0.4136800 -0.1060900  0.0027305  0.1023200
 -0.0040313 -0.0083554  0.4231000 -0.1054300  0.0021236  0.1078200
 -0.0029423 -0.0064961  0.4121400 -0.0982920  0.0015642  0.1104500
 -0.0021030 -0.0049176  0.3971900 -0.0904410  0.0011270  0.1090100
 -0.0010057 -0.0026019  0.3574200 -0.0737140  0.0005461  0.0954010
 -0.0004366 -0.0012322  0.3080500 -0.0571220  0.0002396  0.0725370
 -0.0001695 -0.0005163  0.2533900 -0.0419770  0.0000938  0.0477280
 -0.0000576 -0.0001877  0.1977000 -0.0290760  0.0000321  0.0268420
 -0.0000166 -0.0000575  0.1448700 -0.0187840  0.0000093  0.0126110
 -0.0000039 -0.0000141  0.0982030 -0.0111240  0.0000022  0.0047629
 -0.0000007 -0.0000026  0.0601100 -0.0058716  0.0000004  0.0013571
 -0.0000001 -0.0000003  0.0318760 -0.0026321  0.0000000  0.0002613
  0.0000000  0.0000000  0.0135410 -0.0009144  0.0000000  0.0000275
  0.0000000  0.0000000  0.0038571 -0.0002002  0.0000000  0.0000010
  0.0000000  0.0000000  0.0004144 -0.0000148  0.0000000 -0.0000004
  0.0000000  0.0000000  0.0000000  0.0000000  0.0000000  0.0000000
 -0.0018115  0.0001364  0.0000038  0.0008827 -0.0037479 -0.0012633
 -0.0022529  0.0003084  0.0000071  0.0007684 -0.0046004 -0.0012497
 -0.0024519  0.0004285  0.0000117  0.0006322 -0.0049626 -0.0011667
 -0.0026239  0.0005569  0.0000173  0.0004691 -0.0052610 -0.0010570
 -0.0027828  0.0006966  0.0000240  0.0002810 -0.0055228 -0.0009266
 -0.0029685  0.0008857  0.0000342  0.0000174 -0.0058102 -0.0007425
 -0.0032068  0.0011667  0.0000517 -0.0003835 -0.0061464 -0.0004654
 -0.0034821  0.0015393  0.0000803 -0.0009217 -0.0064873 -0.0001029
 -0.0038006  0.0020213  0.0001278 -0.0016203 -0.0068176  0.0003501
 -0.0041867  0.0026557  0.0002119 -0.0025389 -0.0071309  0.0009176
 -0.0045805  0.0033330  0.0003345 -0.0035184 -0.0073631  0.0014917
 -0.0050924  0.0042245  0.0005589 -0.0048106 -0.0075546  0.0022077
 -0.0058374  0.0054902  0.0010337 -0.0066668 -0.0076609  0.0031693
 -0.0068265  0.0070478  0.0019601 -0.0090300 -0.0075779  0.0043049
 -0.0081316  0.0088403  0.0037294 -0.0119610 -0.0072123  0.0056107
 -0.0099008  0.0107890  0.0071682 -0.0156750 -0.0064258  0.0071492
 -0.0118380  0.0123230  0.0123930 -0.0195480 -0.0053207  0.0086564
 -0.0144120  0.0134450  0.0219690 -0.0246450 -0.0035874  0.0105340
 -0.0179560  0.0132560  0.0413420 -0.0321790 -0.0008179  0.0131610
 -0.0217910  0.0102340  0.0753510 -0.0425070  0.0027163  0.0165880
 -0.0241510  0.0057029  0.1121400 -0.0522940  0.0054217  0.0197860
 -0.0255010 -0.0008345  0.1616200 -0.0646940  0.0078637  0.0240440
 -0.0253310 -0.0067506  0.2086600 -0.0761680  0.0092216  0.0286030
 -0.0236990 -0.0124220  0.2613600 -0.0887630  0.0097965  0.0351310
 -0.0211510 -0.0159600  0.3058300 -0.0989900  0.0095282  0.0429020
 -0.0182010 -0.0175700  0.3416700 -0.1065900  0.0087512  0.0519720
 -0.0151990 -0.0176550  0.3690900 -0.1114900  0.0077078  0.0620520
 -0.0123670 -0.0166550  0.3886600 -0.1137900  0.0065661  0.0725320
 -0.0098305 -0.0149760  0.4010300 -0.1137000  0.0054366  0.0825880
 -0.0076482 -0.0129490  0.4069200 -0.1115100  0.0043877  0.0913200
 -0.0058310 -0.0108290  0.4070200 -0.1075400  0.0034569  0.0978980
 -0.0043602 -0.0087892  0.4019600 -0.1021400  0.0026602  0.1016900
 -0.0035336 -0.0075137  0.4053700 -0.0997320  0.0020541  0.1052900
 -0.0025601 -0.0058063  0.3928700 -0.0924970  0.0015092  0.1047000
 -0.0018194 -0.0043724  0.3767200 -0.0846800  0.0010820  0.1006900
 -0.0008663 -0.0022955  0.3356400 -0.0683440  0.0005133  0.0843170
 -0.0003798 -0.0010835  0.2864000 -0.0524520  0.0002152  0.0618230
 -0.0001521 -0.0004552  0.2332000 -0.0381720  0.0000772  0.0394600
 -0.0000550 -0.0001672  0.1800200 -0.0261760  0.0000223  0.0216550
 -0.0000175 -0.0000523  0.1304400 -0.0167310  0.0000045  0.0100070
 -0.0000048 -0.0000134  0.0873550 -0.0097940  0.0000003  0.0037756
 -0.0000011 -0.0000026  0.0527500 -0.0051028 -0.0000002  0.0011149
 -0.0000002 -0.0000003  0.0275380 -0.0022530 -0.0000001  0.0002465
  0.0000000  0.0000000  0.0114750 -0.0007681  0.0000000  0.0000407
  0.0000000  0.0000000  0.0031855 -0.0001639  0.0000000  0.0000051
  0.0000000  0.0000000  0.0003295 -0.0000117  0.0000000  0.0000000
  0.0000000  0.0000000  0.0000000  0.0000000  0.0000000  0.0000000
 -0.0018255  0.0001635  0.0000108  0.0008684 -0.0037783 -0.0020449
 -0.0022895  0.0003450  0.0000297  0.0007224 -0.0046463 -0.0018978
 -0.0025026  0.0004704  0.0000466  0.0005660 -0.0050161 -0.0016933
 -0.0026885  0.0006038  0.0000661  0.0003824 -0.0053208 -0.0014515
 -0.0028615  0.0007486  0.0000890  0.0001733 -0.0055881 -0.0011797
 -0.0030652  0.0009440  0.0001222 -0.0001173 -0.0058811 -0.0008112
 -0.0033279  0.0012333  0.0001764 -0.0005557 -0.0062231 -0.0002753
 -0.0036328  0.0016153  0.0002573 -0.0011400 -0.0065683  0.0004049
 -0.0039860  0.0021069  0.0003786 -0.0018939 -0.0069001  0.0012336
 -0.0044134  0.0027501  0.0005692 -0.0028799 -0.0072106  0.0022493
 -0.0048472  0.0034326  0.0008170 -0.0039265 -0.0074356  0.0032592
 -0.0054068  0.0043245  0.0012238 -0.0053014 -0.0076132  0.0045007
 -0.0062117  0.0055785  0.0019930 -0.0072680 -0.0076932  0.0061448
 -0.0072643  0.0071021  0.0033447 -0.0097612 -0.0075707  0.0080617
 -0.0086295  0.0088262  0.0057088 -0.0128410 -0.0071525  0.0102410
 -0.0104460  0.0106540  0.0099827 -0.0167280 -0.0063017  0.0127800
 -0.0123980  0.0120350  0.0161330 -0.0207670 -0.0051391  0.0152360
 -0.0149430  0.0129410  0.0269290 -0.0260560 -0.0033528  0.0182420
 -0.0183600  0.0124640  0.0479120 -0.0338150 -0.0005558  0.0223160
 -0.0219230  0.0092022  0.0834490 -0.0443130  0.0029382  0.0273560
 -0.0239870  0.0046350  0.1208700 -0.0541020  0.0055593  0.0317600
 -0.0249740 -0.0017226  0.1701200 -0.0662790  0.0078747  0.0372030
 -0.0245100 -0.0073074  0.2160200 -0.0773150  0.0091213  0.0425610
 -0.0226260 -0.0124910  0.2664500 -0.0891450  0.0095979  0.0495830
 -0.0199470 -0.0155680  0.3081200 -0.0984580  0.0092777  0.0572400
 -0.0169650 -0.0168110  0.3408900 -0.1050800  0.0084863  0.0655170
 -0.0140080 -0.0166470  0.3652100 -0.1090300  0.0074542  0.0740790
 -0.0112710 -0.0155140  0.3817500 -0.1104500  0.0063386  0.0823480
 -0.0088618 -0.0138030  0.3912800 -0.1096000  0.0052418  0.0896180
 -0.0068206 -0.0118240  0.3945800 -0.1067900  0.0042264  0.0951840
 -0.0051458 -0.0098030  0.3923600 -0.1023600  0.0033265  0.0984610
 -0.0038094 -0.0078943  0.3853200 -0.0966530  0.0025565  0.0990740
 -0.0031996 -0.0069399  0.3923800 -0.0956400  0.0019991  0.1023300
 -0.0023051 -0.0053385  0.3788500 -0.0883610  0.0014660  0.0997670
 -0.0016307 -0.0040040  0.3619300 -0.0805930  0.0010476  0.0942630
 -0.0007729 -0.0020889  0.3201000 -0.0645750  0.0004909  0.0765790
 -0.0003403 -0.0009825  0.2711300 -0.0492060  0.0002006  0.0547440
 -0.0001386 -0.0004127  0.2191000 -0.0355520  0.0000683  0.0342110
 -0.0000516 -0.0001522  0.1678100 -0.0241980  0.0000175  0.0184630
 -0.0000172 -0.0000481  0.1205800 -0.0153450  0.0000023  0.0084454
 -0.0000050 -0.0000125  0.0800290 -0.0089055 -0.0000005  0.0031914
 -0.0000012 -0.0000025  0.0478420 -0.0045953 -0.0000004  0.0009681
 -0.0000002 -0.0000003  0.0246870 -0.0020062 -0.0000001  0.0002321
  0.0000000  0.0000000  0.0101410 -0.0006745  0.0000000  0.0000449
  0.0000000  0.0000000  0.0027618 -0.0001413  0.0000000  0.0000066
  0.0000000  0.0000000  0.0002778 -0.0000098  0.0000000  0.0000002
  0.0000000  0.0000000  0.0000000  0.0000000  0.0000000  0.0000000
 -0.0018411  0.0001778  0.0000168  0.0008572 -0.0038048 -0.0025505
 -0.0023236  0.0003640  0.0000487  0.0006878 -0.0046857 -0.0022485
 -0.0025474  0.0004924  0.0000755  0.0005165 -0.0050612 -0.0019308
 -0.0027436  0.0006291  0.0001063  0.0003180 -0.0053706 -0.0015727
 -0.0029268  0.0007772  0.0001419  0.0000936 -0.0056416 -0.0011809
 -0.0031432  0.0009768  0.0001933 -0.0002164 -0.0059384 -0.0006599
 -0.0034230  0.0012717  0.0002761 -0.0006819 -0.0062839  0.0000849
 -0.0037482  0.0016602  0.0003977 -0.0012993 -0.0066312  0.0010164
 -0.0041250  0.0021585  0.0005752 -0.0020928 -0.0069628  0.0021378
 -0.0045800  0.0028080  0.0008464 -0.0031267 -0.0072698  0.0034988
 -0.0050403  0.0034939  0.0011875 -0.0042207 -0.0074881  0.0048416
 -0.0056310  0.0043859  0.0017289 -0.0056538 -0.0076538  0.0064817
 -0.0064744  0.0056314  0.0027124 -0.0076977 -0.0077129  0.0086406
 -0.0075669  0.0071311  0.0043694 -0.0102810 -0.0075603  0.0111430
 -0.0089682  0.0088078  0.0071547 -0.0134630 -0.0071029  0.0139710
 -0.0108100  0.0105530  0.0120120 -0.0174680 -0.0062048  0.0172420
 -0.0127650  0.0118310  0.0187990 -0.0216170 -0.0050007  0.0203790
 -0.0152790  0.0125940  0.0304210 -0.0270330 -0.0031761  0.0241710
 -0.0185970  0.0119300  0.0524690 -0.0349340 -0.0003587  0.0292090
 -0.0219620  0.0085241  0.0889740 -0.0455270  0.0031087  0.0352470
 -0.0238190  0.0039501  0.1267400 -0.0552950  0.0056731  0.0403280
 -0.0245590 -0.0022684  0.1757200 -0.0672890  0.0079032  0.0463410
 -0.0239020 -0.0076199  0.2207400 -0.0780010  0.0090746  0.0519750
 -0.0218590 -0.0124730  0.2695300 -0.0892850  0.0094838  0.0589730
 -0.0191040 -0.0152490  0.3092100 -0.0979620  0.0091264  0.0661880
 -0.0161160 -0.0162590  0.3398700 -0.1039200  0.0083222  0.0735820
 -0.0132000 -0.0159420  0.3620600 -0.1072300  0.0072941  0.0808280
 -0.0105380 -0.0147370  0.3765600 -0.1080700  0.0061926  0.0874000
 -0.0082215 -0.0130170  0.3842000 -0.1067300  0.0051148  0.0926940
 -0.0062796 -0.0110780  0.3857900 -0.1035300  0.0041196  0.0961460
 -0.0047022 -0.0091308  0.3820700 -0.0988120  0.0032390  0.0973330
  0.0000000  0.0000000  0.0000000  0.0000000  0.0000000  0.0000000
 -0.0027694 -0.0061887  0.3740900 -0.0899950  0.0019175  0.0969070
 -0.0019785 -0.0047297  0.3592700 -0.0826950  0.0014022  0.0921030
 -0.0013899 -0.0035266  0.3414200 -0.0750250  0.0009979  0.0850320
 -0.0006534 -0.0018223  0.2988100 -0.0594950  0.0004610  0.0663460
 -0.0002885 -0.0008516  0.2504400 -0.0448750  0.0001833  0.0458460
 -0.0001194 -0.0003567  0.2002100 -0.0320910  0.0000590  0.0278550
 -0.0000459 -0.0001318  0.1516300 -0.0216100  0.0000131  0.0147120
 -0.0000160 -0.0000419  0.1076700 -0.0135500  0.0000005  0.0066505
 -0.0000048 -0.0000110  0.0705440 -0.0077675 -0.0000011  0.0025266
 -0.0000012 -0.0000022  0.0415700 -0.0039530 -0.0000006  0.0007958
 -0.0000002 -0.0000003  0.0210960 -0.0016982 -0.0000002  0.0002087
  0.0000000  0.0000000  0.0084915 -0.0005597  0.0000000  0.0000459
  0.0000000  0.0000000  0.0022500 -0.0001141  0.0000000  0.0000072
  0.0000000  0.0000000  0.0002175 -0.0000076  0.0000000  0.0000003
  0.0000000  0.0000000  0.0000000  0.0000000  0.0000000  0.0000000
 -0.0018795  0.0001971  0.0000300  0.0008340 -0.0038631 -0.0034340
 -0.0024024  0.0003876  0.0000894  0.0006185 -0.0047727 -0.0026751
 -0.0026487  0.0005200  0.0001372  0.0004181 -0.0051607 -0.0020599
 -0.0028660  0.0006612  0.0001917  0.0001905 -0.0054798 -0.0014086
 -0.0030699  0.0008144  0.0002542 -0.0000636 -0.0057588 -0.0007227
 -0.0033114  0.0010207  0.0003435 -0.0004116 -0.0060631  0.0001632
 -0.0036244  0.0013252  0.0004856 -0.0009294 -0.0064153  0.0013957
 -0.0039883  0.0017248  0.0006905 -0.0016108 -0.0067658  0.0028999
 -0.0044088  0.0022350  0.0009829 -0.0024803 -0.0070953  0.0046734
 -0.0049142  0.0028955  0.0014165 -0.0036058 -0.0073928  0.0067872
 -0.0054214  0.0035879  0.0019446 -0.0047901 -0.0075954  0.0088419
 -0.0060661  0.0044800  0.0027529 -0.0063336 -0.0077345  0.0113200
 -0.0069744  0.0057104  0.0041571 -0.0085231 -0.0077481  0.0145400
 -0.0081310  0.0071667  0.0064057 -0.0112750 -0.0075314  0.0182240
 -0.0095859  0.0087574  0.0099962 -0.0146470 -0.0069928  0.0223330
 -0.0114570  0.0103540  0.0159510 -0.0188670 -0.0059986  0.0270140
 -0.0133990  0.0114490  0.0239190 -0.0232150 -0.0047110  0.0314210
 -0.0158350  0.0119600  0.0370440 -0.0288510 -0.0028106  0.0366250
 -0.0189420  0.0109780  0.0609760 -0.0369890  0.0000472  0.0432920
 -0.0219210  0.0073454  0.0990870 -0.0477120  0.0034657  0.0508410
 -0.0233920  0.0027922  0.1373000 -0.0573900  0.0059242  0.0567760
 -0.0236870 -0.0031429  0.1855200 -0.0689860  0.0079949  0.0632680
 -0.0226950 -0.0080589  0.2287300 -0.0790500  0.0090254  0.0688190
 -0.0203960 -0.0123210  0.2743100 -0.0892860  0.0093061  0.0750380
 -0.0175390 -0.0145760  0.3102500 -0.0967770  0.0088739  0.0807560
 -0.0145690 -0.0151980  0.3369700 -0.1015300  0.0080385  0.0859590
 -0.0117550 -0.0146420  0.3552800 -0.1036900  0.0070100  0.0903860
 -0.0092473 -0.0133350  0.3661100 -0.1035200  0.0059274  0.0936540
 -0.0071096 -0.0116250  0.3703800 -0.1013300  0.0048790  0.0953670
 -0.0053522 -0.0097769  0.3689600 -0.0974680  0.0039175  0.0952130
 -0.0039510 -0.0079707  0.3626500 -0.0922910  0.0030706  0.0930280
 -0.0034559 -0.0073131  0.3737500 -0.0929220  0.0024863  0.0960380
 -0.0024953 -0.0057044  0.3614900 -0.0861830  0.0018621  0.0922770
 -0.0017716 -0.0043396  0.3458700 -0.0788920  0.0013590  0.0862880
 -0.0012379 -0.0032222  0.3274900 -0.0713110  0.0009646  0.0784870
 -0.0005779 -0.0016532  0.2845400 -0.0561440  0.0004422  0.0596570
 -0.0002552 -0.0007686  0.2367300 -0.0420480  0.0001734  0.0403260
 -0.0001066 -0.0003210  0.1878300 -0.0298530  0.0000543  0.0240660
 -0.0000416 -0.0001185  0.1411500 -0.0199540  0.0000111  0.0125480
 -0.0000148 -0.0000378  0.0993960 -0.0124130 -0.0000002  0.0056405
 -0.0000046 -0.0000100  0.0645390 -0.0070549 -0.0000013  0.0021575
 -0.0000012 -0.0000021  0.0376530 -0.0035559 -0.0000006  0.0006981
 -0.0000002 -0.0000003  0.0188870 -0.0015104 -0.0000002  0.0001926
  0.0000000  0.0000000  0.0074950 -0.0004910  0.0000000  0.0000446
  0.0000000  0.0000000  0.0019484 -0.0000982  0.0000000  0.0000071
  0.0000000  0.0000000  0.0001833 -0.0000064  0.0000000  0.0000003
  0.0000000  0.0000000  0.0000000  0.0000000  0.0000000  0.0000000
 -0.0019239  0.0002047  0.0000436  0.0008116 -0.0039239 -0.0040890
 -0.0024880  0.0003942  0.0001306  0.0005535 -0.0048635 -0.0027191
 -0.0027562  0.0005283  0.0001994  0.0003264 -0.0052639 -0.0017394
 -0.0029937  0.0006722  0.0002772  0.0000723 -0.0055926 -0.0007414
 -0.0032169  0.0008287  0.0003661 -0.0002090 -0.0058790  0.0002837
 -0.0034814  0.0010399  0.0004925 -0.0005913 -0.0061901  0.0015807
 -0.0038240  0.0013518  0.0006922 -0.0011564 -0.0065477  0.0033497
 -0.0042215  0.0017605  0.0009773 -0.0018953 -0.0068996  0.0054686
 -0.0046791  0.0022809  0.0013795 -0.0028327 -0.0072251  0.0079256
 -0.0052256  0.0029513  0.0019668 -0.0040398 -0.0075108  0.0108100
 -0.0057702  0.0036497  0.0026699 -0.0053040 -0.0076956  0.0135780
 -0.0064566  0.0045429  0.0037256 -0.0069447 -0.0078060  0.0168790
 -0.0074126  0.0057616  0.0055148 -0.0092612 -0.0077727  0.0211180
 -0.0086130  0.0071826  0.0082972 -0.0121590 -0.0074919  0.0259060
 -0.0100990  0.0087024  0.0126030 -0.0156920 -0.0068742  0.0311750
 -0.0119760  0.0101770  0.0195140 -0.0200930 -0.0057887  0.0370840
 -0.0138870  0.0111230  0.0284920 -0.0246040 -0.0044234  0.0425460
 -0.0162350  0.0114320  0.0428710 -0.0304160 -0.0024538  0.0488530
 -0.0191370  0.0102060  0.0683150 -0.0387270  0.0004398  0.0566570
 -0.0217680  0.0064190  0.1076000 -0.0495110  0.0038137  0.0650390
 -0.0229100  0.0019149  0.1459900 -0.0590610  0.0061783  0.0712150
 -0.0228410 -0.0037558  0.1933200 -0.0702530  0.0081089  0.0774630
 -0.0215920 -0.0082994  0.2347700 -0.0797140  0.0090151  0.0823140
 -0.0191110 -0.0120800  0.2774500 -0.0890190  0.0091807  0.0871490
 -0.0162050 -0.0139280  0.3101000 -0.0954920  0.0086783  0.0909870
 -0.0132810 -0.0142620  0.3334500 -0.0992310  0.0078092  0.0938770
 -0.0105770 -0.0135430  0.3485100 -0.1004600  0.0067738  0.0956610
 -0.0082133 -0.0121810  0.3563100 -0.0994750  0.0057017  0.0960950
 -0.0062341 -0.0105030  0.3578500 -0.0966280  0.0046743  0.0949620
 -0.0046336 -0.0087442  0.3540500 -0.0922790  0.0037388  0.0921360
 -0.0033775 -0.0070628  0.3457300 -0.0867790  0.0029198  0.0876240
 -0.0028637 -0.0063198  0.3521900 -0.0861320  0.0023494  0.0888280
 -0.0020405 -0.0048837  0.3382200 -0.0793040  0.0017533  0.0828050
 -0.0014311 -0.0036831  0.3213700 -0.0720820  0.0012744  0.0752990
 -0.0009892 -0.0027130  0.3022000 -0.0647050  0.0009004  0.0667520
 -0.0004549 -0.0013726  0.2589900 -0.0502590  0.0004078  0.0484760
 -0.0002002 -0.0006311  0.2125200 -0.0371390  0.0001571  0.0315390
 -0.0000845 -0.0002614  0.1662500 -0.0260130  0.0000477  0.0182570
 -0.0000337 -0.0000961  0.1231000 -0.0171450  0.0000090  0.0093234
 -0.0000123 -0.0000306  0.0853420 -0.0105070 -0.0000007  0.0041640
 -0.0000040 -0.0000081  0.0544820 -0.0058757 -0.0000014  0.0016174
 -0.0000011 -0.0000017  0.0311900 -0.0029080 -0.0000006  0.0005472
 -0.0000002 -0.0000002  0.0153060 -0.0012092 -0.0000002  0.0001614
  0.0000000  0.0000000  0.0059132 -0.0003829  0.0000000  0.0000393
  0.0000000  0.0000000  0.0014828 -0.0000740  0.0000000  0.0000062
  0.0000000  0.0000000  0.0001325 -0.0000045  0.0000000  0.0000003
  0.0000000  0.0000000  0.0000000  0.0000000  0.0000000  0.0000000
 -0.0019704  0.0002034  0.0000567  0.0007909 -0.0039838 -0.0045080
 -0.0025737  0.0003886  0.0001699  0.0004950 -0.0049520 -0.0024388
 -0.0028620  0.0005230  0.0002584  0.0002445 -0.0053639 -0.0010646
 -0.0031175  0.0006683  0.0003581 -0.0000329 -0.0057011  0.0003000
 -0.0033576  0.0008272  0.0004716 -0.0003379 -0.0059939  0.0016773
 -0.0036419  0.0010423  0.0006324 -0.0007502 -0.0063106  0.0033942
 -0.0040095  0.0013601  0.0008851 -0.0013564 -0.0066718  0.0057017
 -0.0044347  0.0017768  0.0012438 -0.0021451 -0.0070235  0.0084265
 -0.0049221  0.0023061  0.0017457 -0.0031412 -0.0073432  0.0115450
 -0.0055009  0.0029856  0.0024716 -0.0044183 -0.0076157  0.0151630
 -0.0060739  0.0036900  0.0033313 -0.0057508 -0.0077820  0.0185980
 -0.0067909  0.0045852  0.0046064 -0.0074740 -0.0078639  0.0226550
 -0.0077803  0.0057956  0.0067336 -0.0098979 -0.0077853  0.0278110
 -0.0090085  0.0071890  0.0099787 -0.0129180 -0.0074444  0.0335680
 -0.0105100  0.0086523  0.0148950 -0.0165850 -0.0067540  0.0398230
 -0.0123780  0.0100300  0.0226120 -0.0211330 -0.0055864  0.0467330
 -0.0142510  0.0108560  0.0324240 -0.0257740 -0.0041526  0.0530100
 -0.0165090  0.0110080  0.0478200 -0.0317210 -0.0021232  0.0601010
 -0.0192240  0.0095970  0.0744420 -0.0401540  0.0007993  0.0685910
 -0.0215590  0.0057094  0.1145600 -0.0509510  0.0041323  0.0772560
 -0.0224290  0.0012658  0.1529400 -0.0603570  0.0064150  0.0832360
 -0.0220740 -0.0041732  0.1993500 -0.0711700  0.0082249  0.0887930
 -0.0206320 -0.0084106  0.2392100 -0.0800980  0.0090242  0.0926300
 -0.0180300 -0.0118110  0.2793700 -0.0886100  0.0090900  0.0958630
 -0.0151070 -0.0133490  0.3092500 -0.0942370  0.0085251  0.0978050
 -0.0122410 -0.0134730  0.3298200 -0.0971550  0.0076242  0.0985780
 -0.0096412 -0.0126440  0.3422300 -0.0976390  0.0065794  0.0981170
 -0.0074052 -0.0112580  0.3476000 -0.0960270  0.0055133  0.0963000
 -0.0055597 -0.0096193  0.3469900 -0.0926850  0.0045014  0.0930380
 -0.0040874 -0.0079423  0.3413500 -0.0879790  0.0035867  0.0883290
 -0.0029471 -0.0063658  0.3315100 -0.0822600  0.0027906  0.0822860
 -0.0024178 -0.0055516  0.3336400 -0.0804570  0.0022257  0.0815770
 -0.0017022 -0.0042554  0.3184500 -0.0736090  0.0016547  0.0742700
 -0.0011804 -0.0031850  0.3007500 -0.0664940  0.0011981  0.0660690
 -0.0008077 -0.0023295  0.2811200 -0.0593310  0.0008430  0.0573860
 -0.0003658 -0.0011636  0.2380600 -0.0455440  0.0003784  0.0401900
 -0.0001600 -0.0005291  0.1930100 -0.0332640  0.0001444  0.0253720
 -0.0000678 -0.0002172  0.1491300 -0.0230240  0.0000434  0.0143490
 -0.0000274 -0.0000792  0.1090100 -0.0149890  0.0000081  0.0072224
 -0.0000101 -0.0000250  0.0745450 -0.0090670 -0.0000006  0.0032187
 -0.0000033 -0.0000066  0.0468880 -0.0049985 -0.0000012  0.0012682
 -0.0000009 -0.0000014  0.0264010 -0.0024346 -0.0000006  0.0004427
 -0.0000002 -0.0000002  0.0127100 -0.0009937 -0.0000002  0.0001353
  0.0000000  0.0000000  0.0047960 -0.0003075  0.0000000  0.0000334
  0.0000000  0.0000000  0.0011653 -0.0000576  0.0000000  0.0000052
  0.0000000  0.0000000  0.0000996 -0.0000034  0.0000000  0.0000002
  0.0000000  0.0000000  0.0000000  0.0000000  0.0000000  0.0000000
 -0.0020158  0.0001962  0.0000687  0.0007725 -0.0040397 -0.0047250
 -0.0026542  0.0003757  0.0002056  0.0004443 -0.0050337 -0.0019354
 -0.0029599  0.0005097  0.0003118  0.0001737 -0.0054556 -0.0001701
 -0.0032307  0.0006559  0.0004311 -0.0001235 -0.0057999  0.0015518
 -0.0034850  0.0008166  0.0005665 -0.0004486 -0.0060979  0.0032678
 -0.0037857  0.0010347  0.0007579 -0.0008863 -0.0064187  0.0053838
 -0.0041737  0.0013578  0.0010575 -0.0015272 -0.0067822  0.0081962
 -0.0046209  0.0017813  0.0014808 -0.0023578 -0.0071323  0.0114810
 -0.0051314  0.0023187  0.0020699 -0.0034030 -0.0074453  0.0152030
 -0.0057347  0.0030065  0.0029162 -0.0047386 -0.0077043  0.0194800
 -0.0063287  0.0037166  0.0039109 -0.0061279 -0.0078527  0.0235060
 -0.0070674  0.0046145  0.0053739 -0.0079195 -0.0079079  0.0282240
 -0.0080793  0.0058195  0.0077880 -0.0104320 -0.0077879  0.0341650
 -0.0093240  0.0071919  0.0114220 -0.0135510 -0.0073932  0.0407320
 -0.0108300  0.0086109  0.0168470 -0.0173270 -0.0066390  0.0477860
 -0.0126810  0.0099116  0.0252240 -0.0219920 -0.0054006  0.0554710
 -0.0145140  0.0106450  0.0357100 -0.0267340 -0.0039087  0.0623390
 -0.0166900  0.0106760  0.0519090 -0.0327820 -0.0018301  0.0699430
 -0.0192440  0.0091270  0.0794340 -0.0412990  0.0011147  0.0787720
 -0.0213330  0.0051741  0.1201300 -0.0520810  0.0044107  0.0873510
 -0.0219880  0.0007914  0.1583900 -0.0613450  0.0066231  0.0928840
 -0.0214110 -0.0044532  0.2039400 -0.0718210  0.0083311  0.0975480
 -0.0198280 -0.0084452  0.2424200 -0.0802950  0.0090407  0.1002900
 -0.0171450 -0.0115500  0.2804600 -0.0881510  0.0090224  0.1019600
 -0.0142260 -0.0128550  0.3080800 -0.0930940  0.0084042  0.1021900
 -0.0114200 -0.0128280  0.3264000 -0.0953610  0.0074752  0.1011700
 -0.0089119 -0.0119270  0.3367000 -0.0952660  0.0064211  0.0989180
 -0.0067830 -0.0105340  0.3401700 -0.0931720  0.0053587  0.0953880
 -0.0050465 -0.0089348  0.3378900 -0.0894600  0.0043587  0.0905850
 -0.0036764 -0.0073277  0.3308400 -0.0844980  0.0034607  0.0845880
 -0.0026266 -0.0058364  0.3198600 -0.0786330  0.0026833  0.0775640
 -0.0020871 -0.0049677  0.3182200 -0.0758460  0.0021195  0.0751280
 -0.0014540 -0.0037820  0.3021600 -0.0690210  0.0015700  0.0671580
 -0.0009982 -0.0028126  0.2839200 -0.0620260  0.0011326  0.0587280
 -0.0006767 -0.0020447  0.2640400 -0.0550640  0.0007941  0.0502040
 -0.0003020 -0.0010100  0.2213600 -0.0418490  0.0003540  0.0341810
 -0.0001312 -0.0004547  0.1776400 -0.0302640  0.0001343  0.0210830
 -0.0000557 -0.0001849  0.1358300 -0.0207380  0.0000403  0.0117190
 -0.0000226 -0.0000669  0.0982070 -0.0133610  0.0000077  0.0058415
 -0.0000084 -0.0000209  0.0663860 -0.0079930 -0.0000003  0.0026035
 -0.0000027 -0.0000054  0.0412330 -0.0043535 -0.0000010  0.0010379
 -0.0000007 -0.0000011  0.0228940 -0.0020919 -0.0000005  0.0003698
 -0.0000002 -0.0000002  0.0108430 -0.0008404 -0.0000001  0.0001150
  0.0000000  0.0000000  0.0040108 -0.0002550  0.0000000  0.0000284
  0.0000000  0.0000000  0.0009488 -0.0000465  0.0000000  0.0000043
  0.0000000  0.0000000  0.0000781 -0.0000026  0.0000000  0.0000002
  0.0000000  0.0000000  0.0000000  0.0000000  0.0000000  0.0000000
 -0.0020772  0.0001799  0.0000844  0.0007498 -0.0041124 -0.0047693
 -0.0027579  0.0003517  0.0002515  0.0003828 -0.0051372 -0.0010104
 -0.0030838  0.0004851  0.0003799  0.0000884 -0.0055703  0.0012642
 -0.0033723  0.0006325  0.0005238 -0.0002323 -0.0059224  0.0034449
 -0.0036426  0.0007954  0.0006865 -0.0005812 -0.0062257  0.0055912
 -0.0039617  0.0010175  0.0009157 -0.0010487 -0.0065503  0.0082095
 -0.0043720  0.0013471  0.0012731 -0.0017303 -0.0069147  0.0116510
 -0.0048431  0.0017793  0.0017754 -0.0026099 -0.0072610  0.0156270
 -0.0053782  0.0023266  0.0024704 -0.0037123 -0.0075640  0.0200850
 -0.0060068  0.0030248  0.0034615 -0.0051156 -0.0078046  0.0251550
 -0.0066220  0.0037422  0.0046176 -0.0065703 -0.0079297  0.0298850
 -0.0073819  0.0046440  0.0063033 -0.0084402 -0.0079511  0.0353770
 -0.0084140  0.0058439  0.0090544 -0.0110530 -0.0077796  0.0422200
 -0.0096707  0.0071937  0.0131400 -0.0142850 -0.0073193  0.0496900
 -0.0111730  0.0085643  0.0191480 -0.0181810 -0.0064886  0.0576000
 -0.0129970  0.0097815  0.0282730 -0.0229750 -0.0051664  0.0660620
 -0.0147740  0.0104150  0.0395110 -0.0278250 -0.0036068  0.0734660
 -0.0168470  0.0103170  0.0565890 -0.0339780 -0.0014717  0.0814490
 -0.0192090  0.0086259  0.0850640 -0.0425700  0.0014966  0.0903460
 -0.0210170  0.0046179  0.1262800 -0.0533060  0.0047468  0.0984190
 -0.0214320  0.0003163  0.1643100 -0.0623830  0.0068762  0.1031100
 -0.0206200 -0.0047034  0.2087700 -0.0724480  0.0084651  0.1064100
 -0.0188930 -0.0084236  0.2455900 -0.0803900  0.0090704  0.1076400
 -0.0161420 -0.0112100  0.2811900 -0.0874950  0.0089540  0.1073300
 -0.0132440 -0.0122740  0.3062300 -0.0916740  0.0082731  0.1055300
 -0.0105170 -0.0120980  0.3220500 -0.0932230  0.0073103  0.1025000
 -0.0081207 -0.0111330  0.3300200 -0.0925030  0.0062440  0.0983180
 -0.0061161 -0.0097435  0.3314100 -0.0899010  0.0051846  0.0930460
 -0.0045026 -0.0081968  0.3273400 -0.0858080  0.0041973  0.0867580
 -0.0032455 -0.0066718  0.3188100 -0.0805930  0.0033178  0.0795970
 -0.0022940 -0.0052767  0.3066600 -0.0745960  0.0025616  0.0717670
 -0.0018432 -0.0045279  0.3057100 -0.0721740  0.0020313  0.0697640
 -0.0012726 -0.0034280  0.2890400 -0.0653910  0.0014998  0.0614890
 -0.0008662 -0.0025359  0.2704500 -0.0585140  0.0010785  0.0530660
 -0.0005825 -0.0018342  0.2504700 -0.0517280  0.0007538  0.0448100
 -0.0002566 -0.0008976  0.2082400 -0.0389920  0.0003343  0.0298530
 -0.0001107 -0.0004006  0.1657200 -0.0279690  0.0001263  0.0180930
 -0.0000469 -0.0001616  0.1256200 -0.0190070  0.0000380  0.0099300
 -0.0000191 -0.0000579  0.0900130 -0.0121410  0.0000075  0.0049176
 -0.0000071 -0.0000180  0.0602670 -0.0071967 -0.0000001  0.0021941
 -0.0000023 -0.0000046  0.0370460 -0.0038808 -0.0000008  0.0008824
 -0.0000006 -0.0000009  0.0203310 -0.0018439 -0.0000004  0.0003185
 -0.0000001 -0.0000001  0.0095010 -0.0007311 -0.0000001  0.0000999
  0.0000000  0.0000000  0.0034567 -0.0002183  0.0000000  0.0000245
  0.0000000  0.0000000  0.0007998 -0.0000390  0.0000000  0.0000036
  0.0000000  0.0000000  0.0000638 -0.0000021  0.0000000  0.0000002
  0.0000000  0.0000000  0.0000000  0.0000000  0.0000000  0.0000000
 -0.0021367  0.0001595  0.0000993  0.0007292 -0.0041810 -0.0046161
 -0.0028547  0.0003238  0.0002943  0.0003281 -0.0052326  0.0000890
 -0.0031980  0.0004567  0.0004432  0.0000129 -0.0056751  0.0028476
 -0.0035013  0.0006052  0.0006094 -0.0003282 -0.0060333  0.0054589
 -0.0037850  0.0007703  0.0007970 -0.0006977 -0.0063405  0.0080054
 -0.0041191  0.0009960  0.0010605 -0.0011910 -0.0066674  0.0110870
 -0.0045474  0.0013317  0.0014699 -0.0019078 -0.0070314  0.0151020
 -0.0050374  0.0017719  0.0020430 -0.0028294 -0.0073727  0.0197010
 -0.0055915  0.0023285  0.0028320 -0.0039807 -0.0076649  0.0248150
 -0.0062392  0.0030363  0.0039510 -0.0054417 -0.0078874  0.0305830
 -0.0068696  0.0037609  0.0052486 -0.0069518 -0.0079904  0.0359210
 -0.0076439  0.0046669  0.0071281 -0.0088877 -0.0079803  0.0420720
 -0.0086882  0.0058637  0.0101700 -0.0115840 -0.0077619  0.0496650
 -0.0099491  0.0071960  0.0146420 -0.0149100 -0.0072428  0.0578600
 -0.0114420  0.0085282  0.0211420 -0.0189050 -0.0063445  0.0664190
 -0.0132330  0.0096784  0.0308890 -0.0238020 -0.0049495  0.0754240
 -0.0149580  0.0102320  0.0427440 -0.0287380 -0.0033322  0.0831460
 -0.0169360  0.0100320  0.0605280 -0.0349700 -0.0011502  0.0912600
 -0.0191320  0.0082344  0.0897340 -0.0436090  0.0018351  0.0999420
 -0.0207060  0.0041940  0.1313000 -0.0542820  0.0050424  0.1072600
 -0.0209280 -0.0000319  0.1690400 -0.0631800  0.0070985  0.1110000
 -0.0199320 -0.0048621  0.2124700 -0.0728800  0.0085841  0.1129100
 -0.0181010 -0.0083620  0.2478600 -0.0803650  0.0090995  0.1127100
 -0.0153090 -0.0108990  0.2813800 -0.0868400  0.0088991  0.1106200
 -0.0124420 -0.0117780  0.3042700 -0.0903890  0.0081642  0.1071000
 -0.0097900 -0.0114930  0.3180300 -0.0913600  0.0071722  0.1024400
 -0.0074921 -0.0104880  0.3241100 -0.0901440  0.0060951  0.0967900
 -0.0055925 -0.0091110  0.3238500 -0.0871480  0.0050379  0.0902490
 -0.0040802 -0.0076132  0.3183800 -0.0827670  0.0040613  0.0829420
 -0.0029143 -0.0061582  0.3087000 -0.0773720  0.0031974  0.0750420
 -0.0020410 -0.0048420  0.2956600 -0.0712930  0.0024592  0.0667630
 -0.0015926 -0.0040665  0.2916400 -0.0681160  0.0019312  0.0635240
 -0.0010879 -0.0030593  0.2744000 -0.0614060  0.0014202  0.0551520
 -0.0007328 -0.0022495  0.2555200 -0.0546800  0.0010174  0.0469300
 -0.0004880 -0.0016178  0.2355200 -0.0481090  0.0007085  0.0391130
 -0.0002116 -0.0007831  0.1939600 -0.0359250  0.0003122  0.0254660
 -0.0000905 -0.0003459  0.1528700 -0.0255290  0.0001175  0.0151560
 -0.0000383 -0.0001382  0.1147400 -0.0171850  0.0000355  0.0082150
 -0.0000156 -0.0000490  0.0813760 -0.0108690  0.0000072  0.0040459
 -0.0000059 -0.0000150  0.0538910 -0.0063754  0.0000001  0.0018096
 -0.0000019 -0.0000038  0.0327340 -0.0033988 -0.0000007  0.0007347
 -0.0000005 -0.0000007  0.0177280 -0.0015943 -0.0000003  0.0002682
 -0.0000001 -0.0000001  0.0081575 -0.0006227 -0.0000001  0.0000845
  0.0000000  0.0000000  0.0029123 -0.0001825  0.0000000  0.0000205
  0.0000000  0.0000000  0.0006570 -0.0000318  0.0000000  0.0000029
  0.0000000  0.0000000  0.0000505 -0.0000016  0.0000000  0.0000001
  0.0000000  0.0000000  0.0000000  0.0000000  0.0000000  0.0000000
 -0.0021983  0.0001351  0.0001143  0.0007090 -0.0042505 -0.0042999
 -0.0029525  0.0002912  0.0003371  0.0002753 -0.0053281  0.0014143
 -0.0033122  0.0004235  0.0005062 -0.0000597 -0.0057793  0.0046781
 -0.0036293  0.0005731  0.0006946 -0.0004203 -0.0061430  0.0077341
 -0.0039253  0.0007404  0.0009066 -0.0008094 -0.0064534  0.0106900
 -0.0042729  0.0009699  0.0012037 -0.0013273 -0.0067817  0.0142410
 -0.0047173  0.0013118  0.0016640 -0.0020772 -0.0071441  0.0188340
 -0.0052236  0.0017601  0.0023059 -0.0030385 -0.0074792  0.0240510
 -0.0057937  0.0023263  0.0031860 -0.0042358 -0.0077596  0.0298080
 -0.0064568  0.0030443  0.0044283 -0.0057507 -0.0079627  0.0362500
 -0.0070990  0.0037765  0.0058615 -0.0073125 -0.0080428  0.0421680
 -0.0078837  0.0046877  0.0079259 -0.0093097 -0.0080006  0.0489340
 -0.0089350  0.0058832  0.0112430 -0.0120840 -0.0077354  0.0572110
 -0.0101940  0.0072010  0.0160770 -0.0154950 -0.0071585  0.0660420
 -0.0116730  0.0084995  0.0230350 -0.0195790 -0.0061948  0.0751420
 -0.0134280  0.0095905  0.0333550 -0.0245690 -0.0047306  0.0845520
 -0.0150970  0.0100740  0.0457670 -0.0295790 -0.0030597  0.0924550
 -0.0169850  0.0097853  0.0641780 -0.0358760 -0.0008355  0.1005400
 -0.0190230  0.0078960  0.0940070 -0.0445460  0.0021620  0.1088100
 -0.0203830  0.0038348  0.1358000 -0.0551420  0.0053245  0.1151800
 -0.0204340 -0.0003165  0.1732000 -0.0638580  0.0073088  0.1178500
 -0.0192820 -0.0049725  0.2156300 -0.0732050  0.0086954  0.1183000
 -0.0173670 -0.0082756  0.2496400 -0.0802590  0.0091257  0.1166800
 -0.0145510 -0.0105940  0.2812200 -0.0861530  0.0088462  0.1128900
 -0.0117220 -0.0113180  0.3021400 -0.0891310  0.0080609  0.1077900
 -0.0091460 -0.0109450  0.3140300 -0.0895850  0.0070417  0.1017100
 -0.0069410 -0.0099119  0.3184300 -0.0879350  0.0059549  0.0948140
 -0.0051381 -0.0085528  0.3167000 -0.0846000  0.0049001  0.0872510
 -0.0037172 -0.0071029  0.3100100 -0.0799800  0.0039339  0.0791690
 -0.0026324 -0.0057127  0.2993500 -0.0744410  0.0030850  0.0707520
 -0.0018274 -0.0044676  0.2855700 -0.0683070  0.0023639  0.0622120
 -0.0014037 -0.0037109  0.2800100 -0.0648170  0.0018471  0.0583530
 -0.0009500 -0.0027771  0.2623800 -0.0581870  0.0013536  0.0500630
 -0.0006341 -0.0020318  0.2433500 -0.0516020  0.0009664  0.0421300
 -0.0004186 -0.0014541  0.2234000 -0.0452180  0.0006708  0.0347540
 -0.0001789 -0.0006974  0.1825100 -0.0335000  0.0002939  0.0222270
 -0.0000759 -0.0003054  0.1426900 -0.0236190  0.0001104  0.0130470
 -0.0000320 -0.0001209  0.1062100 -0.0157730  0.0000334  0.0070087
 -0.0000131 -0.0000425  0.0746740 -0.0098929  0.0000070  0.0034403
 -0.0000049 -0.0000129  0.0489970 -0.0057517  0.0000003  0.0015428
 -0.0000016 -0.0000032  0.0294650 -0.0030368 -0.0000005  0.0006308
 -0.0000004 -0.0000006  0.0157790 -0.0014090 -0.0000003  0.0002318
 -0.0000001 -0.0000001  0.0071669 -0.0005434 -0.0000001  0.0000730
  0.0000000  0.0000000  0.0025182 -0.0001568  0.0000000  0.0000175
  0.0000000  0.0000000  0.0005561 -0.0000267  0.0000000  0.0000024
  0.0000000  0.0000000  0.0000415 -0.0000013  0.0000000  0.0000001
  0.0000000  0.0000000  0.0000000  0.0000000  0.0000000  0.0000000
 -0.0022584  0.0001085  0.0001286  0.0006902 -0.0043173 -0.0038552
 -0.0030459  0.0002568  0.0003776  0.0002266 -0.0054187  0.0028678
 -0.0034203  0.0003885  0.0005658 -0.0001265 -0.0058775  0.0066271
 -0.0037496  0.0005392  0.0007749 -0.0005047 -0.0062457  0.0101150
 -0.0040563  0.0007087  0.0010098 -0.0009115 -0.0065585  0.0134660
 -0.0044156  0.0009419  0.0013382 -0.0014516 -0.0068875  0.0174660
 -0.0048734  0.0012899  0.0018457 -0.0022314 -0.0072474  0.0226050
 -0.0053931  0.0017463  0.0025513 -0.0032284 -0.0075755  0.0284030
 -0.0059759  0.0023218  0.0035155 -0.0044669 -0.0078436  0.0347560
 -0.0066508  0.0030499  0.0048708 -0.0060301 -0.0080275  0.0418140
 -0.0073014  0.0037899  0.0064278 -0.0076379 -0.0080852  0.0482520
 -0.0080926  0.0047068  0.0086600 -0.0096895 -0.0080122  0.0555620
 -0.0091465  0.0059025  0.0122260 -0.0125330 -0.0077027  0.0644270
 -0.0104010  0.0072089  0.0173840 -0.0160180 -0.0070719  0.0737850
 -0.0118610  0.0084791  0.0247480 -0.0201810 -0.0060482  0.0833010
 -0.0135800  0.0095197  0.0355700 -0.0252500 -0.0045216  0.0929790
 -0.0151970  0.0099430  0.0484660 -0.0303210 -0.0028032  0.1009400
 -0.0169990  0.0095797  0.0674090 -0.0366700 -0.0005432  0.1088600
 -0.0188980  0.0076156  0.0977460 -0.0453550  0.0024619  0.1165900
 -0.0200720  0.0035428  0.1396800 -0.0558670  0.0055801  0.1219300
 -0.0199780 -0.0005396  0.1767300 -0.0644090  0.0074975  0.1235100
 -0.0186980 -0.0050429  0.2182000 -0.0734320  0.0087936  0.1225500
 -0.0167190 -0.0081777  0.2509600 -0.0801000  0.0091472  0.1196100
 -0.0138930 -0.0103140  0.2808200 -0.0854810  0.0087968  0.1143000
 -0.0111050 -0.0109110  0.3000100 -0.0879640  0.0079667  0.1078400
 -0.0085990 -0.0104700  0.3102900 -0.0879780  0.0069238  0.1005600
 -0.0064775 -0.0094194  0.3132500 -0.0859630  0.0058288  0.0926810
 -0.0047594 -0.0080802  0.3102800 -0.0823480  0.0047767  0.0843380
 -0.0034173 -0.0066744  0.3025600 -0.0775370  0.0038202  0.0757000
 -0.0024013 -0.0053412  0.2910900 -0.0718900  0.0029850  0.0669490
 -0.0016539 -0.0041574  0.2767200 -0.0657230  0.0022794  0.0582850
 -0.0012457 -0.0034065  0.2694100 -0.0618530  0.0017692  0.0537740
 -0.0008355 -0.0025370  0.2515000 -0.0553110  0.0012920  0.0456540
 -0.0005527 -0.0018474  0.2323800 -0.0488660  0.0009194  0.0380470
 -0.0003618 -0.0013162  0.2125400 -0.0426610  0.0006363  0.0311050
 -0.0001524 -0.0006257  0.1723600 -0.0313750  0.0002774  0.0195890
 -0.0000640 -0.0002717  0.1337400 -0.0219600  0.0001039  0.0113640
 -0.0000270 -0.0001066  0.0987840 -0.0145560  0.0000316  0.0060601
 -0.0000110 -0.0000371  0.0688920 -0.0090591  0.0000068  0.0029676
 -0.0000041 -0.0000111  0.0448170 -0.0052236  0.0000004  0.0013340
 -0.0000014 -0.0000027  0.0267010 -0.0027333 -0.0000004  0.0005483
 -0.0000004 -0.0000005  0.0141500 -0.0012555 -0.0000002  0.0002023
 -0.0000001 -0.0000001  0.0063499 -0.0004785 -0.0000001  0.0000635
  0.0000000  0.0000000  0.0021983 -0.0001361  0.0000000  0.0000150
  0.0000000  0.0000000  0.0004759 -0.0000227  0.0000000  0.0000020
  0.0000000  0.0000000  0.0000345 -0.0000011  0.0000000  0.0000001
  0.0000000  0.0000000  0.0000000  0.0000000  0.0000000  0.0000000
 -0.0023395  0.0000695  0.0001476  0.0006659 -0.0044063 -0.0030643
 -0.0031692  0.0002072  0.0004309  0.0001646 -0.0055375  0.0050516
 -0.0035617  0.0003384  0.0006438 -0.0002113 -0.0060053  0.0094823
 -0.0039058  0.0004907  0.0008798 -0.0006117 -0.0063786  0.0135500
 -0.0042251  0.0006633  0.0011442 -0.0010408 -0.0066936  0.0174260
 -0.0045980  0.0009017  0.0015130 -0.0016085 -0.0070223  0.0220180
 -0.0050712  0.0012581  0.0020813 -0.0024257 -0.0073776  0.0278710
 -0.0056058  0.0017256  0.0028685 -0.0034671 -0.0076952  0.0344180
 -0.0062021  0.0023141  0.0039398 -0.0047568 -0.0079456  0.0415280
 -0.0068886  0.0030561  0.0054386 -0.0063796 -0.0081031  0.0493580
 -0.0075467  0.0038069  0.0071518 -0.0080441 -0.0081305  0.0564380
 -0.0083424  0.0047325  0.0095948 -0.0101620 -0.0080167  0.0644030
 -0.0093950  0.0059302  0.0134700 -0.0130890 -0.0076493  0.0739530
 -0.0106370  0.0072243  0.0190310 -0.0166650 -0.0069493  0.0838920
 -0.0120710  0.0084618  0.0268930 -0.0209200 -0.0058496  0.0938250
 -0.0137380  0.0094432  0.0383230 -0.0260820 -0.0042455  0.1037000
 -0.0152860  0.0097960  0.0517950 -0.0312240 -0.0024695  0.1115900
 -0.0169810  0.0093456  0.0713600 -0.0376270 -0.0001679  0.1191400
 -0.0187070  0.0072969  0.1022600 -0.0463190  0.0028416  0.1259600
 -0.0196600  0.0032174  0.1442800 -0.0567090  0.0058992  0.1297900
 -0.0193980 -0.0007776  0.1808200 -0.0650220  0.0077302  0.1298800
 -0.0179750 -0.0050967  0.2210700 -0.0736330  0.0089120  0.1270800
 -0.0159310 -0.0080337  0.2522700 -0.0798230  0.0091697  0.1224500
 -0.0131030 -0.0099605  0.2800100 -0.0845820  0.0087320  0.1152900
 -0.0103740 -0.0104160  0.2971100 -0.0864740  0.0078474  0.1072300
 -0.0079592 -0.0099034  0.3054500 -0.0859690  0.0067760  0.0986200
 -0.0059408 -0.0088392  0.3067100 -0.0835320  0.0056719  0.0896640
 -0.0043249 -0.0075289  0.3022900 -0.0796020  0.0046239  0.0805230
 -0.0030763 -0.0061786  0.2934000 -0.0745810  0.0036801  0.0713600
 -0.0021409 -0.0049145  0.2810300 -0.0688250  0.0028624  0.0623430
 -0.0014599 -0.0038034  0.2660100 -0.0626380  0.0021763  0.0536470
 -0.0011183 -0.0031558  0.2601700 -0.0593030  0.0017003  0.0499070
 -0.0007438 -0.0023401  0.2420600 -0.0528480  0.0012379  0.0419990
 -0.0004880 -0.0016970  0.2229200 -0.0465320  0.0008783  0.0347150
 -0.0003169 -0.0012041  0.2032200 -0.0404900  0.0006062  0.0281680
 -0.0001316 -0.0005680  0.1637100 -0.0295850  0.0002631  0.0175120
 -0.0000548 -0.0002447  0.1261900 -0.0205730  0.0000983  0.0100630
 -0.0000230 -0.0000953  0.0925680 -0.0135470  0.0000300  0.0053354
 -0.0000094 -0.0000329  0.0640960 -0.0083732  0.0000066  0.0026083
 -0.0000035 -0.0000097  0.0413800 -0.0047929  0.0000006  0.0011747
 -0.0000011 -0.0000024  0.0244490 -0.0024879 -0.0000003  0.0004845
 -0.0000003 -0.0000004  0.0128380 -0.0011325 -0.0000002  0.0001790
 -0.0000001  0.0000000  0.0056992 -0.0004271 -0.0000001  0.0000560
  0.0000000  0.0000000  0.0019471 -0.0001199  0.0000000  0.0000131
  0.0000000  0.0000000  0.0004141 -0.0000197  0.0000000  0.0000017
  0.0000000  0.0000000  0.0000292 -0.0000009  0.0000000  0.0000001
  0.0000000  0.0000000  0.0000000  0.0000000  0.0000000  0.0000000
 -0.0024208  0.0000273  0.0001661  0.0006426 -0.0044943 -0.0020753
 -0.0032897  0.0001549  0.0004828  0.0001059 -0.0056530  0.0074643
 -0.0036986  0.0002859  0.0007196 -0.0002912 -0.0061285  0.0125670
 -0.0040557  0.0004402  0.0009814 -0.0007123 -0.0065057  0.0172100
 -0.0043861  0.0006161  0.0012743 -0.0011621 -0.0068220  0.0216020
 -0.0047706  0.0008600  0.0016817 -0.0017555 -0.0071493  0.0267710
 -0.0052564  0.0012251  0.0023079 -0.0026073 -0.0074986  0.0333110
 -0.0058028  0.0017040  0.0031726 -0.0036896 -0.0078046  0.0405700
 -0.0064091  0.0023057  0.0043450 -0.0050263 -0.0080365  0.0483910
 -0.0071034  0.0030620  0.0059787 -0.0067036 -0.0081668  0.0569300
 -0.0077655  0.0038242  0.0078381 -0.0084198 -0.0081641  0.0645870
 -0.0085618  0.0047592  0.0104770 -0.0105990 -0.0080101  0.0731270
 -0.0096087  0.0059604  0.0146390 -0.0136010 -0.0075869  0.0832530
 -0.0108350  0.0072451  0.0205670 -0.0172570 -0.0068210  0.0936450
 -0.0122380  0.0084548  0.0288800 -0.0215950 -0.0056504  0.1038500
 -0.0138540  0.0093846  0.0408540 -0.0268370 -0.0039752  0.1137600
 -0.0153360  0.0096761  0.0548340 -0.0320370 -0.0021480  0.1214500
 -0.0169310  0.0091505  0.0749330 -0.0384820  0.0001886  0.1284800
 -0.0185010  0.0070313  0.1062900 -0.0471650  0.0031969  0.1342600
 -0.0192590  0.0029520  0.1483100 -0.0574260  0.0061931  0.1365000
 -0.0188540 -0.0009619  0.1843200 -0.0655180  0.0079413  0.1351000
 -0.0173140 -0.0051172  0.2234000 -0.0737430  0.0090160  0.1305200
 -0.0152220 -0.0078828  0.2531500 -0.0794960  0.0091854  0.1243500
 -0.0124060 -0.0096322  0.2789700 -0.0836960  0.0086682  0.1155400
 -0.0097369 -0.0099713  0.2942000 -0.0850660  0.0077348  0.1061100
 -0.0074074 -0.0094042  0.3008500 -0.0841130  0.0066386  0.0964060
 -0.0054828 -0.0083348  0.3006200 -0.0813170  0.0055273  0.0866170
 -0.0039578 -0.0070545  0.2949700 -0.0771250  0.0044840  0.0768980
 -0.0027908 -0.0057557  0.2850800 -0.0719380  0.0035526  0.0673960
 -0.0019249 -0.0045532  0.2719600 -0.0661040  0.0027514  0.0582590
 -0.0013003 -0.0035056  0.2564300 -0.0599160  0.0020834  0.0496300
 -0.0009769 -0.0028713  0.2490500 -0.0562740  0.0016167  0.0454340
 -0.0006429 -0.0021180  0.2307700 -0.0499370  0.0011723  0.0378430
 -0.0004173 -0.0015281  0.2116600 -0.0437890  0.0008287  0.0309840
 -0.0002681 -0.0010789  0.1921700 -0.0379490  0.0005701  0.0249230
 -0.0001092 -0.0005040  0.1535700 -0.0275080  0.0002461  0.0152690
 -0.0000449 -0.0002150  0.1174000 -0.0189770  0.0000917  0.0086804
 -0.0000188 -0.0000828  0.0854010 -0.0123940  0.0000282  0.0045738
 -0.0000077 -0.0000282  0.0586150 -0.0075964  0.0000064  0.0022323
 -0.0000029 -0.0000082  0.0374890 -0.0043092  0.0000007  0.0010073
 -0.0000009 -0.0000020  0.0219260 -0.0022149 -0.0000002  0.0004167
 -0.0000002 -0.0000003  0.0113820 -0.0009972 -0.0000001  0.0001540
 -0.0000001  0.0000000  0.0049867 -0.0003713  0.0000000  0.0000478
  0.0000000  0.0000000  0.0016762 -0.0001026  0.0000000  0.0000110
  0.0000000  0.0000000  0.0003488 -0.0000165  0.0000000  0.0000014
  0.0000000  0.0000000  0.0000239 -0.0000007  0.0000000  0.0000000
  0.0000000  0.0000000  0.0000000  0.0000000  0.0000000  0.0000000
 -0.0025062 -0.0000197  0.0001853  0.0006190 -0.0045858 -0.0008412
 -0.0034137  0.0000980  0.0005361  0.0000472 -0.0057712  0.0102210
 -0.0038382  0.0002292  0.0007973 -0.0003709 -0.0062537  0.0160310
 -0.0042074  0.0003858  0.0010854 -0.0008124 -0.0066339  0.0212710
 -0.0045478  0.0005656  0.0014070 -0.0012825 -0.0069505  0.0261950
 -0.0049425  0.0008155  0.0018536 -0.0019012 -0.0072752  0.0319540
 -0.0054393  0.0011903  0.0025381 -0.0027869 -0.0076172  0.0391890
 -0.0059952  0.0016814  0.0034804 -0.0039092 -0.0079097  0.0471590
 -0.0066089  0.0022974  0.0047540 -0.0052916 -0.0081213  0.0556780
 -0.0073081  0.0030692  0.0065218 -0.0070219 -0.0082228  0.0649020
 -0.0079715  0.0038437  0.0085257 -0.0087881 -0.0081883  0.0731030
 -0.0087652  0.0047891  0.0113580 -0.0110250 -0.0079930  0.0821680
 -0.0098024  0.0059954  0.0157990 -0.0140990 -0.0075128  0.0927950
 -0.0110090  0.0072726  0.0220840 -0.0178320 -0.0066810  0.1035400
 -0.0123790  0.0084569  0.0308310 -0.0222470 -0.0054404  0.1139000
 -0.0139400  0.0093389  0.0433210 -0.0275620 -0.0036967  0.1237100
 -0.0153550  0.0095733  0.0577740 -0.0328140 -0.0018213  0.1310600
 -0.0168530  0.0089786  0.0783590 -0.0392910  0.0005459  0.1374200
 -0.0182730  0.0067963  0.1101000 -0.0479540  0.0035478  0.1420100
 -0.0188500  0.0027221  0.1520500 -0.0580750  0.0064787  0.1425300
 -0.0183160 -0.0011126  0.1875000 -0.0659410  0.0081432  0.1396000
 -0.0166750 -0.0051138  0.2254000 -0.0737850  0.0091119  0.1332500
 -0.0145490 -0.0077216  0.2537400 -0.0791150  0.0091952  0.1255900
 -0.0117520 -0.0093112  0.2777100 -0.0827830  0.0086016  0.1152300
 -0.0091466 -0.0095495  0.2911700 -0.0836660  0.0076220  0.1045800
 -0.0069016 -0.0089378  0.2962300 -0.0822990  0.0065032  0.0939360
 -0.0050670 -0.0078690  0.2946300 -0.0791790  0.0053861  0.0834690
 -0.0036276 -0.0066204  0.2878500 -0.0747570  0.0043485  0.0733160
 -0.0025363 -0.0053716  0.2770800 -0.0694310  0.0034297  0.0636010
 -0.0017339 -0.0042273  0.2633000 -0.0635390  0.0026451  0.0544430
 -0.0011605 -0.0032386  0.2473400 -0.0573660  0.0019949  0.0459520
 -0.0008617 -0.0026334  0.2391700 -0.0536170  0.0015417  0.0416350
 -0.0005614 -0.0019333  0.2207800 -0.0473980  0.0011139  0.0343750
 -0.0003606 -0.0013884  0.2017600 -0.0414070  0.0007847  0.0279160
 -0.0002292 -0.0009758  0.1825100 -0.0357530  0.0005381  0.0222900
 -0.0000916 -0.0004517  0.1447800 -0.0257290  0.0002311  0.0134870
 -0.0000372 -0.0001909  0.1098700 -0.0176210  0.0000860  0.0076007
 -0.0000154 -0.0000728  0.0793080 -0.0114240  0.0000265  0.0039851
 -0.0000063 -0.0000245  0.0539990 -0.0069481  0.0000062  0.0019425
 -0.0000023 -0.0000071  0.0342430 -0.0039093  0.0000008  0.0008777
 -0.0000007 -0.0000016  0.0198430 -0.0019914 -0.0000001  0.0003636
 -0.0000002 -0.0000003  0.0101940 -0.0008876 -0.0000001  0.0001341
  0.0000000  0.0000000  0.0044128 -0.0003266  0.0000000  0.0000413
  0.0000000  0.0000000  0.0014616 -0.0000889  0.0000000  0.0000094
  0.0000000  0.0000000  0.0002982 -0.0000140  0.0000000  0.0000012
  0.0000000  0.0000000  0.0000198 -0.0000006  0.0000000  0.0000000
  0.0000000  0.0000000  0.0000000  0.0000000  0.0000000  0.0000000
 -0.0025856 -0.0000654  0.0002029  0.0005979 -0.0046701  0.0004686
 -0.0035265  0.0000438  0.0005847 -0.0000050 -0.0058783  0.0129640
 -0.0039641  0.0001755  0.0008680 -0.0004416 -0.0063662  0.0194270
 -0.0043432  0.0003348  0.0011797 -0.0009010 -0.0067483  0.0252150
 -0.0046917  0.0005184  0.0015272 -0.0013890 -0.0070643  0.0306230
 -0.0050945  0.0007744  0.0020087 -0.0020298 -0.0073859  0.0369140
 -0.0055993  0.0011584  0.0027454 -0.0029450 -0.0077200  0.0447700
 -0.0061619  0.0016613  0.0037569 -0.0041021 -0.0079992  0.0533660
 -0.0067803  0.0022908  0.0051202 -0.0055242 -0.0081912  0.0624920
 -0.0074814  0.0030772  0.0070064 -0.0073002 -0.0082656  0.0722990
 -0.0081436  0.0038636  0.0091375 -0.0091093 -0.0082019  0.0809520
 -0.0089326  0.0048192  0.0121380 -0.0113960 -0.0079688  0.0904390
 -0.0099584  0.0060310  0.0168230 -0.0145310 -0.0074374  0.1014500
 -0.0111450  0.0073029  0.0234160 -0.0183300 -0.0065470  0.1124300
 -0.0124820  0.0084665  0.0325330 -0.0228080 -0.0052454  0.1228200
 -0.0139940  0.0093086  0.0454600 -0.0281830 -0.0034429  0.1324300
 -0.0153500  0.0094955  0.0603070 -0.0334750 -0.0015276  0.1393700
 -0.0167620  0.0088436  0.0812870 -0.0399740  0.0008633  0.1450400
 -0.0180560  0.0066105  0.1133300 -0.0486110  0.0038554  0.1484400
 -0.0184820  0.0025438  0.1551600 -0.0585990  0.0067250  0.1473600
 -0.0178440 -0.0012223  0.1900800 -0.0662610  0.0083145  0.1430400
 -0.0161270 -0.0050944  0.2269300 -0.0737720  0.0091901  0.1351400
 -0.0139780 -0.0075723  0.2540400 -0.0787370  0.0091989  0.1262000
 -0.0112050 -0.0090334  0.2764300 -0.0819540  0.0085399  0.1145800
 -0.0086583 -0.0091927  0.2884000 -0.0824300  0.0075217  0.1029500
 -0.0064872 -0.0085490  0.2921200 -0.0807240  0.0063845  0.0915930
 -0.0047292 -0.0074845  0.2894000 -0.0773430  0.0052635  0.0806400
 -0.0033615 -0.0062649  0.2817000 -0.0727400  0.0042316  0.0702050
 -0.0023328 -0.0050593  0.2702200 -0.0673090  0.0033245  0.0603870
 -0.0015824 -0.0039639  0.2559300 -0.0613820  0.0025545  0.0512770
 -0.0010503 -0.0030240  0.2396400 -0.0552320  0.0019198  0.0429500
 -0.0007615 -0.0024214  0.2298500 -0.0511410  0.0014706  0.0382160
 -0.0004909 -0.0017694  0.2114200 -0.0450430  0.0010588  0.0312980
 -0.0003119 -0.0012650  0.1925100 -0.0392080  0.0007434  0.0252300
 -0.0001961 -0.0008852  0.1735300 -0.0337340  0.0005082  0.0200110
 -0.0000768 -0.0004062  0.1366900 -0.0241070  0.0002172  0.0119750
 -0.0000307 -0.0001701  0.1029800 -0.0163960  0.0000807  0.0066966
 -0.0000127 -0.0000642  0.0737910 -0.0105540  0.0000250  0.0034962
 -0.0000051 -0.0000214  0.0498560 -0.0063712  0.0000060  0.0017023
 -0.0000019 -0.0000061  0.0313570 -0.0035563  0.0000009  0.0007697
 -0.0000006 -0.0000014  0.0180080 -0.0017960 -0.0000001  0.0003189
 -0.0000002 -0.0000002  0.0091596 -0.0007927 -0.0000001  0.0001173
  0.0000000  0.0000000  0.0039189 -0.0002884  0.0000000  0.0000358
  0.0000000  0.0000000  0.0012796 -0.0000774  0.0000000  0.0000080
  0.0000000  0.0000000  0.0002561 -0.0000120  0.0000000  0.0000010
  0.0000000  0.0000000  0.0000165 -0.0000005  0.0000000  0.0000000
  0.0000000  0.0000000  0.0000000  0.0000000  0.0000000  0.0000000
 -0.0026722 -0.0001171  0.0002219  0.0005755 -0.0047613  0.0020645
 -0.0036472 -0.0000164  0.0006368 -0.0000598 -0.0059924  0.0161400
 -0.0040976  0.0001165  0.0009435 -0.0005156 -0.0064851  0.0233110
 -0.0044864  0.0002790  0.0012804 -0.0009935 -0.0068684  0.0296880
 -0.0048424  0.0004672  0.0016552 -0.0015000 -0.0071831  0.0356130
 -0.0052525  0.0007300  0.0021738 -0.0021636 -0.0075003  0.0424670
 -0.0057643  0.0011245  0.0029654 -0.0031092 -0.0078249  0.0509730
 -0.0063321  0.0016407  0.0040496 -0.0043021 -0.0080887  0.0602180
 -0.0069533  0.0022853  0.0055067 -0.0057648 -0.0082589  0.0699610
 -0.0076542  0.0030879  0.0075163 -0.0075876 -0.0083034  0.0803490
 -0.0083132  0.0038874  0.0097794 -0.0094404 -0.0082080  0.0894410
 -0.0090948  0.0048546  0.0129550 -0.0117780 -0.0079344  0.0993230
 -0.0101060  0.0060733  0.0178900 -0.0149750 -0.0073488  0.1106600
 -0.0112680  0.0073407  0.0247960 -0.0188380 -0.0063973  0.1218000
 -0.0125700  0.0084842  0.0342890 -0.0233790 -0.0050327  0.1321400
 -0.0140290  0.0092868  0.0476510 -0.0288120 -0.0031710  0.1414200
 -0.0153220  0.0094265  0.0628870 -0.0341410 -0.0012165  0.1478400
 -0.0166480  0.0087183  0.0842460 -0.0406570  0.0011956  0.1526600
 -0.0178150  0.0064364  0.1165400 -0.0492570  0.0041731  0.1547300
 -0.0180940  0.0023800  0.1582000 -0.0590990  0.0069756  0.1519000
 -0.0173580 -0.0013164  0.1925500 -0.0665460  0.0084857  0.1461200
 -0.0155710 -0.0050603  0.2283000 -0.0737120  0.0092649  0.1366300
 -0.0134060 -0.0074118  0.2541500 -0.0783060  0.0091975  0.1264300
 -0.0106640 -0.0087499  0.2749400 -0.0810720  0.0084728  0.1135700
 -0.0081797 -0.0088362  0.2854200 -0.0811460  0.0074163  0.1010400
 -0.0060846 -0.0081652  0.2878400 -0.0791090  0.0062616  0.0890400
 -0.0044037 -0.0071084  0.2840100 -0.0754780  0.0051377  0.0776810
 -0.0031070 -0.0059198  0.2754300 -0.0707070  0.0041126  0.0670400
 -0.0021397 -0.0047579  0.2632700 -0.0651850  0.0032180  0.0571860
 -0.0014396 -0.0037110  0.2485100 -0.0592340  0.0024632  0.0481750
 -0.0009472 -0.0028190  0.2319300 -0.0531170  0.0018446  0.0400530
 -0.0006831 -0.0022517  0.2220000 -0.0490790  0.0014106  0.0354660
 -0.0004363 -0.0016390  0.2035700 -0.0430900  0.0010124  0.0288550
 -0.0002745 -0.0011672  0.1848000 -0.0373920  0.0007088  0.0231210
 -0.0001708 -0.0008136  0.1660800 -0.0320740  0.0004833  0.0182390
 -0.0000655 -0.0003705  0.1300200 -0.0227830  0.0002058  0.0108180
 -0.0000258 -0.0001539  0.0973540 -0.0154020  0.0000763  0.0060129
 -0.0000106 -0.0000576  0.0693160 -0.0098538  0.0000237  0.0031289
 -0.0000043 -0.0000190  0.0465220 -0.0059106  0.0000058  0.0015220
 -0.0000016 -0.0000053  0.0290530 -0.0032768  0.0000009  0.0006882
 -0.0000005 -0.0000012  0.0165570 -0.0016425  0.0000000  0.0002850
 -0.0000001 -0.0000002  0.0083492 -0.0007189 -0.0000001  0.0001044
  0.0000000  0.0000000  0.0035366 -0.0002590  0.0000000  0.0000317
  0.0000000  0.0000000  0.0011406 -0.0000687  0.0000000  0.0000070
  0.0000000  0.0000000  0.0002246 -0.0000104  0.0000000  0.0000008
  0.0000000  0.0000000  0.0000141 -0.0000004  0.0000000  0.0000000
  0.0000000  0.0000000  0.0000000  0.0000000  0.0000000  0.0000000
 -0.0027576 -0.0001697  0.0002405  0.0005539 -0.0048507  0.0038013
 -0.0037641 -0.0000764  0.0006874 -0.0001120 -0.0061025  0.0194490
 -0.0042259  0.0000580  0.0010168 -0.0005859 -0.0065991  0.0273160
 -0.0046230  0.0002241  0.0013779 -0.0010813 -0.0069826  0.0342650
 -0.0049854  0.0004171  0.0017790 -0.0016051 -0.0072953  0.0406880
 -0.0054013  0.0006872  0.0023331 -0.0022901 -0.0076073  0.0480810
 -0.0059184  0.0010924  0.0031772 -0.0032642 -0.0079217  0.0572030
 -0.0064895  0.0016220  0.0043307 -0.0044905 -0.0081695  0.0670530
 -0.0071115  0.0022819  0.0058769 -0.0059911 -0.0083176  0.0773630
 -0.0078101  0.0031008  0.0080033 -0.0078572 -0.0083324  0.0882730
 -0.0084642  0.0039135  0.0103910 -0.0097505 -0.0082060  0.0977470
 -0.0092369  0.0048924  0.0137290 -0.0121340 -0.0078931  0.1079600
 -0.0102320  0.0061184  0.0188980 -0.0153880 -0.0072555  0.1195400
 -0.0113690  0.0073827  0.0260950 -0.0193090 -0.0062461  0.1307500
 -0.0126350  0.0085082  0.0359320 -0.0239070 -0.0048230  0.1409400
 -0.0140430  0.0092750  0.0496900 -0.0293900 -0.0029072  0.1498100
 -0.0152780  0.0093720  0.0652730 -0.0347510 -0.0009182  0.1556400
 -0.0165230  0.0086133  0.0869620 -0.0412770  0.0015107  0.1595900
 -0.0175750  0.0062886  0.1194600 -0.0498350  0.0044705  0.1603100
 -0.0177240  0.0022436  0.1609200 -0.0595320  0.0072064  0.1557700
 -0.0169030 -0.0013886  0.1947000 -0.0667730  0.0086407  0.1486000
 -0.0150600 -0.0050171  0.2294100 -0.0736150  0.0093292  0.1376400
 -0.0128860 -0.0072567  0.2540900 -0.0778680  0.0091913  0.1262900
 -0.0101780 -0.0084881  0.2734100 -0.0802230  0.0084066  0.1123600
 -0.0077536 -0.0085129  0.2825400 -0.0799360  0.0073159  0.0990670
 -0.0057291 -0.0078210  0.2837800 -0.0776070  0.0061463  0.0865560
 -0.0041185 -0.0067740  0.2789800 -0.0737590  0.0050207  0.0748970
 -0.0028857 -0.0056150  0.2696200 -0.0688470  0.0040027  0.0641340
 -0.0019729 -0.0044933  0.2568800 -0.0632520  0.0031201  0.0543000
 -0.0013172 -0.0034903  0.2417300 -0.0572890  0.0023798  0.0454230
 -0.0008594 -0.0026409  0.2249200 -0.0512120  0.0017762  0.0375160
 -0.0006103 -0.0020904  0.2141800 -0.0470440  0.0013508  0.0328450
 -0.0003858 -0.0015155  0.1957800 -0.0411710  0.0009664  0.0265520
 -0.0002401 -0.0010750  0.1771700 -0.0356140  0.0006746  0.0211520
 -0.0001477 -0.0007464  0.1587300 -0.0304550  0.0004588  0.0165990
 -0.0000554 -0.0003372  0.1235000 -0.0215010  0.0001945  0.0097630
 -0.0000214 -0.0001389  0.0918960 -0.0144470  0.0000720  0.0053954
 -0.0000087 -0.0000515  0.0650080 -0.0091849  0.0000225  0.0027989
 -0.0000035 -0.0000167  0.0433360 -0.0054735  0.0000056  0.0013600
 -0.0000013 -0.0000046  0.0268690 -0.0030134  0.0000009  0.0006148
 -0.0000004 -0.0000010  0.0151920 -0.0014990  0.0000000  0.0002542
 -0.0000001 -0.0000001  0.0075940 -0.0006505  0.0000000  0.0000927
  0.0000000  0.0000000  0.0031840 -0.0002320  0.0000000  0.0000279
  0.0000000  0.0000000  0.0010141 -0.0000608  0.0000000  0.0000061
  0.0000000  0.0000000  0.0001963 -0.0000091  0.0000000  0.0000007
  0.0000000  0.0000000  0.0000120 -0.0000003  0.0000000  0.0000000
  0.0000000  0.0000000  0.0000000  0.0000000  0.0000000  0.0000000
 -0.0028464 -0.0002259  0.0002596  0.0005321 -0.0049432  0.0057688
 -0.0038835 -0.0001393  0.0007394 -0.0001646 -0.0062146  0.0230640
 -0.0043560 -0.0000027  0.0010919 -0.0006566 -0.0067141  0.0316480
 -0.0047605  0.0001674  0.0014776 -0.0011693 -0.0070972  0.0391830
 -0.0051285  0.0003659  0.0019054 -0.0017104 -0.0074070  0.0461110
 -0.0055492  0.0006438  0.0024954 -0.0024166 -0.0077129  0.0540460
 -0.0060702  0.0010607  0.0033926 -0.0034190 -0.0080158  0.0637820
 -0.0066431  0.0016046  0.0046158 -0.0046782 -0.0082464  0.0742270
 -0.0072641  0.0022806  0.0062514 -0.0062161 -0.0083709  0.0850840
 -0.0079586  0.0031167  0.0084945 -0.0081247 -0.0083547  0.0964850
 -0.0086060  0.0039434  0.0110060 -0.0100580 -0.0081961  0.1063100
 -0.0093678  0.0049347  0.0145070 -0.0124870 -0.0078431  0.1168000
 -0.0103440  0.0061689  0.0199050 -0.0157950 -0.0071530  0.1285500
 -0.0114550  0.0074307  0.0273870 -0.0197730 -0.0060859  0.1397500
 -0.0126840  0.0085393  0.0375590 -0.0244240 -0.0046053  0.1497100
 -0.0140400  0.0092716  0.0516970 -0.0299540 -0.0026373  0.1580700
 -0.0152170  0.0093275  0.0676080 -0.0353420 -0.0006163  0.1632400
 -0.0163830  0.0085204  0.0896010 -0.0418720  0.0018262  0.1662200
 -0.0173250  0.0061557  0.1222700 -0.0503830  0.0047645  0.1655100
 -0.0173530  0.0021234  0.1634800 -0.0599280  0.0074310  0.1592300
 -0.0164550 -0.0014464  0.1966800 -0.0669620  0.0087887  0.1506800
 -0.0145630 -0.0049651  0.2303500 -0.0734840  0.0093872  0.1382900
 -0.0123860 -0.0070996  0.2538800 -0.0774020  0.0091803  0.1258700
 -0.0097150 -0.0082326  0.2717800 -0.0793620  0.0083378  0.1109500
 -0.0073516 -0.0082026  0.2796100 -0.0787320  0.0072149  0.0969750
 -0.0053963 -0.0074941  0.2797300 -0.0761300  0.0060317  0.0840350
 -0.0038535 -0.0064588  0.2740100 -0.0720830  0.0049056  0.0721500
 -0.0026815 -0.0053295  0.2639300 -0.0670450  0.0038953  0.0613220
 -0.0018200 -0.0042468  0.2506700 -0.0613890  0.0030251  0.0515540
 -0.0012057 -0.0032856  0.2351600 -0.0554240  0.0022992  0.0428400
 -0.0007800 -0.0024765  0.2181700 -0.0493930  0.0017104  0.0351630
 -0.0005487 -0.0019509  0.2070900 -0.0452180  0.0012966  0.0305760
 -0.0003434 -0.0014090  0.1887500 -0.0394550  0.0009249  0.0245790
 -0.0002114 -0.0009958  0.1703300 -0.0340320  0.0006439  0.0194810
 -0.0001285 -0.0006889  0.1521600 -0.0290180  0.0004368  0.0152180
 -0.0000470 -0.0003089  0.1177100 -0.0203710  0.0001845  0.0088854
 -0.0000178 -0.0001263  0.0870810 -0.0136100  0.0000682  0.0048864
 -0.0000071 -0.0000464  0.0612350 -0.0086032  0.0000214  0.0025281
 -0.0000029 -0.0000149  0.0405650 -0.0050959  0.0000054  0.0012271
 -0.0000010 -0.0000040  0.0249840 -0.0027875  0.0000010  0.0005543
 -0.0000003 -0.0000008  0.0140240 -0.0013769  0.0000001  0.0002287
 -0.0000001 -0.0000001  0.0069532 -0.0005928  0.0000000  0.0000830
  0.0000000  0.0000000  0.0028879 -0.0002095  0.0000000  0.0000248
  0.0000000  0.0000000  0.0009091 -0.0000543  0.0000000  0.0000053
  0.0000000  0.0000000  0.0001733 -0.0000080  0.0000000  0.0000006
  0.0000000  0.0000000  0.0000103 -0.0000003  0.0000000  0.0000000
  0.0000000  0.0000000  0.0000000  0.0000000  0.0000000  0.0000000
 -0.0029281 -0.0002787  0.0002771  0.0005124 -0.0050278  0.0077173
 -0.0039914 -0.0001974  0.0007867 -0.0002115 -0.0063157  0.0265350
 -0.0044727 -0.0000584  0.0011600 -0.0007196 -0.0068171  0.0357730
 -0.0048832  0.0001160  0.0015680 -0.0012477 -0.0071991  0.0438380
 -0.0052554  0.0003198  0.0020198 -0.0018040 -0.0075056  0.0512200
 -0.0056795  0.0006052  0.0026421 -0.0025289 -0.0078053  0.0596380
 -0.0062029  0.0010332  0.0035868 -0.0035562 -0.0080969  0.0699150
 -0.0067759  0.0015906  0.0048723 -0.0048443 -0.0083110  0.0808760
 -0.0073947  0.0022817  0.0065876 -0.0064149 -0.0084134  0.0922000
 -0.0080839  0.0031339  0.0089342 -0.0083607 -0.0083687  0.1040100
 -0.0087241  0.0039735  0.0115550 -0.0103280 -0.0081807  0.1141100
 -0.0094747  0.0049764  0.0151990 -0.0127960 -0.0077913  0.1248000
 -0.0104330  0.0062184  0.0207990 -0.0161520 -0.0070543  0.1366600
 -0.0115190  0.0074786  0.0285290 -0.0201780 -0.0059362  0.1477900
 -0.0127140  0.0085727  0.0389900 -0.0248740 -0.0044053  0.1574600
 -0.0140230  0.0092754  0.0534540 -0.0304430 -0.0023929  0.1652900
 -0.0151490  0.0092959  0.0696410 -0.0358510 -0.0003456  0.1698000
 -0.0162480  0.0084475  0.0918820 -0.0423820  0.0021064  0.1718700
 -0.0170960  0.0060491  0.1246700 -0.0508450  0.0050225  0.1698400
 -0.0170230  0.0020288  0.1656400 -0.0602510  0.0076251  0.1619800
 -0.0160620 -0.0014871  0.1983100 -0.0670990  0.0089143  0.1522200
 -0.0141330 -0.0049125  0.2310500 -0.0733390  0.0094335  0.1386000
 -0.0119590 -0.0069592  0.2535700 -0.0769690  0.0091667  0.1252700
 -0.0093225 -0.0080113  0.2702400 -0.0785890  0.0082745  0.1095400
 -0.0070135 -0.0079375  0.2769600 -0.0776700  0.0071246  0.0950400
 -0.0051184 -0.0072174  0.2761400 -0.0748390  0.0059308  0.0817840
 -0.0036337 -0.0061939  0.2696500 -0.0706300  0.0048050  0.0697510
 -0.0025132 -0.0050909  0.2589700 -0.0654910  0.0038020  0.0589110
 -0.0016948 -0.0040419  0.2452800 -0.0597920  0.0029429  0.0492320
 -0.0011149 -0.0031162  0.2295000 -0.0538320  0.0022300  0.0406810
 -0.0007158 -0.0023410  0.2123700 -0.0478450  0.0016541  0.0332170
 -0.0004933 -0.0018226  0.2002900 -0.0434820  0.0012447  0.0284940
 -0.0003055 -0.0013116  0.1820400 -0.0378310  0.0008853  0.0227850
 -0.0001859 -0.0009237  0.1638100 -0.0325380  0.0006146  0.0179730
 -0.0001116 -0.0006367  0.1459300 -0.0276670  0.0004160  0.0139810
 -0.0000397 -0.0002834  0.1122600 -0.0193150  0.0001750  0.0081084
 -0.0000147 -0.0001149  0.0825760 -0.0128340  0.0000646  0.0044391
 -0.0000058 -0.0000418  0.0577270 -0.0080662  0.0000203  0.0022910
 -0.0000023 -0.0000133  0.0380080 -0.0047496  0.0000052  0.0011106
 -0.0000008 -0.0000035  0.0232560 -0.0025817  0.0000010  0.0005011
 -0.0000002 -0.0000007  0.0129610 -0.0012665  0.0000001  0.0002063
 -0.0000001 -0.0000001  0.0063753 -0.0005411  0.0000000  0.0000745
  0.0000000  0.0000000  0.0026234 -0.0001895  0.0000000  0.0000220
  0.0000000  0.0000000  0.0008165 -0.0000485  0.0000000  0.0000047
  0.0000000  0.0000000  0.0001533 -0.0000070  0.0000000  0.0000005
  0.0000000  0.0000000  0.0000089 -0.0000003  0.0000000  0.0000000
  0.0000000  0.0000000  0.0000000  0.0000000  0.0000000  0.0000000
 -0.0030165 -0.0003370  0.0002960  0.0004916 -0.0051190  0.0099691
 -0.0041063 -0.0002604  0.0008374 -0.0002611 -0.0064229  0.0304420
 -0.0045960 -0.0001183  0.0012329 -0.0007859 -0.0069257  0.0403800
 -0.0050121  0.0000611  0.0016645 -0.0013301 -0.0073057  0.0490080
 -0.0053879  0.0002710  0.0021418 -0.0019022 -0.0076081  0.0568690
 -0.0058148  0.0005650  0.0027983 -0.0026467 -0.0079004  0.0657930
 -0.0063394  0.0010053  0.0037931 -0.0036997 -0.0081791  0.0766290
 -0.0069114  0.0015776  0.0051443 -0.0050179 -0.0083748  0.0881180
 -0.0075264  0.0022853  0.0069432 -0.0066222 -0.0084531  0.0999090
 -0.0082085  0.0031550  0.0093983 -0.0086063 -0.0083772  0.1121100
 -0.0088398  0.0040089  0.0121330 -0.0106090 -0.0081577  0.1224700
 -0.0095774  0.0050245  0.0159250 -0.0131180 -0.0077297  0.1333400
 -0.0105160  0.0062751  0.0217340 -0.0165210 -0.0069431  0.1452500
 -0.0115740  0.0075340  0.0297200 -0.0205960 -0.0057719  0.1562200
 -0.0127320  0.0086135  0.0404760 -0.0253370 -0.0041895  0.1655200
 -0.0139930  0.0092858  0.0552680 -0.0309430 -0.0021324  0.1727200
 -0.0150660  0.0092703  0.0717300 -0.0363700 -0.0000595  0.1764900
 -0.0160960  0.0083800  0.0942110 -0.0428970  0.0023995  0.1775300
 -0.0168500  0.0059480  0.1271000 -0.0513050  0.0052894  0.1740700
 -0.0166770  0.0019409  0.1677800 -0.0605610  0.0078229  0.1645600
 -0.0156560 -0.0015202  0.1998800 -0.0672140  0.0090398  0.1535400
 -0.0136950 -0.0048521  0.2316600 -0.0731630  0.0094768  0.1386800
 -0.0115260 -0.0068119  0.2531500 -0.0764960  0.0091485  0.1244500
 -0.0089292 -0.0077851  0.2685600 -0.0777730  0.0082063  0.1079500
 -0.0066772 -0.0076700  0.2741600 -0.0765640  0.0070297  0.0929560
 -0.0048440 -0.0069405  0.2723900 -0.0735080  0.0058258  0.0794280
 -0.0034179 -0.0059305  0.2651300 -0.0691410  0.0047013  0.0672910
 -0.0023490 -0.0048550  0.2538800 -0.0639080  0.0037064  0.0564740
 -0.0015733 -0.0038402  0.2397800 -0.0581720  0.0028592  0.0469150
 -0.0010274 -0.0029501  0.2237400 -0.0522240  0.0021597  0.0385500
 -0.0006541 -0.0022086  0.2065000 -0.0462890  0.0015972  0.0313140
 -0.0004488 -0.0017173  0.1944900 -0.0420100  0.0012004  0.0267870
 -0.0002753 -0.0012319  0.1763200 -0.0364580  0.0008516  0.0213260
 -0.0001656 -0.0008648  0.1582800 -0.0312800  0.0005899  0.0167560
 -0.0000982 -0.0005942  0.1406600 -0.0265320  0.0003984  0.0129890
 -0.0000340 -0.0002628  0.1076800 -0.0184340  0.0001671  0.0074916
 -0.0000123 -0.0001058  0.0788140 -0.0121890  0.0000616  0.0040864
 -0.0000048 -0.0000382  0.0548160 -0.0076234  0.0000194  0.0021045
 -0.0000019 -0.0000120  0.0358990 -0.0044657  0.0000050  0.0010190
 -0.0000007 -0.0000031  0.0218410 -0.0024140  0.0000010  0.0004592
 -0.0000002 -0.0000006  0.0120970 -0.0011771  0.0000001  0.0001885
  0.0000000 -0.0000001  0.0059089 -0.0004995  0.0000000  0.0000678
  0.0000000  0.0000000  0.0024119 -0.0001735  0.0000000  0.0000199
  0.0000000  0.0000000  0.0007433 -0.0000440  0.0000000  0.0000042
  0.0000000  0.0000000  0.0001377 -0.0000063  0.0000000  0.0000005
  0.0000000  0.0000000  0.0000078 -0.0000002  0.0000000  0.0000000
  0.0000000  0.0000000  0.0000000  0.0000000  0.0000000  0.0000000
 -0.0031030 -0.0003950  0.0003144  0.0004714 -0.0052079  0.0123160
 -0.0042170 -0.0003220  0.0008866 -0.0003085 -0.0065260  0.0344150
 -0.0047141 -0.0001764  0.0013036 -0.0008492 -0.0070293  0.0450340
 -0.0051347  0.0000082  0.0017580 -0.0014086 -0.0074067  0.0542030
 -0.0055133  0.0002245  0.0022598 -0.0019958 -0.0077045  0.0625210
 -0.0059420  0.0005272  0.0029491 -0.0027586 -0.0079889  0.0719230
 -0.0064667  0.0009800  0.0039921 -0.0038360 -0.0082544  0.0832830
 -0.0070364  0.0015672  0.0054060 -0.0051824 -0.0084316  0.0952590
 -0.0076466  0.0022914  0.0072846 -0.0068184 -0.0084858  0.1074700
 -0.0083205  0.0031785  0.0098426 -0.0088384 -0.0083794  0.1200200
 -0.0089421  0.0040463  0.0126850 -0.0108740 -0.0081293  0.1305800
 -0.0096660  0.0050744  0.0166180 -0.0134200 -0.0076640  0.1415800
 -0.0105840  0.0063338  0.0226220 -0.0168680 -0.0068302  0.1534700
 -0.0116150  0.0075918  0.0308470 -0.0209870 -0.0056089  0.1642400
 -0.0127380  0.0086577  0.0418750 -0.0257690 -0.0039785  0.1731300
 -0.0139520  0.0093018  0.0569680 -0.0314070 -0.0018806  0.1796500
 -0.0149760  0.0092527  0.0736780 -0.0368490  0.0002143  0.1826500
 -0.0159420  0.0083237  0.0963690 -0.0433700  0.0026776  0.1826700
 -0.0166110  0.0058612  0.1293200 -0.0517210  0.0055397  0.1778300
 -0.0163480  0.0018669  0.1697100 -0.0608310  0.0080055  0.1667300
 -0.0152760 -0.0015436  0.2012600 -0.0672980  0.0091533  0.1545400
 -0.0132900 -0.0047903  0.2321300 -0.0729720  0.0095130  0.1385400
 -0.0111290 -0.0066720  0.2526400 -0.0760300  0.0091276  0.1235000
 -0.0085715 -0.0075755  0.2669000 -0.0769930  0.0081395  0.1063300
 -0.0063736 -0.0074250  0.2714700 -0.0755200  0.0069391  0.0909370
 -0.0045977 -0.0066890  0.2688400 -0.0722630  0.0057269  0.0772020
 -0.0032256 -0.0056927  0.2609000 -0.0677570  0.0046042  0.0650070
 -0.0022034 -0.0046431  0.2491300 -0.0624450  0.0036174  0.0542440
 -0.0014663 -0.0036598  0.2346700 -0.0566820  0.0027818  0.0448190
 -0.0009507 -0.0028022  0.2184300 -0.0507510  0.0020949  0.0366420
 -0.0006005 -0.0020912  0.2010900 -0.0448670  0.0015450  0.0296250
 -0.0004064 -0.0016148  0.1886200 -0.0405360  0.0011559  0.0251320
 -0.0002466 -0.0011546  0.1705700 -0.0350870  0.0008179  0.0199220
 -0.0001465 -0.0008079  0.1527300 -0.0300270  0.0005652  0.0155920
 -0.0000856 -0.0005533  0.1353900 -0.0254060  0.0003808  0.0120460
 -0.0000287 -0.0002430  0.1031200 -0.0175640  0.0001592  0.0069099
 -0.0000100 -0.0000971  0.0750960 -0.0115560  0.0000586  0.0037556
 -0.0000038 -0.0000347  0.0519560 -0.0071908  0.0000185  0.0019300
 -0.0000015 -0.0000108  0.0338390 -0.0041900  0.0000049  0.0009332
 -0.0000005 -0.0000028  0.0204670 -0.0022521  0.0000010  0.0004199
 -0.0000001 -0.0000005  0.0112640 -0.0010914  0.0000001  0.0001719
  0.0000000  0.0000000  0.0054626 -0.0004599  0.0000000  0.0000615
  0.0000000  0.0000000  0.0022112 -0.0001585  0.0000000  0.0000179
  0.0000000  0.0000000  0.0006745 -0.0000398  0.0000000  0.0000037
  0.0000000  0.0000000  0.0001232 -0.0000056  0.0000000  0.0000004
  0.0000000  0.0000000  0.0000069 -0.0000002  0.0000000  0.0000000
  0.0000000  0.0000000  0.0000000  0.0000000  0.0000000  0.0000000
 -0.0031925 -0.0004558  0.0003333  0.0004510 -0.0052995  0.0148840
 -0.0043297 -0.0003856  0.0009372 -0.0003564 -0.0066307  0.0386680
 -0.0048334 -0.0002358  0.0013761 -0.0009130 -0.0071336  0.0499800
 -0.0052579 -0.0000454  0.0018536 -0.0014877 -0.0075078  0.0596990
 -0.0056386  0.0001778  0.0023803 -0.0020899 -0.0078002  0.0684770
 -0.0060681  0.0004899  0.0031029 -0.0028712 -0.0080760  0.0783560
 -0.0065919  0.0009559  0.0041946 -0.0039728 -0.0083272  0.0902330
 -0.0071582  0.0015589  0.0056719 -0.0053473 -0.0084846  0.1026800
 -0.0077621  0.0023004  0.0076307 -0.0070148 -0.0085137  0.1152900
 -0.0084266  0.0032056  0.0102920 -0.0090702 -0.0083757  0.1281500
 -0.0090373  0.0040879  0.0132430 -0.0111380 -0.0080942  0.1388900
 -0.0097464  0.0051290  0.0173150 -0.0137210 -0.0075911  0.1499700
 -0.0106420  0.0063974  0.0235140 -0.0172120 -0.0067096  0.1617900
 -0.0116450  0.0076549  0.0319730 -0.0213750 -0.0054384  0.1722900
 -0.0127320  0.0087073  0.0432690 -0.0261960 -0.0037610  0.1806900
 -0.0139000  0.0093234  0.0586540 -0.0318640 -0.0016241  0.1864800
 -0.0148760  0.0092413  0.0756000 -0.0373180  0.0004910  0.1886600
 -0.0157790  0.0082743  0.0984840 -0.0438290  0.0029561  0.1876100
 -0.0163660  0.0057824  0.1314800 -0.0521190  0.0057875  0.1813300
 -0.0160200  0.0018011  0.1715600 -0.0610790  0.0081836  0.1686500
 -0.0149010 -0.0015600  0.2025400 -0.0673580  0.0092618  0.1553100
 -0.0128930 -0.0047248  0.2325000 -0.0727600  0.0095446  0.1382100
 -0.0107440 -0.0065320  0.2520500 -0.0755480  0.0091032  0.1224200
 -0.0082272 -0.0073703  0.2651700 -0.0762040  0.0080708  0.1046300
 -0.0060834 -0.0071878  0.2687500 -0.0744800  0.0068478  0.0888850
 -0.0043639 -0.0064472  0.2652900 -0.0710320  0.0056283  0.0749890
 -0.0030439 -0.0054653  0.2567000 -0.0663980  0.0045083  0.0627720
 -0.0020667 -0.0044415  0.2444500 -0.0610140  0.0035301  0.0520890
 -0.0013663 -0.0034889  0.2296600 -0.0552310  0.0027061  0.0428150
 -0.0008794 -0.0026626  0.2132300 -0.0493220  0.0020319  0.0348340
 -0.0005509 -0.0019807  0.1958300 -0.0434930  0.0014943  0.0280380
 -0.0003696 -0.0015242  0.1832400 -0.0391930  0.0011152  0.0236750
 -0.0002218 -0.0010864  0.1653100 -0.0338430  0.0007871  0.0186940
 -0.0001301 -0.0007579  0.1476700 -0.0288940  0.0005427  0.0145800
 -0.0000749 -0.0005174  0.1306000 -0.0243900  0.0003650  0.0112300
 -0.0000242 -0.0002258  0.0990120 -0.0167840  0.0001521  0.0064109
 -0.0000082 -0.0000896  0.0717580 -0.0109910  0.0000559  0.0034732
 -0.0000031 -0.0000318  0.0494030 -0.0068068  0.0000177  0.0017814
 -0.0000012 -0.0000098  0.0320110 -0.0039466  0.0000047  0.0008601
 -0.0000004 -0.0000025  0.0192550 -0.0021101  0.0000010  0.0003863
 -0.0000001 -0.0000004  0.0105340 -0.0010166  0.0000002  0.0001576
  0.0000000  0.0000000  0.0050744 -0.0004256  0.0000000  0.0000561
  0.0000000  0.0000000  0.0020381 -0.0001455  0.0000000  0.0000162
  0.0000000  0.0000000  0.0006157 -0.0000362  0.0000000  0.0000033
  0.0000000  0.0000000  0.0001110 -0.0000050  0.0000000  0.0000004
  0.0000000  0.0000000  0.0000061 -0.0000002  0.0000000  0.0000000
  0.0000000  0.0000000  0.0000000  0.0000000  0.0000000  0.0000000
 -0.0032743 -0.0005122  0.0003506  0.0004325 -0.0053830  0.0173560
 -0.0044312 -0.0004436  0.0009831 -0.0003993 -0.0067248  0.0426830
 -0.0049402 -0.0002895  0.0014418 -0.0009702 -0.0072268  0.0546240
 -0.0053675 -0.0000934  0.0019402 -0.0015585 -0.0075974  0.0648350
 -0.0057496  0.0001364  0.0024895 -0.0021741 -0.0078845  0.0740220
 -0.0061791  0.0004574  0.0032420 -0.0029716 -0.0081518  0.0843230
 -0.0067011  0.0009358  0.0043774 -0.0040947 -0.0083894  0.0966500
 -0.0072634  0.0015535  0.0059114 -0.0054941 -0.0085285  0.1095000
 -0.0078608  0.0023110  0.0079420 -0.0071893 -0.0085342  0.1224400
 -0.0085157  0.0032329  0.0106950 -0.0092759 -0.0083674  0.1355600
 -0.0091158  0.0041285  0.0137420 -0.0113720 -0.0080573  0.1464200
 -0.0098107  0.0051815  0.0179380 -0.0139870 -0.0075201  0.1575300
 -0.0106860  0.0064582  0.0243080 -0.0175160 -0.0065962  0.1692500
 -0.0116630  0.0077153  0.0329730 -0.0217160 -0.0052808  0.1794600
 -0.0127180  0.0087559  0.0445020 -0.0265700 -0.0035625  0.1873600
 -0.0138450  0.0093474  0.0601380 -0.0322630 -0.0013924  0.1924400
 -0.0147780  0.0092362  0.0772840 -0.0377260  0.0007389  0.1938500
 -0.0156280  0.0082360  0.1003300 -0.0442250  0.0032035  0.1918200
 -0.0161450  0.0057186  0.1333400 -0.0524570  0.0060054  0.1842400
 -0.0157280  0.0017491  0.1731200 -0.0612810  0.0083378  0.1701500
 -0.0145710 -0.0015693  0.2036000 -0.0673930  0.0093539  0.1558000
 -0.0125490 -0.0046638  0.2327400 -0.0725550  0.0095687  0.1377700
 -0.0104120 -0.0064080  0.2514500 -0.0751070  0.0090786  0.1213400
 -0.0079323 -0.0071918  0.2635800 -0.0754990  0.0080081  0.1030600
 -0.0058365 -0.0069834  0.2663000 -0.0735590  0.0067663  0.0870460
 -0.0041660 -0.0062402  0.2621400 -0.0699500  0.0055411  0.0730410
 -0.0028911 -0.0052718  0.2530000 -0.0652100  0.0044240  0.0608320
 -0.0019523 -0.0042706  0.2403500 -0.0597710  0.0034538  0.0502390
 -0.0012831 -0.0033446  0.2253000 -0.0539750  0.0026403  0.0411110
 -0.0008204 -0.0025452  0.2087100 -0.0480880  0.0019774  0.0333100
 -0.0005100 -0.0018881  0.1912800 -0.0423120  0.0014507  0.0267080
 -0.0003358 -0.0014392  0.1780200 -0.0379000  0.0010758  0.0223150
 -0.0001993 -0.0010228  0.1602300 -0.0326480  0.0007575  0.0175550
 -0.0001153 -0.0007113  0.1428000 -0.0278080  0.0005211  0.0136470
 -0.0000653 -0.0004841  0.1260000 -0.0234190  0.0003498  0.0104810
 -0.0000202 -0.0002099  0.0950800 -0.0160420  0.0001453  0.0059563
 -0.0000065 -0.0000827  0.0685840 -0.0104570  0.0000534  0.0032171
 -0.0000024 -0.0000291  0.0469890 -0.0064457  0.0000170  0.0016468
 -0.0000009 -0.0000088  0.0302920 -0.0037188  0.0000045  0.0007939
 -0.0000003 -0.0000022  0.0181220 -0.0019779  0.0000010  0.0003558
 -0.0000001 -0.0000004  0.0098556 -0.0009475  0.0000002  0.0001447
  0.0000000  0.0000000  0.0047162 -0.0003941  0.0000000  0.0000512
  0.0000000  0.0000000  0.0018797 -0.0001337  0.0000000  0.0000147
  0.0000000  0.0000000  0.0005625 -0.0000330  0.0000000  0.0000030
  0.0000000  0.0000000  0.0001002 -0.0000045  0.0000000  0.0000003
  0.0000000  0.0000000  0.0000053 -0.0000001  0.0000000  0.0000000
  0.0000000  0.0000000  0.0000000  0.0000000  0.0000000  0.0000000
 -0.0033624 -0.0005736  0.0003692  0.0004129 -0.0054727  0.0201470
 -0.0045390 -0.0005057  0.0010324 -0.0004448 -0.0068245  0.0471360
 -0.0050529 -0.0003466  0.0015122 -0.0010306 -0.0073248  0.0597450
 -0.0054825 -0.0001440  0.0020328 -0.0016331 -0.0076910  0.0704760
 -0.0058652  0.0000932  0.0026059 -0.0022627 -0.0079718  0.0800920
 -0.0062942  0.0004241  0.0033902 -0.0030773 -0.0082296  0.0908300
 -0.0068134  0.0009163  0.0045719 -0.0042229 -0.0084520  0.1036200
 -0.0073704  0.0015501  0.0061658 -0.0056481 -0.0085708  0.1168800
 -0.0079598  0.0023250  0.0082720 -0.0073721 -0.0085513  0.1301500
 -0.0086037  0.0032650  0.0111220 -0.0094911 -0.0083533  0.1434900
 -0.0091918  0.0041749  0.0142700 -0.0116170 -0.0080127  0.1544600
 -0.0098709  0.0052407  0.0185940 -0.0142650 -0.0074394  0.1655700
 -0.0107240  0.0065263  0.0251420 -0.0178330 -0.0064708  0.1771200
 -0.0116730  0.0077830  0.0340210 -0.0220700 -0.0051097  0.1869700
 -0.0126940  0.0088114  0.0457880 -0.0269570 -0.0033493  0.1943000
 -0.0137780  0.0093770  0.0616790 -0.0326740 -0.0011460  0.1985800
 -0.0146670  0.0092356  0.0790250 -0.0381440  0.0010006  0.1991400
 -0.0154630  0.0082012  0.1022200 -0.0446280  0.0034626  0.1960400
 -0.0159090  0.0056577  0.1352400 -0.0527970  0.0062311  0.1870900
 -0.0154230  0.0017005  0.1746900 -0.0614750  0.0084952  0.1715200
 -0.0142300 -0.0015742  0.2046200 -0.0674110  0.0094459  0.1561500
 -0.0121950 -0.0045975  0.2329200 -0.0723230  0.0095902  0.1371600
 -0.0100730 -0.0062786  0.2507600 -0.0746330  0.0090500  0.1201200
 -0.0076341 -0.0070086  0.2618800 -0.0747560  0.0079409  0.1013700
 -0.0055882 -0.0067756  0.2637200 -0.0725980  0.0066804  0.0851080
 -0.0039682 -0.0060310  0.2588500 -0.0688290  0.0054503  0.0710230
 -0.0027391 -0.0050772  0.2491600 -0.0639860  0.0043368  0.0588470
 -0.0018391 -0.0040994  0.2361100 -0.0584940  0.0033752  0.0483660
 -0.0012012 -0.0032006  0.2208000 -0.0526900  0.0025728  0.0394000
 -0.0007626 -0.0024284  0.2040800 -0.0468320  0.0019216  0.0317910
 -0.0004702 -0.0017963  0.1866200 -0.0411110  0.0014062  0.0253930
 -0.0003081 -0.0013682  0.1735200 -0.0367910  0.0010420  0.0211830
 -0.0001809 -0.0009697  0.1558500 -0.0316260  0.0007322  0.0166120
 -0.0001032 -0.0006726  0.1386100 -0.0268820  0.0005027  0.0128780
 -0.0000575 -0.0004565  0.1220600 -0.0225930  0.0003368  0.0098666
 -0.0000170 -0.0001968  0.0917320 -0.0154140  0.0001395  0.0055861
 -0.0000052 -0.0000770  0.0658950 -0.0100080  0.0000512  0.0030094
 -0.0000018 -0.0000269  0.0449540 -0.0061429  0.0000163  0.0015377
 -0.0000007 -0.0000081  0.0288500 -0.0035288  0.0000044  0.0007402
 -0.0000002 -0.0000020  0.0171780 -0.0018682  0.0000010  0.0003311
 -0.0000001 -0.0000003  0.0092934 -0.0008904  0.0000002  0.0001342
  0.0000000  0.0000000  0.0044214 -0.0003682  0.0000000  0.0000473
  0.0000000  0.0000000  0.0017502 -0.0001241  0.0000000  0.0000135
  0.0000000  0.0000000  0.0005194 -0.0000303  0.0000000  0.0000027
  0.0000000  0.0000000  0.0000915 -0.0000041  0.0000000  0.0000003
  0.0000000  0.0000000  0.0000048 -0.0000001  0.0000000  0.0000000
  0.0000000  0.0000000  0.0000000  0.0000000  0.0000000  0.0000000
 -0.0034484 -0.0006341  0.0003874  0.0003940 -0.0055600  0.0229970
 -0.0046427 -0.0005659  0.0010802 -0.0004884 -0.0069201  0.0516080
 -0.0051605 -0.0004015  0.0015804 -0.0010885 -0.0074181  0.0648600
 -0.0055917 -0.0001921  0.0021225 -0.0017046 -0.0077795  0.0760880
 -0.0059746  0.0000526  0.0027186 -0.0023474 -0.0080538  0.0861110
 -0.0064022  0.0003935  0.0035335 -0.0031783 -0.0083017  0.0972600
 -0.0069179  0.0008994  0.0047596 -0.0043451 -0.0085089  0.1104800
 -0.0074689  0.0015491  0.0064109 -0.0057948 -0.0086076  0.1241100
 -0.0080498  0.0023412  0.0085892 -0.0075461 -0.0085631  0.1376600
 -0.0086821  0.0032989  0.0115320 -0.0096955 -0.0083348  0.1511900
 -0.0092580  0.0042229  0.0147750 -0.0118490 -0.0079647  0.1622300
 -0.0099213  0.0053010  0.0192220 -0.0145280 -0.0073566  0.1733000
 -0.0107520  0.0065952  0.0259380 -0.0181320 -0.0063455  0.1846500
 -0.0116740  0.0078517  0.0350150 -0.0224030 -0.0049412  0.1941000
 -0.0126630  0.0088683  0.0470060 -0.0273200 -0.0031419  0.2008400
 -0.0137060  0.0094094  0.0631320 -0.0330590 -0.0009084  0.2043100
 -0.0145550  0.0092394  0.0806600 -0.0385340  0.0012510  0.2040200
 -0.0153000  0.0081727  0.1039900 -0.0450010  0.0037085  0.1998900
 -0.0156820  0.0056050  0.1369900 -0.0531060  0.0064432  0.1896100
 -0.0151340  0.0016594  0.1761100 -0.0616430  0.0086410  0.1726500
 -0.0139090 -0.0015746  0.2055300 -0.0674120  0.0095291  0.1563200
 -0.0118660 -0.0045326  0.2330100 -0.0720880  0.0096070  0.1364700
 -0.0097608 -0.0061564  0.2500400 -0.0741710  0.0090201  0.1188800
 -0.0073605 -0.0068382  0.2602100 -0.0740450  0.0078757  0.0997170
 -0.0053617 -0.0065837  0.2612500 -0.0716880  0.0065985  0.0832640
 -0.0037887 -0.0058392  0.2557300 -0.0677760  0.0053644  0.0691300
 -0.0026018 -0.0048995  0.2455400 -0.0628410  0.0042549  0.0570070
 -0.0017374 -0.0039438  0.2321400 -0.0573050  0.0033018  0.0466460
 -0.0011279 -0.0030701  0.2166000 -0.0514980  0.0025100  0.0378420
 -0.0007112 -0.0023229  0.1997700 -0.0456690  0.0018700  0.0304180
 -0.0004349 -0.0017136  0.1823000 -0.0400040  0.0013652  0.0242110
 -0.0002813 -0.0012980  0.1689200 -0.0356670  0.0010077  0.0200690
 -0.0001631 -0.0009174  0.1514000 -0.0305940  0.0007065  0.0156900
 -0.0000917 -0.0006345  0.1343700 -0.0259490  0.0004841  0.0121300
 -0.0000500 -0.0004295  0.1180700 -0.0217630  0.0003238  0.0092706
 -0.0000140 -0.0001841  0.0883630 -0.0147860  0.0001337  0.0052288
 -0.0000039 -0.0000715  0.0632030 -0.0095594  0.0000490  0.0028095
 -0.0000013 -0.0000247  0.0429270 -0.0058427  0.0000156  0.0014330
 -0.0000005 -0.0000073  0.0274220 -0.0033413  0.0000043  0.0006886
 -0.0000001 -0.0000017  0.0162460 -0.0017604  0.0000010  0.0003073
  0.0000000 -0.0000003  0.0087421 -0.0008346  0.0000002  0.0001242
  0.0000000  0.0000000  0.0041340 -0.0003431  0.0000000  0.0000435
  0.0000000  0.0000000  0.0016250 -0.0001149  0.0000000  0.0000123
  0.0000000  0.0000000  0.0004781 -0.0000278  0.0000000  0.0000025
  0.0000000  0.0000000  0.0000832 -0.0000037  0.0000000  0.0000003
  0.0000000  0.0000000  0.0000043 -0.0000001  0.0000000  0.0000000
  0.0000000  0.0000000  0.0000000  0.0000000  0.0000000  0.0000000
 -0.0035369 -0.0006970  0.0004060  0.0003747 -0.0056496  0.0260590
 -0.0047479 -0.0006276  0.0011293 -0.0005327 -0.0070170  0.0563400
 -0.0052691 -0.0004571  0.0016503 -0.0011471 -0.0075120  0.0702450
 -0.0057012 -0.0002404  0.0022143 -0.0017768 -0.0078678  0.0819740
 -0.0060836  0.0000124  0.0028338 -0.0024330 -0.0081349  0.0924030
 -0.0065092  0.0003639  0.0036797 -0.0032801 -0.0083723  0.1039600
 -0.0070205  0.0008842  0.0049509 -0.0044683 -0.0085633  0.1175900
 -0.0075645  0.0015506  0.0066603 -0.0059425 -0.0086408  0.1315700
 -0.0081359  0.0023606  0.0089115 -0.0077209 -0.0085706  0.1453900
 -0.0087557  0.0033365  0.0119470 -0.0099005 -0.0083110  0.1590900
 -0.0093184  0.0042749  0.0152860 -0.0120820 -0.0079108  0.1701600
 -0.0099651  0.0053658  0.0198550 -0.0147910 -0.0072675  0.1811500
 -0.0107730  0.0066687  0.0267380 -0.0184300 -0.0062137  0.1922400
 -0.0116680  0.0079249  0.0360140 -0.0227360 -0.0047665  0.2012500
 -0.0126230  0.0089295  0.0482240 -0.0276820 -0.0029289  0.2073500
 -0.0136270  0.0094459  0.0645790 -0.0334390 -0.0006668  0.2099500
 -0.0144350  0.0092473  0.0822800 -0.0389170  0.0015040  0.2087900
 -0.0151310  0.0081486  0.1057300 -0.0453660  0.0039551  0.2035800
 -0.0154510  0.0055569  0.1387100 -0.0534040  0.0066537  0.1919600
 -0.0148450  0.0016229  0.1774800 -0.0617970  0.0087834  0.1736100
 -0.0135920 -0.0015714  0.2063600 -0.0673960  0.0096087  0.1563400
 -0.0115430 -0.0044659  0.2330400 -0.0718390  0.0096204  0.1356700
 -0.0094553 -0.0060344  0.2492600 -0.0736980  0.0089875  0.1175600
 -0.0070948 -0.0066705  0.2585000 -0.0733280  0.0078088  0.0980270
 -0.0051432 -0.0063966  0.2587600 -0.0707790  0.0065160  0.0814140
 -0.0036164 -0.0056530  0.2526000 -0.0667290  0.0052786  0.0672580
 -0.0024707 -0.0047278  0.2419400 -0.0617090  0.0041735  0.0552070
 -0.0016408 -0.0037940  0.2282000 -0.0561350  0.0032293  0.0449780
 -0.0010586 -0.0029450  0.2124600 -0.0503290  0.0024482  0.0363430
 -0.0006627 -0.0022221  0.1955300 -0.0445330  0.0018194  0.0291050
 -0.0004019 -0.0016348  0.1780600 -0.0389250  0.0013251  0.0230880
 -0.0002576 -0.0012350  0.1646800 -0.0346340  0.0009761  0.0190750
 -0.0001475 -0.0008705  0.1473000 -0.0296470  0.0006830  0.0148700
 -0.0000816 -0.0006005  0.1304700 -0.0250950  0.0004671  0.0114670
 -0.0000436 -0.0004054  0.1144200 -0.0210050  0.0003119  0.0087451
 -0.0000114 -0.0001727  0.0852870 -0.0142150  0.0001285  0.0049154
 -0.0000029 -0.0000667  0.0607560 -0.0091542  0.0000471  0.0026348
 -0.0000009 -0.0000229  0.0410930 -0.0055723  0.0000150  0.0013415
 -0.0000003 -0.0000067  0.0261360 -0.0031732  0.0000041  0.0006435
 -0.0000001 -0.0000016  0.0154120 -0.0016643  0.0000010  0.0002865
  0.0000000 -0.0000002  0.0082513 -0.0007852  0.0000002  0.0001154
  0.0000000  0.0000000  0.0038796 -0.0003210  0.0000000  0.0000402
  0.0000000  0.0000000  0.0015149 -0.0001068  0.0000000  0.0000113
  0.0000000  0.0000000  0.0004421 -0.0000257  0.0000000  0.0000022
  0.0000000  0.0000000  0.0000761 -0.0000034  0.0000000  0.0000002
  0.0000000  0.0000000  0.0000038 -0.0000001  0.0000000  0.0000000
  0.0000000  0.0000000  0.0000000  0.0000000  0.0000000  0.0000000
 -0.0036176 -0.0007549  0.0004231  0.0003573 -0.0057312  0.0289640
 -0.0048425 -0.0006833  0.0011739 -0.0005724 -0.0071040  0.0607650
 -0.0053662 -0.0005070  0.0017138 -0.0011997 -0.0075956  0.0752580
 -0.0057986 -0.0002833  0.0022976 -0.0018416 -0.0079460  0.0874330
 -0.0061800 -0.0000228  0.0029382 -0.0025097 -0.0082061  0.0982210
 -0.0066032  0.0003386  0.0038121 -0.0033713 -0.0084334  0.1101300
 -0.0071098  0.0008723  0.0051238 -0.0045784 -0.0086093  0.1241300
 -0.0076468  0.0015541  0.0068854 -0.0060743 -0.0086673  0.1384100
 -0.0082089  0.0023805  0.0092017 -0.0078768 -0.0085734  0.1524400
 -0.0088167  0.0033732  0.0123200 -0.0100830 -0.0082853  0.1662500
 -0.0093672  0.0043247  0.0157440 -0.0122890 -0.0078579  0.1773200
 -0.0099985  0.0054271  0.0204220 -0.0150240 -0.0071829  0.1882100
 -0.0107860  0.0067379  0.0274530 -0.0186940 -0.0060911  0.1990400
 -0.0116550  0.0079937  0.0369040 -0.0230300 -0.0046060  0.2076100
 -0.0125810  0.0089875  0.0493050 -0.0280000 -0.0027352  0.2130900
 -0.0135500  0.0094818  0.0658580 -0.0337740 -0.0004488  0.2148900
 -0.0143230  0.0092576  0.0837080 -0.0392530  0.0017306  0.2129100
 -0.0149760  0.0081305  0.1072600 -0.0456820  0.0041743  0.2067300
 -0.0152440  0.0055178  0.1402000 -0.0536580  0.0068390  0.1939000
 -0.0145890  0.0015940  0.1786400 -0.0619210  0.0089070  0.1743300
 -0.0133120 -0.0015656  0.2070500 -0.0673700  0.0096760  0.1562500
 -0.0112600 -0.0044053  0.2330200 -0.0716050  0.0096294  0.1348700
 -0.0091901 -0.0059266  0.2485100 -0.0732690  0.0089564  0.1163300
 -0.0068656 -0.0065241  0.2569500 -0.0726870  0.0077482  0.0965010
 -0.0049556 -0.0062343  0.2565200 -0.0699730  0.0064422  0.0797710
 -0.0034692 -0.0054923  0.2498200 -0.0658060  0.0052026  0.0656160
 -0.0023592 -0.0045803  0.2387500 -0.0607150  0.0041019  0.0536420
 -0.0015589 -0.0036658  0.2247300 -0.0551110  0.0031657  0.0435410
 -0.0010001 -0.0028383  0.2088200 -0.0493090  0.0023943  0.0350600
 -0.0006221 -0.0021363  0.1918300 -0.0435440  0.0017753  0.0279880
 -0.0003743 -0.0015680  0.1743700 -0.0379880  0.0012903  0.0221380
 -0.0002355 -0.0011751  0.1605200 -0.0336290  0.0009454  0.0181340
 -0.0001331 -0.0008261  0.1433000 -0.0287280  0.0006601  0.0140980
 -0.0000723 -0.0005683  0.1266700 -0.0242690  0.0004506  0.0108460
 -0.0000376 -0.0003826  0.1108700 -0.0202740  0.0003003  0.0082540
 -0.0000090 -0.0001621  0.0823140 -0.0136660  0.0001234  0.0046240
 -0.0000019 -0.0000622  0.0584030 -0.0087662  0.0000452  0.0024728
 -0.0000005 -0.0000212  0.0393380 -0.0053147  0.0000145  0.0012567
 -0.0000001 -0.0000061  0.0249100 -0.0030138  0.0000040  0.0006018
  0.0000000 -0.0000014  0.0146220 -0.0015736  0.0000009  0.0002673
  0.0000000 -0.0000002  0.0077884 -0.0007387  0.0000002  0.0001072
  0.0000000  0.0000000  0.0036412 -0.0003004  0.0000000  0.0000372
  0.0000000  0.0000000  0.0014124 -0.0000993  0.0000000  0.0000104
  0.0000000  0.0000000  0.0004089 -0.0000237  0.0000000  0.0000020
  0.0000000  0.0000000  0.0000696 -0.0000031  0.0000000  0.0000002
  0.0000000  0.0000000  0.0000034 -0.0000001  0.0000000  0.0000000
  0.0000000  0.0000000  0.0000000  0.0000000  0.0000000  0.0000000
