 1.000000e-01  1.033772e-01 -1.400312e-12
 1.033772e-01  1.068685e-01 -1.242894e-13
 1.068685e-01  1.104777e-01  7.349394e-12
 1.104777e-01  1.142088e-01  9.854758e-11
 1.142088e-01  1.180659e-01  3.777864e-10
 1.180659e-01  1.220533e-01  1.152899e-09
 1.220533e-01  1.261753e-01  2.859729e-09
 1.261753e-01  1.304366e-01  6.258281e-09
 1.304366e-01  1.348417e-01  1.212986e-08
 1.348417e-01  1.393957e-01  2.055060e-08
 1.393957e-01  1.441034e-01  3.716175e-08
 1.441034e-01  1.489701e-01  5.912307e-08
 1.489701e-01  1.540012e-01  9.614004e-08
 1.540012e-01  1.592022e-01  1.375233e-07
 1.592022e-01  1.645788e-01  2.082279e-07
 1.645788e-01  1.701370e-01  2.908681e-07
 1.701370e-01  1.758830e-01  3.884290e-07
 1.758830e-01  1.818230e-01  5.268517e-07
 1.818230e-01  1.879635e-01  7.078325e-07
 1.879635e-01  1.943115e-01  9.103297e-07
 1.943115e-01  2.008739e-01  1.186070e-06
 2.008739e-01  2.076579e-01  1.475615e-06
 2.076579e-01  2.146710e-01  1.854715e-06
 2.146710e-01  2.219209e-01  2.242242e-06
 2.219209e-01  2.294157e-01  2.749349e-06
 2.294157e-01  2.371637e-01  3.360898e-06
 2.371637e-01  2.451732e-01  3.935021e-06
 2.451732e-01  2.534533e-01  4.670341e-06
 2.534533e-01  2.620130e-01  5.434119e-06
 2.620130e-01  2.708618e-01  6.341873e-06
 2.708618e-01  2.800095e-01  7.209692e-06
 2.800095e-01  2.894661e-01  8.191884e-06
 2.894661e-01  2.992421e-01  9.222954e-06
 2.992421e-01  3.093482e-01  1.031322e-05
 3.093482e-01  3.197956e-01  1.137295e-05
 3.197956e-01  3.305959e-01  1.237598e-05
 3.305959e-01  3.417609e-01  1.335175e-05
 3.417609e-01  3.533029e-01  1.419700e-05
 3.533029e-01  3.652348e-01  1.497505e-05
 3.652348e-01  3.775697e-01  1.556933e-05
 3.775697e-01  3.903211e-01  1.581782e-05
 3.903211e-01  4.035032e-01  1.589531e-05
 4.035032e-01  4.171305e-01  1.547751e-05
 4.171305e-01  4.312180e-01  1.483784e-05
 4.312180e-01  4.457812e-01  1.342900e-05
 4.457812e-01  4.608363e-01  1.171187e-05
 4.608363e-01  4.763998e-01  9.407809e-06
 4.763998e-01  4.924890e-01  6.632578e-06
 4.924890e-01  5.091215e-01  3.553090e-06
 5.091215e-01  5.263158e-01  8.720822e-07
