 1.900000e-04  2.255166e-04  0.000000e+00
 2.255166e-04  2.676723e-04  0.000000e+00
 2.676723e-04  3.177082e-04  0.000000e+00
 3.177082e-04  3.770972e-04  0.000000e+00
 3.770972e-04  4.475878e-04  0.000000e+00
 4.475878e-04  5.312552e-04  0.000000e+00
 5.312552e-04  6.305624e-04  0.000000e+00
 6.305624e-04  7.484332e-04  2.420074e-08
 7.484332e-04  8.883374e-04  0.000000e+00
 8.883374e-04  1.054394e-03  1.621801e-06
 1.054394e-03  1.251491e-03  0.000000e+00
 1.251491e-03  1.485432e-03  0.000000e+00
 1.485432e-03  1.763103e-03  2.757115e-07
 1.763103e-03  2.092679e-03 -4.400343e-08
 2.092679e-03  2.483862e-03 -1.462441e-06
 2.483862e-03  2.948169e-03 -1.474748e-07
 2.948169e-03  3.499269e-03 -6.251670e-07
 3.499269e-03  4.153386e-03 -2.498660e-07
 4.153386e-03  4.929777e-03 -4.547256e-07
 4.929777e-03  5.851297e-03  1.033494e-07
 5.851297e-03  6.945077e-03 -8.166662e-07
 6.945077e-03  8.243317e-03  7.173646e-07
 8.243317e-03  9.784237e-03  1.735220e-06
 9.784237e-03  1.161320e-02  7.731949e-07
 1.161320e-02  1.378405e-02  2.732704e-06
 1.378405e-02  1.636069e-02  9.870079e-08
 1.636069e-02  1.941899e-02 -5.149027e-08
 1.941899e-02  2.304897e-02  7.279275e-07
 2.304897e-02  2.735751e-02  1.413033e-06
 2.735751e-02  3.247143e-02 -1.997726e-07
 3.247143e-02  3.854130e-02  2.090085e-06
 3.854130e-02  4.574581e-02 -9.049699e-07
 4.574581e-02  5.429705e-02  1.323636e-07
 5.429705e-02  6.444677e-02 -2.153416e-06
 6.444677e-02  7.649377e-02  2.166361e-06
 7.649377e-02  9.079272e-02  1.792442e-07
 9.079272e-02  1.077646e-01  3.294028e-06
 1.077646e-01  1.279089e-01 -1.959572e-06
 1.279089e-01  1.518189e-01 -1.039134e-06
 1.518189e-01  1.801983e-01  2.109254e-06
 1.801983e-01  2.138827e-01 -2.134926e-06
 2.138827e-01  2.538637e-01 -3.685034e-06
 2.538637e-01  3.013183e-01 -2.068992e-06
 3.013183e-01  3.576436e-01 -7.832615e-07
 3.576436e-01  4.244977e-01  2.033479e-06
 4.244977e-01  5.038489e-01 -8.464526e-06
 5.038489e-01  5.980331e-01 -5.757264e-06
 5.980331e-01  7.098231e-01 -1.007510e-05
 7.098231e-01  8.425100e-01 -2.327760e-05
 8.425100e-01  1.000000e+00  5.920928e-04
