-3.150000e+00 -3.087000e+00  0.000000e+00
-3.087000e+00 -3.024000e+00  5.205042e-11
-3.024000e+00 -2.961000e+00  2.315106e-07
-2.961000e+00 -2.898000e+00  2.865875e-06
-2.898000e+00 -2.835000e+00  1.059772e-05
-2.835000e+00 -2.772000e+00  2.389512e-05
-2.772000e+00 -2.709000e+00  4.132491e-05
-2.709000e+00 -2.646000e+00  6.233498e-05
-2.646000e+00 -2.583000e+00  8.509095e-05
-2.583000e+00 -2.520000e+00  1.065205e-04
-2.520000e+00 -2.457000e+00  1.287357e-04
-2.457000e+00 -2.394000e+00  1.496610e-04
-2.394000e+00 -2.331000e+00  1.681622e-04
-2.331000e+00 -2.268000e+00  1.839959e-04
-2.268000e+00 -2.205000e+00  1.956764e-04
-2.205000e+00 -2.142000e+00  2.057464e-04
-2.142000e+00 -2.079000e+00  2.126991e-04
-2.079000e+00 -2.016000e+00  2.154041e-04
-2.016000e+00 -1.953000e+00  2.154084e-04
-1.953000e+00 -1.890000e+00  2.146047e-04
-1.890000e+00 -1.827000e+00  2.096896e-04
-1.827000e+00 -1.764000e+00  2.029570e-04
-1.764000e+00 -1.701000e+00  1.943250e-04
-1.701000e+00 -1.638000e+00  1.846586e-04
-1.638000e+00 -1.575000e+00  1.739430e-04
-1.575000e+00 -1.512000e+00  1.617462e-04
-1.512000e+00 -1.449000e+00  1.500958e-04
-1.449000e+00 -1.386000e+00  1.378638e-04
-1.386000e+00 -1.323000e+00  1.254641e-04
-1.323000e+00 -1.260000e+00  1.135544e-04
-1.260000e+00 -1.197000e+00  1.023562e-04
-1.197000e+00 -1.134000e+00  9.122581e-05
-1.134000e+00 -1.071000e+00  8.071661e-05
-1.071000e+00 -1.008000e+00  7.119330e-05
-1.008000e+00 -9.450000e-01  6.264860e-05
-9.450000e-01 -8.820000e-01  5.447464e-05
-8.820000e-01 -8.190000e-01  4.700291e-05
-8.190000e-01 -7.560000e-01  4.044935e-05
-7.560000e-01 -6.930000e-01  3.466685e-05
-6.930000e-01 -6.300000e-01  2.962771e-05
-6.300000e-01 -5.670000e-01  2.496435e-05
-5.670000e-01 -5.040000e-01  2.077314e-05
-5.040000e-01 -4.410000e-01  1.778887e-05
-4.410000e-01 -3.780000e-01  1.466349e-05
-3.780000e-01 -3.150000e-01  1.228871e-05
-3.150000e-01 -2.520000e-01  1.011539e-05
-2.520000e-01 -1.890000e-01  8.322476e-06
-1.890000e-01 -1.260000e-01  6.759481e-06
-1.260000e-01 -6.300000e-02  5.402505e-06
-6.300000e-02  0.000000e+00  4.653007e-06
 0.000000e+00  6.300000e-02  3.469403e-06
 6.300000e-02  1.260000e-01  2.881714e-06
 1.260000e-01  1.890000e-01  2.419634e-06
 1.890000e-01  2.520000e-01  1.848983e-06
 2.520000e-01  3.150000e-01  1.427510e-06
 3.150000e-01  3.780000e-01  1.165987e-06
 3.780000e-01  4.410000e-01  9.554353e-07
 4.410000e-01  5.040000e-01  6.983002e-07
 5.040000e-01  5.670000e-01  5.690734e-07
 5.670000e-01  6.300000e-01  4.370246e-07
 6.300000e-01  6.930000e-01  3.661113e-07
 6.930000e-01  7.560000e-01  2.725200e-07
 7.560000e-01  8.190000e-01  2.215485e-07
 8.190000e-01  8.820000e-01  1.417840e-07
 8.820000e-01  9.450000e-01  9.600069e-08
 9.450000e-01  1.008000e+00  1.013023e-07
 1.008000e+00  1.071000e+00  8.224197e-08
 1.071000e+00  1.134000e+00  6.207664e-08
 1.134000e+00  1.197000e+00  2.790893e-08
 1.197000e+00  1.260000e+00  1.191538e-08
 1.260000e+00  1.323000e+00  2.302571e-08
 1.323000e+00  1.386000e+00  1.432820e-08
 1.386000e+00  1.449000e+00  1.260960e-08
 1.449000e+00  1.512000e+00  5.791315e-09
 1.512000e+00  1.575000e+00  1.115840e-08
 1.575000e+00  1.638000e+00  4.210546e-09
 1.638000e+00  1.701000e+00  1.091111e-09
 1.701000e+00  1.764000e+00  1.452313e-09
 1.764000e+00  1.827000e+00  5.693172e-10
 1.827000e+00  1.890000e+00  8.690099e-10
 1.890000e+00  1.953000e+00  1.788059e-10
 1.953000e+00  2.016000e+00  2.511835e-13
 2.016000e+00  2.079000e+00  1.077839e-10
 2.079000e+00  2.142000e+00  2.919376e-10
 2.142000e+00  2.205000e+00  0.000000e+00
 2.205000e+00  2.268000e+00  5.549075e-11
 2.268000e+00  2.331000e+00  1.279939e-12
 2.331000e+00  2.394000e+00  1.853969e-11
 2.394000e+00  2.457000e+00  0.000000e+00
 2.457000e+00  2.520000e+00  4.673100e-12
 2.520000e+00  2.583000e+00  0.000000e+00
 2.583000e+00  2.646000e+00  4.174105e-14
 2.646000e+00  2.709000e+00  3.663303e-13
 2.709000e+00  2.772000e+00  0.000000e+00
 2.772000e+00  2.835000e+00  1.100652e-16
 2.835000e+00  2.898000e+00  2.419488e-16
 2.898000e+00  2.961000e+00  0.000000e+00
 2.961000e+00  3.024000e+00  0.000000e+00
 3.024000e+00  3.087000e+00  0.000000e+00
 3.087000e+00  3.150000e+00  0.000000e+00
