 0.000000e+00  1.000000e+00  0.000000e+00
 1.000000e+00  2.000000e+00  0.000000e+00
 2.000000e+00  3.000000e+00  0.000000e+00
 3.000000e+00  4.000000e+00  0.000000e+00
 4.000000e+00  5.000000e+00  0.000000e+00
 5.000000e+00  6.000000e+00  0.000000e+00
 6.000000e+00  7.000000e+00  0.000000e+00
 7.000000e+00  8.000000e+00  0.000000e+00
 8.000000e+00  9.000000e+00  0.000000e+00
 9.000000e+00  1.000000e+01  1.277320e-04
 1.000000e+01  1.100000e+01  4.984076e-04
 1.100000e+01  1.200000e+01  6.059206e-04
 1.200000e+01  1.300000e+01  6.096248e-04
 1.300000e+01  1.400000e+01  5.699414e-04
 1.400000e+01  1.500000e+01  5.124594e-04
 1.500000e+01  1.600000e+01  4.505187e-04
 1.600000e+01  1.700000e+01  3.928636e-04
 1.700000e+01  1.800000e+01  3.424261e-04
 1.800000e+01  1.900000e+01  2.966286e-04
 1.900000e+01  2.000000e+01  2.586421e-04
 2.000000e+01  2.100000e+01  2.246244e-04
 2.100000e+01  2.200000e+01  1.951331e-04
 2.200000e+01  2.300000e+01  1.702923e-04
 2.300000e+01  2.400000e+01  1.484409e-04
 2.400000e+01  2.500000e+01  1.292327e-04
 2.500000e+01  2.600000e+01  1.139716e-04
 2.600000e+01  2.700000e+01  1.008099e-04
 2.700000e+01  2.800000e+01  8.791018e-05
 2.800000e+01  2.900000e+01  7.803136e-05
 2.900000e+01  3.000000e+01  6.918467e-05
 3.000000e+01  3.100000e+01  6.195389e-05
 3.100000e+01  3.200000e+01  5.457126e-05
 3.200000e+01  3.300000e+01  4.865938e-05
 3.300000e+01  3.400000e+01  4.353583e-05
 3.400000e+01  3.500000e+01  3.940350e-05
 3.500000e+01  3.600000e+01  3.476080e-05
 3.600000e+01  3.700000e+01  3.158472e-05
 3.700000e+01  3.800000e+01  2.799784e-05
 3.800000e+01  3.900000e+01  2.550719e-05
 3.900000e+01  4.000000e+01  2.295693e-05
