 0.000000e+00  1.000000e+00  0.000000e+00
 1.000000e+00  2.000000e+00  0.000000e+00
 2.000000e+00  3.000000e+00  0.000000e+00
 3.000000e+00  4.000000e+00  0.000000e+00
 4.000000e+00  5.000000e+00  0.000000e+00
 5.000000e+00  6.000000e+00  0.000000e+00
 6.000000e+00  7.000000e+00  0.000000e+00
 7.000000e+00  8.000000e+00  0.000000e+00
 8.000000e+00  9.000000e+00  0.000000e+00
 9.000000e+00  1.000000e+01  4.883812e-05
 1.000000e+01  1.100000e+01  2.011415e-04
 1.100000e+01  1.200000e+01  2.355572e-04
 1.200000e+01  1.300000e+01  2.224548e-04
 1.300000e+01  1.400000e+01  1.985938e-04
 1.400000e+01  1.500000e+01  1.666701e-04
 1.500000e+01  1.600000e+01  1.427888e-04
 1.600000e+01  1.700000e+01  1.193169e-04
 1.700000e+01  1.800000e+01  9.625221e-05
 1.800000e+01  1.900000e+01  8.620305e-05
 1.900000e+01  2.000000e+01  6.701267e-05
 2.000000e+01  2.100000e+01  5.440933e-05
 2.100000e+01  2.200000e+01  4.605610e-05
 2.200000e+01  2.300000e+01  3.848090e-05
 2.300000e+01  2.400000e+01  3.279046e-05
 2.400000e+01  2.500000e+01  2.679905e-05
 2.500000e+01  2.600000e+01  2.198082e-05
 2.600000e+01  2.700000e+01  2.060764e-05
 2.700000e+01  2.800000e+01  1.497752e-05
 2.800000e+01  2.900000e+01  1.188453e-05
 2.900000e+01  3.000000e+01  1.158906e-05
 3.000000e+01  3.100000e+01  8.823946e-06
 3.100000e+01  3.200000e+01  8.064707e-06
 3.200000e+01  3.300000e+01  7.365554e-06
 3.300000e+01  3.400000e+01  5.723648e-06
 3.400000e+01  3.500000e+01  3.770606e-06
 3.500000e+01  3.600000e+01  3.863007e-06
 3.600000e+01  3.700000e+01  3.471722e-06
 3.700000e+01  3.800000e+01  2.550109e-06
 3.800000e+01  3.900000e+01  2.399989e-06
 3.900000e+01  4.000000e+01  2.218038e-06
