 0.000000e+00  1.000000e+00  0.000000e+00
 1.000000e+00  2.000000e+00  0.000000e+00
 2.000000e+00  3.000000e+00  0.000000e+00
 3.000000e+00  4.000000e+00  0.000000e+00
 4.000000e+00  5.000000e+00  0.000000e+00
 5.000000e+00  6.000000e+00  0.000000e+00
 6.000000e+00  7.000000e+00  0.000000e+00
 7.000000e+00  8.000000e+00  0.000000e+00
 8.000000e+00  9.000000e+00  0.000000e+00
 9.000000e+00  1.000000e+01  6.135539e-05
 1.000000e+01  1.100000e+01  2.307585e-04
 1.100000e+01  1.200000e+01  2.703927e-04
 1.200000e+01  1.300000e+01  2.639462e-04
 1.300000e+01  1.400000e+01  2.388186e-04
 1.400000e+01  1.500000e+01  2.076872e-04
 1.500000e+01  1.600000e+01  1.798800e-04
 1.600000e+01  1.700000e+01  1.534737e-04
 1.700000e+01  1.800000e+01  1.307291e-04
 1.800000e+01  1.900000e+01  1.101321e-04
 1.900000e+01  2.000000e+01  9.373433e-05
 2.000000e+01  2.100000e+01  8.055273e-05
 2.100000e+01  2.200000e+01  6.844758e-05
 2.200000e+01  2.300000e+01  5.852110e-05
 2.300000e+01  2.400000e+01  4.978946e-05
 2.400000e+01  2.500000e+01  4.322352e-05
 2.500000e+01  2.600000e+01  3.724511e-05
 2.600000e+01  2.700000e+01  3.222945e-05
 2.700000e+01  2.800000e+01  2.762228e-05
 2.800000e+01  2.900000e+01  2.406879e-05
 2.900000e+01  3.000000e+01  2.094231e-05
 3.000000e+01  3.100000e+01  1.814647e-05
 3.100000e+01  3.200000e+01  1.576943e-05
 3.200000e+01  3.300000e+01  1.375686e-05
 3.300000e+01  3.400000e+01  1.240318e-05
 3.400000e+01  3.500000e+01  1.086394e-05
 3.500000e+01  3.600000e+01  9.597902e-06
 3.600000e+01  3.700000e+01  8.194825e-06
 3.700000e+01  3.800000e+01  7.366190e-06
 3.800000e+01  3.900000e+01  6.383826e-06
 3.900000e+01  4.000000e+01  5.875987e-06
