 0.000000e+00  1.000000e+00  0.000000e+00
 1.000000e+00  2.000000e+00  0.000000e+00
 2.000000e+00  3.000000e+00  0.000000e+00
 3.000000e+00  4.000000e+00  0.000000e+00
 4.000000e+00  5.000000e+00  0.000000e+00
 5.000000e+00  6.000000e+00  0.000000e+00
 6.000000e+00  7.000000e+00  0.000000e+00
 7.000000e+00  8.000000e+00  0.000000e+00
 8.000000e+00  9.000000e+00  0.000000e+00
 9.000000e+00  1.000000e+01  1.314385e-04
 1.000000e+01  1.100000e+01  5.360699e-04
 1.100000e+01  1.200000e+01  6.456044e-04
 1.200000e+01  1.300000e+01  6.866426e-04
 1.300000e+01  1.400000e+01  6.184182e-04
 1.400000e+01  1.500000e+01  5.676282e-04
 1.500000e+01  1.600000e+01  4.930332e-04
 1.600000e+01  1.700000e+01  4.552237e-04
 1.700000e+01  1.800000e+01  3.868809e-04
 1.800000e+01  1.900000e+01  3.386882e-04
 1.900000e+01  2.000000e+01  2.962834e-04
 2.000000e+01  2.100000e+01  2.427125e-04
 2.100000e+01  2.200000e+01  2.230772e-04
 2.200000e+01  2.300000e+01  2.007744e-04
 2.300000e+01  2.400000e+01  1.610135e-04
 2.400000e+01  2.500000e+01  1.366350e-04
 2.500000e+01  2.600000e+01  1.258235e-04
 2.600000e+01  2.700000e+01  1.119591e-04
 2.700000e+01  2.800000e+01  9.935899e-05
 2.800000e+01  2.900000e+01  7.725877e-05
 2.900000e+01  3.000000e+01  7.654324e-05
 3.000000e+01  3.100000e+01  6.136863e-05
 3.100000e+01  3.200000e+01  6.146468e-05
 3.200000e+01  3.300000e+01  5.046158e-05
 3.300000e+01  3.400000e+01  5.000846e-05
 3.400000e+01  3.500000e+01  3.919967e-05
 3.500000e+01  3.600000e+01  3.484223e-05
 3.600000e+01  3.700000e+01  2.822206e-05
 3.700000e+01  3.800000e+01  3.074367e-05
 3.800000e+01  3.900000e+01  2.601350e-05
 3.900000e+01  4.000000e+01  2.058346e-05
