 0.000000e+00  1.000000e+00  0.000000e+00
 1.000000e+00  2.000000e+00  0.000000e+00
 2.000000e+00  3.000000e+00  0.000000e+00
 3.000000e+00  4.000000e+00  0.000000e+00
 4.000000e+00  5.000000e+00  0.000000e+00
 5.000000e+00  6.000000e+00  0.000000e+00
 6.000000e+00  7.000000e+00  0.000000e+00
 7.000000e+00  8.000000e+00  0.000000e+00
 8.000000e+00  9.000000e+00  0.000000e+00
 9.000000e+00  1.000000e+01  4.114751e-05
 1.000000e+01  1.100000e+01  1.631158e-04
 1.100000e+01  1.200000e+01  1.914690e-04
 1.200000e+01  1.300000e+01  1.827350e-04
 1.300000e+01  1.400000e+01  1.604671e-04
 1.400000e+01  1.500000e+01  1.412436e-04
 1.500000e+01  1.600000e+01  1.179537e-04
 1.600000e+01  1.700000e+01  9.993033e-05
 1.700000e+01  1.800000e+01  8.491692e-05
 1.800000e+01  1.900000e+01  6.786613e-05
 1.900000e+01  2.000000e+01  5.930605e-05
 2.000000e+01  2.100000e+01  4.938602e-05
 2.100000e+01  2.200000e+01  4.277210e-05
 2.200000e+01  2.300000e+01  3.428994e-05
 2.300000e+01  2.400000e+01  2.851868e-05
 2.400000e+01  2.500000e+01  2.429500e-05
 2.500000e+01  2.600000e+01  2.107311e-05
 2.600000e+01  2.700000e+01  1.805975e-05
 2.700000e+01  2.800000e+01  1.454613e-05
 2.800000e+01  2.900000e+01  1.271202e-05
 2.900000e+01  3.000000e+01  1.130554e-05
 3.000000e+01  3.100000e+01  1.032702e-05
 3.100000e+01  3.200000e+01  7.438728e-06
 3.200000e+01  3.300000e+01  6.585054e-06
 3.300000e+01  3.400000e+01  5.925975e-06
 3.400000e+01  3.500000e+01  5.052947e-06
 3.500000e+01  3.600000e+01  3.947878e-06
 3.600000e+01  3.700000e+01  4.230820e-06
 3.700000e+01  3.800000e+01  3.311492e-06
 3.800000e+01  3.900000e+01  3.023541e-06
 3.900000e+01  4.000000e+01  2.292101e-06
