 0.000000e+00  1.000000e+00  0.000000e+00
 1.000000e+00  2.000000e+00  0.000000e+00
 2.000000e+00  3.000000e+00  0.000000e+00
 3.000000e+00  4.000000e+00  0.000000e+00
 4.000000e+00  5.000000e+00  0.000000e+00
 5.000000e+00  6.000000e+00  0.000000e+00
 6.000000e+00  7.000000e+00  0.000000e+00
 7.000000e+00  8.000000e+00  0.000000e+00
 8.000000e+00  9.000000e+00  0.000000e+00
 9.000000e+00  1.000000e+01  3.724891e-05
 1.000000e+01  1.100000e+01  1.448393e-04
 1.100000e+01  1.200000e+01  1.630396e-04
 1.200000e+01  1.300000e+01  1.531621e-04
 1.300000e+01  1.400000e+01  1.312768e-04
 1.400000e+01  1.500000e+01  1.104966e-04
 1.500000e+01  1.600000e+01  9.094099e-05
 1.600000e+01  1.700000e+01  7.291670e-05
 1.700000e+01  1.800000e+01  5.862474e-05
 1.800000e+01  1.900000e+01  4.955549e-05
 1.900000e+01  2.000000e+01  4.034796e-05
 2.000000e+01  2.100000e+01  3.201212e-05
 2.100000e+01  2.200000e+01  2.561036e-05
 2.200000e+01  2.300000e+01  2.084305e-05
 2.300000e+01  2.400000e+01  1.732705e-05
 2.400000e+01  2.500000e+01  1.349475e-05
 2.500000e+01  2.600000e+01  1.106690e-05
 2.600000e+01  2.700000e+01  9.381360e-06
 2.700000e+01  2.800000e+01  6.874567e-06
 2.800000e+01  2.900000e+01  6.242616e-06
 2.900000e+01  3.000000e+01  4.782261e-06
 3.000000e+01  3.100000e+01  4.260916e-06
 3.100000e+01  3.200000e+01  3.304074e-06
 3.200000e+01  3.300000e+01  3.368035e-06
 3.300000e+01  3.400000e+01  2.399576e-06
 3.400000e+01  3.500000e+01  1.914873e-06
 3.500000e+01  3.600000e+01  1.574958e-06
 3.600000e+01  3.700000e+01  1.150854e-06
 3.700000e+01  3.800000e+01  9.829002e-07
 3.800000e+01  3.900000e+01  8.738276e-07
 3.900000e+01  4.000000e+01  6.399275e-07
