 0.000000e+00  1.000000e+00  0.000000e+00
 1.000000e+00  2.000000e+00  0.000000e+00
 2.000000e+00  3.000000e+00  0.000000e+00
 3.000000e+00  4.000000e+00  8.732075e-03
 4.000000e+00  5.000000e+00  1.078980e-02
 5.000000e+00  6.000000e+00  9.416136e-03
 6.000000e+00  7.000000e+00  7.619108e-03
 7.000000e+00  8.000000e+00  5.959100e-03
 8.000000e+00  9.000000e+00  4.616336e-03
 9.000000e+00  1.000000e+01  3.564513e-03
 1.000000e+01  1.100000e+01  2.750367e-03
 1.100000e+01  1.200000e+01  2.127424e-03
 1.200000e+01  1.300000e+01  1.665603e-03
 1.300000e+01  1.400000e+01  1.288117e-03
 1.400000e+01  1.500000e+01  1.005882e-03
 1.500000e+01  1.600000e+01  7.998313e-04
 1.600000e+01  1.700000e+01  6.263463e-04
 1.700000e+01  1.800000e+01  5.020148e-04
 1.800000e+01  1.900000e+01  3.968754e-04
 1.900000e+01  2.000000e+01  3.166809e-04
 2.000000e+01  2.100000e+01  2.545791e-04
 2.100000e+01  2.200000e+01  2.079338e-04
 2.200000e+01  2.300000e+01  1.699450e-04
 2.300000e+01  2.400000e+01  1.373916e-04
 2.400000e+01  2.500000e+01  1.118781e-04
 2.500000e+01  2.600000e+01  9.314541e-05
 2.600000e+01  2.700000e+01  7.595223e-05
 2.700000e+01  2.800000e+01  6.040445e-05
 2.800000e+01  2.900000e+01  5.128818e-05
 2.900000e+01  3.000000e+01  3.919371e-05
 3.000000e+01  3.100000e+01  3.408289e-05
 3.100000e+01  3.200000e+01  2.883173e-05
 3.200000e+01  3.300000e+01  2.529169e-05
 3.300000e+01  3.400000e+01  2.021005e-05
 3.400000e+01  3.500000e+01  1.530057e-05
 3.500000e+01  3.600000e+01  1.305135e-05
 3.600000e+01  3.700000e+01  1.116988e-05
 3.700000e+01  3.800000e+01  9.482764e-06
 3.800000e+01  3.900000e+01  7.000118e-06
 3.900000e+01  4.000000e+01  6.034200e-06
