 0.000000e+00  1.000000e+00  0.000000e+00
 1.000000e+00  2.000000e+00  0.000000e+00
 2.000000e+00  3.000000e+00  0.000000e+00
 3.000000e+00  4.000000e+00  0.000000e+00
 4.000000e+00  5.000000e+00  0.000000e+00
 5.000000e+00  6.000000e+00  0.000000e+00
 6.000000e+00  7.000000e+00  0.000000e+00
 7.000000e+00  8.000000e+00  0.000000e+00
 8.000000e+00  9.000000e+00  0.000000e+00
 9.000000e+00  1.000000e+01  8.630941e-07
 1.000000e+01  1.100000e+01  7.678767e-06
 1.100000e+01  1.200000e+01  1.188036e-05
 1.200000e+01  1.300000e+01  1.225792e-05
 1.300000e+01  1.400000e+01  1.094556e-05
 1.400000e+01  1.500000e+01  9.209713e-06
 1.500000e+01  1.600000e+01  7.406346e-06
 1.600000e+01  1.700000e+01  5.923379e-06
 1.700000e+01  1.800000e+01  4.643094e-06
 1.800000e+01  1.900000e+01  3.638969e-06
 1.900000e+01  2.000000e+01  2.843846e-06
 2.000000e+01  2.100000e+01  2.240752e-06
 2.100000e+01  2.200000e+01  1.756024e-06
 2.200000e+01  2.300000e+01  1.403650e-06
 2.300000e+01  2.400000e+01  1.120817e-06
 2.400000e+01  2.500000e+01  8.866690e-07
 2.500000e+01  2.600000e+01  7.042560e-07
 2.600000e+01  2.700000e+01  5.571448e-07
 2.700000e+01  2.800000e+01  4.488186e-07
 2.800000e+01  2.900000e+01  3.630947e-07
 2.900000e+01  3.000000e+01  2.961136e-07
 3.000000e+01  3.100000e+01  2.387956e-07
 3.100000e+01  3.200000e+01  1.950528e-07
 3.200000e+01  3.300000e+01  1.615939e-07
 3.300000e+01  3.400000e+01  1.340354e-07
 3.400000e+01  3.500000e+01  1.110716e-07
 3.500000e+01  3.600000e+01  9.001987e-08
 3.600000e+01  3.700000e+01  7.227400e-08
 3.700000e+01  3.800000e+01  6.194162e-08
 3.800000e+01  3.900000e+01  5.149480e-08
 3.900000e+01  4.000000e+01  4.422588e-08
