 0.000000e+00  1.000000e+00  0.000000e+00
 1.000000e+00  2.000000e+00  0.000000e+00
 2.000000e+00  3.000000e+00  0.000000e+00
 3.000000e+00  4.000000e+00  0.000000e+00
 4.000000e+00  5.000000e+00  0.000000e+00
 5.000000e+00  6.000000e+00  0.000000e+00
 6.000000e+00  7.000000e+00  0.000000e+00
 7.000000e+00  8.000000e+00  0.000000e+00
 8.000000e+00  9.000000e+00  0.000000e+00
 9.000000e+00  1.000000e+01  5.019219e-07
 1.000000e+01  1.100000e+01  4.432043e-06
 1.100000e+01  1.200000e+01  6.643256e-06
 1.200000e+01  1.300000e+01  6.618844e-06
 1.300000e+01  1.400000e+01  5.713680e-06
 1.400000e+01  1.500000e+01  4.589774e-06
 1.500000e+01  1.600000e+01  3.555050e-06
 1.600000e+01  1.700000e+01  2.717249e-06
 1.700000e+01  1.800000e+01  2.039881e-06
 1.800000e+01  1.900000e+01  1.527525e-06
 1.900000e+01  2.000000e+01  1.144773e-06
 2.000000e+01  2.100000e+01  8.566385e-07
 2.100000e+01  2.200000e+01  6.471173e-07
 2.200000e+01  2.300000e+01  4.832292e-07
 2.300000e+01  2.400000e+01  3.671121e-07
 2.400000e+01  2.500000e+01  2.786396e-07
 2.500000e+01  2.600000e+01  2.153444e-07
 2.600000e+01  2.700000e+01  1.651765e-07
 2.700000e+01  2.800000e+01  1.251191e-07
 2.800000e+01  2.900000e+01  9.548873e-08
 2.900000e+01  3.000000e+01  7.315433e-08
 3.000000e+01  3.100000e+01  5.647268e-08
 3.100000e+01  3.200000e+01  4.389556e-08
 3.200000e+01  3.300000e+01  3.355978e-08
 3.300000e+01  3.400000e+01  2.600885e-08
 3.400000e+01  3.500000e+01  2.135982e-08
 3.500000e+01  3.600000e+01  1.596493e-08
 3.600000e+01  3.700000e+01  1.203108e-08
 3.700000e+01  3.800000e+01  9.472407e-09
 3.800000e+01  3.900000e+01  6.922380e-09
 3.900000e+01  4.000000e+01  5.765710e-09
