 0.000000e+00  1.000000e+00  0.000000e+00
 1.000000e+00  2.000000e+00  0.000000e+00
 2.000000e+00  3.000000e+00  0.000000e+00
 3.000000e+00  4.000000e+00  0.000000e+00
 4.000000e+00  5.000000e+00  0.000000e+00
 5.000000e+00  6.000000e+00  0.000000e+00
 6.000000e+00  7.000000e+00  0.000000e+00
 7.000000e+00  8.000000e+00  0.000000e+00
 8.000000e+00  9.000000e+00  0.000000e+00
 9.000000e+00  1.000000e+01  7.076584e-06
 1.000000e+01  1.100000e+01  7.271792e-05
 1.100000e+01  1.200000e+01  1.311088e-04
 1.200000e+01  1.300000e+01  1.548133e-04
 1.300000e+01  1.400000e+01  1.557075e-04
 1.400000e+01  1.500000e+01  1.441880e-04
 1.500000e+01  1.600000e+01  1.265957e-04
 1.600000e+01  1.700000e+01  1.090229e-04
 1.700000e+01  1.800000e+01  9.241451e-05
 1.800000e+01  1.900000e+01  7.647008e-05
 1.900000e+01  2.000000e+01  6.366932e-05
 2.000000e+01  2.100000e+01  5.270058e-05
 2.100000e+01  2.200000e+01  4.341933e-05
 2.200000e+01  2.300000e+01  3.610366e-05
 2.300000e+01  2.400000e+01  2.978660e-05
 2.400000e+01  2.500000e+01  2.490973e-05
 2.500000e+01  2.600000e+01  2.039023e-05
 2.600000e+01  2.700000e+01  1.716314e-05
 2.700000e+01  2.800000e+01  1.445512e-05
 2.800000e+01  2.900000e+01  1.191742e-05
 2.900000e+01  3.000000e+01  1.020172e-05
 3.000000e+01  3.100000e+01  8.547023e-06
 3.100000e+01  3.200000e+01  7.303962e-06
 3.200000e+01  3.300000e+01  6.063370e-06
 3.300000e+01  3.400000e+01  5.121532e-06
 3.400000e+01  3.500000e+01  4.396376e-06
 3.500000e+01  3.600000e+01  3.726189e-06
 3.600000e+01  3.700000e+01  3.311397e-06
 3.700000e+01  3.800000e+01  2.726746e-06
 3.800000e+01  3.900000e+01  2.362669e-06
 3.900000e+01  4.000000e+01  2.092524e-06
