 0.000000e+00  1.000000e+00  0.000000e+00
 1.000000e+00  2.000000e+00  0.000000e+00
 2.000000e+00  3.000000e+00  0.000000e+00
 3.000000e+00  4.000000e+00  1.940838e-03
 4.000000e+00  5.000000e+00  3.402118e-03
 5.000000e+00  6.000000e+00  3.105998e-03
 6.000000e+00  7.000000e+00  2.036594e-03
 7.000000e+00  8.000000e+00  1.368162e-03
 8.000000e+00  9.000000e+00  8.624347e-04
 9.000000e+00  1.000000e+01  4.705440e-04
 1.000000e+01  1.100000e+01  3.227376e-04
 1.100000e+01  1.200000e+01  2.019149e-04
 1.200000e+01  1.300000e+01  1.173195e-04
 1.300000e+01  1.400000e+01  6.818281e-05
 1.400000e+01  1.500000e+01  4.365895e-05
 1.500000e+01  1.600000e+01  3.065368e-05
 1.600000e+01  1.700000e+01  2.212936e-05
 1.700000e+01  1.800000e+01  1.252662e-05
 1.800000e+01  1.900000e+01  8.201626e-06
 1.900000e+01  2.000000e+01  6.447700e-06
 2.000000e+01  2.100000e+01  7.211320e-06
 2.100000e+01  2.200000e+01  4.606482e-06
 2.200000e+01  2.300000e+01  1.561005e-06
 2.300000e+01  2.400000e+01  2.132092e-06
 2.400000e+01  2.500000e+01  9.033005e-07
 2.500000e+01  2.600000e+01  6.882098e-07
 2.600000e+01  2.700000e+01  9.215843e-08
 2.700000e+01  2.800000e+01  5.588851e-07
 2.800000e+01  2.900000e+01  1.038042e-07
 2.900000e+01  3.000000e+01  3.036136e-07
 3.000000e+01  3.100000e+01  1.995375e-07
 3.100000e+01  3.200000e+01 -4.207731e-07
 3.200000e+01  3.300000e+01  4.379014e-07
 3.300000e+01  3.400000e+01 -6.509154e-09
 3.400000e+01  3.500000e+01  1.787534e-09
 3.500000e+01  3.600000e+01  5.366264e-08
 3.600000e+01  3.700000e+01  1.060915e-08
 3.700000e+01  3.800000e+01  1.859482e-08
 3.800000e+01  3.900000e+01 -7.871640e-09
 3.900000e+01  4.000000e+01  9.158819e-08
