 5.000000e-03	 7.535368e-07
 1.500000e-02	 2.369258e-06
 2.500000e-02	 3.971963e-06
 3.500000e-02	 5.491131e-06
 4.500000e-02	 6.876060e-06
 5.500000e-02	 8.087742e-06
 6.500000e-02	 9.096249e-06
 7.500000e-02	 9.881981e-06
 8.500000e-02	 1.043569e-05
 9.500000e-02	 1.075877e-05
 1.050000e-01	 1.086613e-05
 1.150000e-01	 1.079334e-05
 1.250000e-01	 1.053019e-05
 1.350000e-01	 1.009960e-05
 1.450000e-01	 9.528399e-06
 1.550000e-01	 8.844958e-06
 1.650000e-01	 8.077803e-06
 1.750000e-01	 7.255275e-06
 1.850000e-01	 6.404226e-06
 1.950000e-01	 5.550932e-06
 2.050000e-01	 4.732299e-06
 2.150000e-01	 3.938192e-06
 2.250000e-01	 3.182659e-06
 2.350000e-01	 2.477316e-06
 2.450000e-01	 1.831299e-06
 2.550000e-01	 1.250431e-06
 2.650000e-01	 7.413183e-07
 2.750000e-01	 2.968467e-07
 2.850000e-01	-8.428751e-08
 2.950000e-01	-4.037787e-07
 3.050000e-01	-6.650774e-07
 3.150000e-01	-8.729585e-07
 3.250000e-01	-1.032073e-06
 3.350000e-01	-1.147048e-06
 3.450000e-01	-1.223237e-06
 3.550000e-01	-1.268992e-06
 3.650000e-01	-1.286184e-06
 3.750000e-01	-1.278601e-06
 3.850000e-01	-1.251376e-06
 3.950000e-01	-1.211242e-06
 4.050000e-01	-1.157555e-06
 4.150000e-01	-1.094037e-06
 4.250000e-01	-1.026076e-06
 4.350000e-01	-9.539288e-07
 4.450000e-01	-8.789445e-07
 4.550000e-01	-8.047905e-07
 4.650000e-01	-7.319871e-07
 4.750000e-01	-6.604161e-07
 4.850000e-01	-5.932011e-07
 4.950000e-01	-5.299420e-07
 5.050000e-01	-4.699645e-07
 5.150000e-01	-4.152581e-07
 5.250000e-01	-3.644498e-07
 5.350000e-01	-3.178352e-07
 5.450000e-01	-2.763325e-07
 5.550000e-01	-2.383961e-07
 5.650000e-01	-2.049659e-07
 5.750000e-01	-1.751996e-07
 5.850000e-01	-1.490767e-07
 5.950000e-01	-1.268461e-07
 6.050000e-01	-1.067995e-07
 6.150000e-01	-8.904225e-08
 6.250000e-01	-7.365634e-08
 6.350000e-01	-6.135254e-08
 6.450000e-01	-5.076906e-08
 6.550000e-01	-4.146803e-08
 6.650000e-01	-3.350558e-08
 6.750000e-01	-2.727319e-08
 6.850000e-01	-2.222721e-08
 6.950000e-01	-1.778927e-08
 7.050000e-01	-1.403095e-08
 7.150000e-01	-1.121847e-08
 7.250000e-01	-8.969130e-09
 7.350000e-01	-6.985782e-09
 7.450000e-01	-5.340935e-09
 7.550000e-01	-4.235005e-09
 7.650000e-01	-3.285869e-09
 7.750000e-01	-2.457302e-09
 7.850000e-01	-1.828016e-09
 7.950000e-01	-1.436076e-09
 8.050000e-01	-1.053465e-09
 8.150000e-01	-7.396829e-10
 8.250000e-01	-5.665346e-10
 8.350000e-01	-4.075345e-10
 8.450000e-01	-2.691494e-10
 8.550000e-01	-1.914848e-10
 8.650000e-01	-1.342785e-10
 8.750000e-01	-8.012319e-11
 8.850000e-01	-4.937391e-11
 8.950000e-01	-3.211176e-11
 9.050000e-01	-1.489691e-11
 9.150000e-01	-3.455517e-12
 9.250000e-01	 1.449248e-12
 9.350000e-01	 1.108897e-12
 9.450000e-01	 4.220656e-13
 9.550000e-01	 1.169399e-13
 9.650000e-01	 2.808316e-14
 9.750000e-01	 4.579674e-15
 9.850000e-01	 3.029674e-16
