 1.035142e-03	 1.480969e-07
 1.109175e-03	 1.598326e-07
 1.188502e-03	 1.724948e-07
 1.273503e-03	 1.860757e-07
 1.364583e-03	 2.008778e-07
 1.462177e-03	 2.166434e-07
 1.566751e-03	 2.337701e-07
 1.678804e-03	 2.521991e-07
 1.798871e-03	 2.720900e-07
 1.927525e-03	 2.935572e-07
 2.065380e-03	 3.166909e-07
 2.213095e-03	 3.415938e-07
 2.371374e-03	 3.684659e-07
 2.540973e-03	 3.974299e-07
 2.722701e-03	 4.286468e-07
 2.917427e-03	 4.623021e-07
 3.126079e-03	 4.985886e-07
 3.349654e-03	 5.376931e-07
 3.589219e-03	 5.798214e-07
 3.845918e-03	 6.251893e-07
 4.120975e-03	 6.741008e-07
 4.415704e-03	 7.268203e-07
 4.731513e-03	 7.835566e-07
 5.069907e-03	 8.446892e-07
 5.432503e-03	 9.105353e-07
 5.821032e-03	 9.814649e-07
 6.237348e-03	 1.057840e-06
 6.683439e-03	 1.140086e-06
 7.161434e-03	 1.228601e-06
 7.673615e-03	 1.323899e-06
 8.222426e-03	 1.426469e-06
 8.810489e-03	 1.536836e-06
 9.440609e-03	 1.655483e-06
 1.011579e-02	 1.783058e-06
 1.083927e-02	 1.920215e-06
 1.161449e-02	 2.067680e-06
 1.244515e-02	 2.226166e-06
 1.333521e-02	 2.396376e-06
 1.428894e-02	 2.579030e-06
 1.531087e-02	 2.775017e-06
 1.640590e-02	 2.985151e-06
 1.757924e-02	 3.210205e-06
 1.883649e-02	 3.451133e-06
 2.018366e-02	 3.708746e-06
 2.162719e-02	 3.984036e-06
 2.317395e-02	 4.277838e-06
 2.483133e-02	 4.590831e-06
 2.660725e-02	 4.923659e-06
 2.851018e-02	 5.276735e-06
 3.054921e-02	 5.650759e-06
 3.273407e-02	 6.045835e-06
 3.507519e-02	 6.461699e-06
 3.758374e-02	 6.898367e-06
 4.027170e-02	 7.354313e-06
 4.315191e-02	 7.827247e-06
 4.623810e-02	 8.318172e-06
 4.954502e-02	 8.820488e-06
 5.308844e-02	 9.330226e-06
 5.688529e-02	 9.843990e-06
 6.095369e-02	 1.035538e-05
 6.531306e-02	 1.085378e-05
 6.998420e-02	 1.133087e-05
 7.498942e-02	 1.177303e-05
 8.035261e-02	 1.216789e-05
 8.609938e-02	 1.249872e-05
 9.225714e-02	 1.274875e-05
 9.885531e-02	 1.290037e-05
 1.059254e-01	 1.294743e-05
 1.135011e-01	 1.288425e-05
 1.216186e-01	 1.266052e-05
 1.303167e-01	 1.226449e-05
 1.396368e-01	 1.167694e-05
 1.496236e-01	 1.089330e-05
 1.603245e-01	 9.916109e-06
 1.717908e-01	 8.762297e-06
 1.840772e-01	 7.462257e-06
 1.972423e-01	 6.068224e-06
 2.113489e-01	 4.661744e-06
 2.264644e-01	 3.248593e-06
 2.426610e-01	 1.902853e-06
 2.600160e-01	 7.022768e-07
 2.786121e-01	-2.926687e-07
 2.985383e-01	-1.055624e-06
 3.198895e-01	-1.562259e-06
 3.427678e-01	-1.813766e-06
 3.672823e-01	-1.847754e-06
 3.935501e-01	-1.703212e-06
 4.216965e-01	-1.439637e-06
 4.518559e-01	-1.120325e-06
 4.841724e-01	-8.011533e-07
 5.188000e-01	-5.244115e-07
 5.559043e-01	-3.090046e-07
 5.956621e-01	-1.635659e-07
 6.382635e-01	-7.467022e-08
 6.839116e-01	-2.916476e-08
 7.328245e-01	-9.402411e-09
 7.852356e-01	-2.293814e-09
 8.413951e-01	-3.999954e-10
 9.015711e-01	-2.627819e-11
