 1.000000e-03  1.071519e-03  5.937876e-12 -2.260182e-11  3.525623e-11
 1.071519e-03  1.148154e-03  2.354875e-11 -3.135731e-11  3.982272e-11
 1.148154e-03  1.230269e-03  4.383887e-12 -1.898376e-11  2.852914e-11
 1.230269e-03  1.318257e-03  3.121991e-11 -3.250080e-11  4.080611e-10
 1.318257e-03  1.412538e-03  1.983282e-11  9.129223e-12  1.068594e-10
 1.412538e-03  1.513561e-03 -2.661489e-12 -4.790171e-11  9.611555e-11
 1.513561e-03  1.621810e-03  1.164502e-11 -1.803706e-11  6.599995e-11
 1.621810e-03  1.737801e-03  2.080969e-11 -6.789785e-12  1.184872e-10
 1.737801e-03  1.862087e-03  3.113434e-11 -5.189415e-11  6.891245e-10
 1.862087e-03  1.995262e-03  8.405924e-11 -6.406052e-10  1.230508e-10
 1.995262e-03  2.137962e-03  5.750574e-11 -4.157033e-11  1.567421e-10
 2.137962e-03  2.290868e-03  5.641276e-12 -3.949264e-11  1.046778e-10
 2.290868e-03  2.454709e-03  2.969390e-11 -8.345748e-11  1.837756e-10
 2.454709e-03  2.630268e-03  7.723682e-11 -5.115570e-11  1.483855e-10
 2.630268e-03  2.818383e-03  8.206817e-11 -1.384605e-09  1.498057e-10
 2.818383e-03  3.019952e-03  4.897770e-12 -7.333915e-11  2.844650e-10
 3.019952e-03  3.235937e-03  1.065864e-10 -1.380255e-10  2.791202e-10
 3.235937e-03  3.467369e-03  1.902813e-10 -4.138630e-11  3.446482e-10
 3.467369e-03  3.715352e-03  1.754666e-10 -4.786261e-11  3.615204e-10
 3.715352e-03  3.981072e-03  7.704279e-11  5.644389e-11  5.437217e-10
 3.981072e-03  4.265795e-03  2.405606e-10 -9.924417e-10  1.130588e-09
 4.265795e-03  4.570882e-03  2.777519e-10 -2.549370e-12  8.999576e-10
 4.570882e-03  4.897788e-03  1.805041e-10  3.328617e-11  6.096155e-10
 4.897788e-03  5.248075e-03  1.372519e-10  5.869169e-11  6.120642e-10
 5.248075e-03  5.623413e-03  4.507068e-10 -2.418704e-09  4.957057e-10
 5.623413e-03  6.025596e-03  1.500650e-10  1.500650e-10  6.022042e-10
 6.025596e-03  6.456542e-03  6.240226e-10 -1.986309e-11  1.876508e-09
 6.456542e-03  6.918310e-03  5.278655e-10 -5.092157e-09  2.444552e-09
 6.918310e-03  7.413102e-03  7.335595e-10  1.922778e-12  7.195125e-09
 7.413102e-03  7.943282e-03  5.255386e-10 -4.588674e-11  8.450520e-10
 7.943282e-03  8.511380e-03  6.412923e-10 -7.002026e-10  1.238734e-09
 8.511380e-03  9.120108e-03  9.819155e-10 -9.519815e-10  1.510060e-09
 9.120108e-03  9.772372e-03  6.913391e-10  5.896740e-10  1.694134e-09
 9.772372e-03  1.047129e-02  1.231959e-09 -5.556897e-09  2.315980e-09
 1.047129e-02  1.122018e-02  1.266847e-09  7.788394e-10  8.873540e-09
 1.122018e-02  1.202264e-02  1.266126e-09  5.631139e-11  3.461815e-09
 1.202264e-02  1.288250e-02  1.827354e-09  1.108056e-09  7.327228e-09
 1.288250e-02  1.380384e-02  2.066150e-09 -1.993424e-09  3.036176e-09
 1.380384e-02  1.479108e-02  2.161491e-09  1.010293e-09  8.266449e-09
 1.479108e-02  1.584893e-02  2.313306e-09 -1.996058e-09  3.701250e-09
 1.584893e-02  1.698244e-02  3.270826e-09  1.520478e-09  4.616949e-09
 1.698244e-02  1.819701e-02  3.329778e-09  6.286230e-10  6.669836e-09
 1.819701e-02  1.949845e-02  4.154410e-09  1.522699e-09  7.272519e-09
 1.949845e-02  2.089296e-02  4.645630e-09  7.232468e-10  8.248422e-09
 2.089296e-02  2.238721e-02  4.596644e-09  3.829287e-09  6.528038e-09
 2.238721e-02  2.398833e-02  7.139188e-09  2.716911e-09  9.913083e-09
 2.398833e-02  2.570396e-02  6.406147e-09  3.931328e-09  8.215884e-09
 2.570396e-02  2.754229e-02  8.429044e-09  5.898753e-09  1.488461e-08
 2.754229e-02  2.951209e-02  9.315581e-09  6.923497e-09  1.222905e-08
 2.951209e-02  3.162278e-02  1.018174e-08  6.209047e-09  1.810338e-08
 3.162278e-02  3.388442e-02  1.160262e-08  8.647689e-09  1.673145e-08
 3.388442e-02  3.630781e-02  1.431873e-08  1.078817e-08  2.283209e-08
 3.630781e-02  3.890451e-02  1.525955e-08  6.102494e-09  2.355535e-08
 3.890451e-02  4.168694e-02  1.777852e-08  1.373181e-08  2.389426e-08
 4.168694e-02  4.466836e-02  1.996040e-08  7.065190e-09  2.683772e-08
 4.466836e-02  4.786301e-02  2.381596e-08  1.478856e-08  3.330021e-08
 4.786301e-02  5.128614e-02  2.602610e-08  1.607290e-08  3.594691e-08
 5.128614e-02  5.495409e-02  2.979281e-08  2.260849e-08  4.111058e-08
 5.495409e-02  5.888437e-02  3.537780e-08  2.750305e-08  4.510315e-08
 5.888437e-02  6.309573e-02  3.718799e-08  3.030281e-08  5.155954e-08
 6.309573e-02  6.760830e-02  4.211935e-08  2.974893e-08  6.056717e-08
 6.760830e-02  7.244360e-02  4.849530e-08  3.441533e-08  6.761105e-08
 7.244360e-02  7.762471e-02  5.265184e-08  3.797893e-08  7.137008e-08
 7.762471e-02  8.317638e-02  5.816684e-08  4.594383e-08  8.237827e-08
 8.317638e-02  8.912509e-02  6.770135e-08  1.234743e-08  8.618726e-08
 8.912509e-02  9.549926e-02  7.155739e-08  5.376371e-08  1.571012e-07
 9.549926e-02  1.023293e-01  7.390864e-08  6.049933e-08  9.665706e-08
 1.023293e-01  1.096478e-01  8.609759e-08  6.475047e-08  1.149872e-07
 1.096478e-01  1.174898e-01  8.890433e-08  7.039599e-08  1.202510e-07
 1.174898e-01  1.258925e-01  9.410093e-08  7.924517e-08  1.223342e-07
 1.258925e-01  1.348963e-01  9.750528e-08  7.498556e-08  1.341508e-07
 1.348963e-01  1.445440e-01  1.003025e-07  7.891735e-08  1.357336e-07
 1.445440e-01  1.548817e-01  1.007271e-07  8.339416e-08  1.360810e-07
 1.548817e-01  1.659587e-01  9.705646e-08  6.479632e-08  1.247689e-07
 1.659587e-01  1.778279e-01  9.490645e-08 -1.098004e-07  1.181739e-07
 1.778279e-01  1.905461e-01  8.720292e-08  7.389402e-08  1.110063e-07
 1.905461e-01  2.041738e-01  7.536809e-08  4.461437e-08  1.044068e-07
 2.041738e-01  2.187762e-01  6.466558e-08  5.310329e-08  7.811024e-08
 2.187762e-01  2.344229e-01  4.848969e-08  2.007974e-08  5.703692e-08
 2.344229e-01  2.511886e-01  3.161758e-08  9.925072e-09  3.471803e-08
 2.511886e-01  2.691535e-01  1.463623e-08 -1.110114e-08  3.437807e-08
 2.691535e-01  2.884032e-01 -1.506317e-09 -5.243312e-08  5.445316e-08
 2.884032e-01  3.090295e-01 -1.661056e-08 -8.172557e-08 -5.867319e-09
 3.090295e-01  3.311311e-01 -2.878014e-08 -6.735246e-08 -1.522250e-08
 3.311311e-01  3.548134e-01 -3.732540e-08 -7.344155e-08 -2.201278e-08
 3.548134e-01  3.801894e-01 -4.111891e-08 -8.184691e-08 -2.508630e-08
 3.801894e-01  4.073803e-01 -4.151288e-08 -8.080767e-08 -2.626477e-08
 4.073803e-01  4.365158e-01 -3.826270e-08 -6.813107e-08 -2.399656e-08
 4.365158e-01  4.677351e-01 -3.249174e-08 -5.945550e-08 -2.048366e-08
 4.677351e-01  5.011872e-01 -2.531219e-08 -4.410931e-08 -1.568100e-08
 5.011872e-01  5.370318e-01 -1.761135e-08 -3.261451e-08 -1.123918e-08
 5.370318e-01  5.754399e-01 -1.156426e-08 -2.132470e-08 -7.058857e-09
 5.754399e-01  6.165950e-01 -6.426857e-09 -1.132293e-08 -4.119690e-09
 6.165950e-01  6.606934e-01 -3.112578e-09 -5.572279e-09  1.264510e-10
 6.606934e-01  7.079458e-01 -1.321836e-09 -2.122662e-09 -8.890911e-10
 7.079458e-01  7.585776e-01 -4.443578e-10 -8.853933e-10 -2.890191e-10
 7.585776e-01  8.128305e-01 -1.253945e-10 -1.884966e-10 -8.479063e-11
 8.128305e-01  8.709636e-01 -2.054543e-11 -3.919149e-11 -1.500887e-11
 8.709636e-01  9.332543e-01 -2.023310e-12 -3.290471e-12 -1.072736e-12
 9.332543e-01  1.000000e+00  1.468144e-14 -6.785383e-15  2.957554e-14
