 5.000000e-03	 7.014329e-07
 1.500000e-02	 2.084391e-06
 2.500000e-02	 3.408613e-06
 3.500000e-02	 4.638163e-06
 4.500000e-02	 5.741687e-06
 5.500000e-02	 6.693785e-06
 6.500000e-02	 7.475956e-06
 7.500000e-02	 8.077090e-06
 8.500000e-02	 8.493480e-06
 9.500000e-02	 8.728671e-06
 1.050000e-01	 8.793363e-06
 1.150000e-01	 8.701972e-06
 1.250000e-01	 8.468194e-06
 1.350000e-01	 8.112538e-06
 1.450000e-01	 7.657299e-06
 1.550000e-01	 7.125321e-06
 1.650000e-01	 6.538981e-06
 1.750000e-01	 5.919539e-06
 1.850000e-01	 5.286988e-06
 1.950000e-01	 4.659549e-06
 2.050000e-01	 4.050410e-06
 2.150000e-01	 3.466676e-06
 2.250000e-01	 2.917463e-06
 2.350000e-01	 2.409435e-06
 2.450000e-01	 1.947020e-06
 2.550000e-01	 1.532674e-06
 2.650000e-01	 1.167051e-06
 2.750000e-01	 8.480041e-07
 2.850000e-01	 5.740058e-07
 2.950000e-01	 3.426497e-07
 3.050000e-01	 1.508290e-07
 3.150000e-01	-5.121813e-09
 3.250000e-01	-1.290069e-07
 3.350000e-01	-2.244972e-07
 3.450000e-01	-2.953243e-07
 3.550000e-01	-3.457462e-07
 3.650000e-01	-3.786795e-07
 3.750000e-01	-3.969340e-07
 3.850000e-01	-4.033600e-07
 3.950000e-01	-4.004856e-07
 4.050000e-01	-3.900651e-07
 4.150000e-01	-3.740568e-07
 4.250000e-01	-3.542970e-07
 4.350000e-01	-3.317658e-07
 4.450000e-01	-3.075666e-07
 4.550000e-01	-2.828654e-07
 4.650000e-01	-2.581036e-07
 4.750000e-01	-2.337689e-07
 4.850000e-01	-2.105520e-07
 4.950000e-01	-1.884819e-07
 5.050000e-01	-1.678290e-07
 5.150000e-01	-1.491011e-07
 5.250000e-01	-1.317489e-07
 5.350000e-01	-1.159382e-07
 5.450000e-01	-1.017035e-07
 5.550000e-01	-8.878367e-08
 5.650000e-01	-7.735397e-08
 5.750000e-01	-6.712652e-08
 5.850000e-01	-5.816679e-08
 5.950000e-01	-5.029324e-08
 6.050000e-01	-4.314587e-08
 6.150000e-01	-3.679385e-08
 6.250000e-01	-3.129298e-08
 6.350000e-01	-2.676254e-08
 6.450000e-01	-2.270441e-08
 6.550000e-01	-1.908875e-08
 6.650000e-01	-1.596898e-08
 6.750000e-01	-1.344810e-08
 6.850000e-01	-1.125615e-08
 6.950000e-01	-9.299924e-09
 7.050000e-01	-7.628903e-09
 7.150000e-01	-6.318649e-09
 7.250000e-01	-5.179045e-09
 7.350000e-01	-4.167478e-09
 7.450000e-01	-3.329014e-09
 7.550000e-01	-2.702332e-09
 7.650000e-01	-2.139247e-09
 7.750000e-01	-1.656712e-09
 7.850000e-01	-1.289268e-09
 7.950000e-01	-1.009373e-09
 8.050000e-01	-7.563721e-10
 8.150000e-01	-5.576345e-10
 8.250000e-01	-4.263033e-10
 8.350000e-01	-3.078666e-10
 8.450000e-01	-2.137933e-10
 8.550000e-01	-1.562105e-10
 8.650000e-01	-1.083700e-10
 8.750000e-01	-6.976585e-11
 8.850000e-01	-4.863856e-11
 8.950000e-01	-3.263656e-11
 9.050000e-01	-1.920349e-11
 9.150000e-01	-1.431279e-11
 9.250000e-01	-8.831890e-12
 9.350000e-01	-3.068441e-12
 9.450000e-01	-6.204379e-13
 9.550000e-01	-6.280665e-14
 9.650000e-01	-3.550791e-15
 9.750000e-01	-7.538456e-17
 9.850000e-01	-2.154778e-19
