 5.000000e-03	 6.689364e-07
 1.500000e-02	 2.094255e-06
 2.500000e-02	 3.514029e-06
 3.500000e-02	 4.874849e-06
 4.500000e-02	 6.135666e-06
 5.500000e-02	 7.265237e-06
 6.500000e-02	 8.237260e-06
 7.500000e-02	 9.031608e-06
 8.500000e-02	 9.635505e-06
 9.500000e-02	 1.004169e-05
 1.050000e-01	 1.025923e-05
 1.150000e-01	 1.034429e-05
 1.250000e-01	 1.024159e-05
 1.350000e-01	 9.964138e-06
 1.450000e-01	 9.528231e-06
 1.550000e-01	 8.953431e-06
 1.650000e-01	 8.264701e-06
 1.750000e-01	 7.487382e-06
 1.850000e-01	 6.641752e-06
 1.950000e-01	 5.756176e-06
 2.050000e-01	 4.909892e-06
 2.150000e-01	 4.062980e-06
 2.250000e-01	 3.233836e-06
 2.350000e-01	 2.440089e-06
 2.450000e-01	 1.695971e-06
 2.550000e-01	 1.011708e-06
 2.650000e-01	 4.069034e-07
 2.750000e-01	-1.311490e-07
 2.850000e-01	-5.996381e-07
 2.950000e-01	-9.980375e-07
 3.050000e-01	-1.328820e-06
 3.150000e-01	-1.596804e-06
 3.250000e-01	-1.803374e-06
 3.350000e-01	-1.952627e-06
 3.450000e-01	-2.050818e-06
 3.550000e-01	-2.110511e-06
 3.650000e-01	-2.128996e-06
 3.750000e-01	-2.110647e-06
 3.850000e-01	-2.063339e-06
 3.950000e-01	-1.999835e-06
 4.050000e-01	-1.913411e-06
 4.150000e-01	-1.814787e-06
 4.250000e-01	-1.710994e-06
 4.350000e-01	-1.599744e-06
 4.450000e-01	-1.481650e-06
 4.550000e-01	-1.364370e-06
 4.650000e-01	-1.248544e-06
 4.750000e-01	-1.132780e-06
 4.850000e-01	-1.022674e-06
 4.950000e-01	-9.177064e-07
 5.050000e-01	-8.165801e-07
 5.150000e-01	-7.243122e-07
 5.250000e-01	-6.376181e-07
 5.350000e-01	-5.573048e-07
 5.450000e-01	-4.855156e-07
 5.550000e-01	-4.192871e-07
 5.650000e-01	-3.606224e-07
 5.750000e-01	-3.081053e-07
 5.850000e-01	-2.618822e-07
 5.950000e-01	-2.234895e-07
 6.050000e-01	-1.886117e-07
 6.150000e-01	-1.575556e-07
 6.250000e-01	-1.304199e-07
 6.350000e-01	-1.085363e-07
 6.450000e-01	-8.971149e-08
 6.550000e-01	-7.318116e-08
 6.650000e-01	-5.901346e-08
 6.750000e-01	-4.777043e-08
 6.850000e-01	-3.865109e-08
 6.950000e-01	-3.073139e-08
 7.050000e-01	-2.407137e-08
 7.150000e-01	-1.903170e-08
 7.250000e-01	-1.504909e-08
 7.350000e-01	-1.161184e-08
 7.450000e-01	-8.790896e-09
 7.550000e-01	-6.872773e-09
 7.650000e-01	-5.275398e-09
 7.750000e-01	-3.909998e-09
 7.850000e-01	-2.879742e-09
 7.950000e-01	-2.251022e-09
 8.050000e-01	-1.646817e-09
 8.150000e-01	-1.152142e-09
 8.250000e-01	-8.828948e-10
 8.350000e-01	-6.390319e-10
 8.450000e-01	-4.237583e-10
 8.550000e-01	-3.049024e-10
 8.650000e-01	-2.192812e-10
 8.750000e-01	-1.332725e-10
 8.850000e-01	-8.521866e-11
 8.950000e-01	-5.989242e-11
 9.050000e-01	-3.006330e-11
 9.150000e-01	-1.290088e-11
 9.250000e-01	-5.292666e-12
 9.350000e-01	-1.247582e-12
 9.450000e-01	-4.188018e-15
 9.550000e-01	 1.238049e-13
 9.650000e-01	 4.440878e-14
 9.750000e-01	 8.107175e-15
 9.850000e-01	 5.634298e-16
