 5.000000e-03	 7.218807e-07
 1.500000e-02	 2.248881e-06
 2.500000e-02	 3.754900e-06
 3.500000e-02	 5.176750e-06
 4.500000e-02	 6.468482e-06
 5.500000e-02	 7.593809e-06
 6.500000e-02	 8.526986e-06
 7.500000e-02	 9.249703e-06
 8.500000e-02	 9.755385e-06
 9.500000e-02	 1.004507e-05
 1.050000e-01	 1.013296e-05
 1.150000e-01	 1.004570e-05
 1.250000e-01	 9.784117e-06
 1.350000e-01	 9.371271e-06
 1.450000e-01	 8.832035e-06
 1.550000e-01	 8.193503e-06
 1.650000e-01	 7.482609e-06
 1.750000e-01	 6.725046e-06
 1.850000e-01	 5.945098e-06
 1.950000e-01	 5.165959e-06
 2.050000e-01	 4.416838e-06
 2.150000e-01	 3.694146e-06
 2.250000e-01	 3.009300e-06
 2.350000e-01	 2.372391e-06
 2.450000e-01	 1.790492e-06
 2.550000e-01	 1.268260e-06
 2.650000e-01	 8.110217e-07
 2.750000e-01	 4.123032e-07
 2.850000e-01	 7.079693e-08
 2.950000e-01	-2.155675e-07
 3.050000e-01	-4.501234e-07
 3.150000e-01	-6.372992e-07
 3.250000e-01	-7.815542e-07
 3.350000e-01	-8.871900e-07
 3.450000e-01	-9.589823e-07
 3.550000e-01	-1.003221e-06
 3.650000e-01	-1.022400e-06
 3.750000e-01	-1.020174e-06
 3.850000e-01	-1.000981e-06
 3.950000e-01	-9.700955e-07
 4.050000e-01	-9.277695e-07
 4.150000e-01	-8.771845e-07
 4.250000e-01	-8.230963e-07
 4.350000e-01	-7.657657e-07
 4.450000e-01	-7.060138e-07
 4.550000e-01	-6.466471e-07
 4.650000e-01	-5.882355e-07
 4.750000e-01	-5.308938e-07
 4.850000e-01	-4.767217e-07
 4.950000e-01	-4.254093e-07
 5.050000e-01	-3.769421e-07
 5.150000e-01	-3.327173e-07
 5.250000e-01	-2.917260e-07
 5.350000e-01	-2.541784e-07
 5.450000e-01	-2.207900e-07
 5.550000e-01	-1.903299e-07
 5.650000e-01	-1.635199e-07
 5.750000e-01	-1.396871e-07
 5.850000e-01	-1.188331e-07
 5.950000e-01	-1.011974e-07
 6.050000e-01	-8.529093e-08
 6.150000e-01	-7.119928e-08
 6.250000e-01	-5.898959e-08
 6.350000e-01	-4.922462e-08
 6.450000e-01	-4.080680e-08
 6.550000e-01	-3.339736e-08
 6.650000e-01	-2.704732e-08
 6.750000e-01	-2.206426e-08
 6.850000e-01	-1.800045e-08
 6.950000e-01	-1.442103e-08
 7.050000e-01	-1.138978e-08
 7.150000e-01	-9.121393e-09
 7.250000e-01	-7.299479e-09
 7.350000e-01	-5.691297e-09
 7.450000e-01	-4.358746e-09
 7.550000e-01	-3.459478e-09
 7.650000e-01	-2.685403e-09
 7.750000e-01	-2.010160e-09
 7.850000e-01	-1.498514e-09
 7.950000e-01	-1.176104e-09
 8.050000e-01	-8.627679e-10
 8.150000e-01	-6.067456e-10
 8.250000e-01	-4.634229e-10
 8.350000e-01	-3.324508e-10
 8.450000e-01	-2.194746e-10
 8.550000e-01	-1.555017e-10
 8.650000e-01	-1.082033e-10
 8.750000e-01	-6.433876e-11
 8.850000e-01	-3.929727e-11
 8.950000e-01	-2.498347e-11
 9.050000e-01	-1.137462e-11
 9.150000e-01	-2.292275e-12
 9.250000e-01	 1.501883e-12
 9.350000e-01	 1.010539e-12
 9.450000e-01	 3.609378e-13
 9.550000e-01	 9.378686e-14
 9.650000e-01	 2.172665e-14
 9.750000e-01	 3.487013e-15
 9.850000e-01	 2.282735e-16
