 1.035142e-03  1.387257e-07  9.184678e-08  2.227024e-07
 1.109175e-03  1.486461e-07  9.841480e-08  2.386282e-07
 1.188502e-03  1.592757e-07  1.054524e-07  2.556926e-07
 1.273503e-03  1.706652e-07  1.129930e-07  2.739770e-07
 1.364583e-03  1.828689e-07  1.210727e-07  2.935685e-07
 1.462177e-03  1.959449e-07  1.297299e-07  3.145604e-07
 1.566751e-03  2.099554e-07  1.390058e-07  3.370527e-07
 1.678804e-03  2.249672e-07  1.489447e-07  3.611526e-07
 1.798871e-03  2.410518e-07  1.595937e-07  3.869747e-07
 1.927525e-03  2.582855e-07  1.710035e-07  4.146419e-07
 2.065380e-03  2.767503e-07  1.832283e-07  4.442857e-07
 2.213095e-03  2.965340e-07  1.963263e-07  4.760472e-07
 2.371374e-03  3.177305e-07  2.103596e-07  5.100771e-07
 2.540973e-03  3.404404e-07  2.253947e-07  5.465369e-07
 2.722701e-03  3.647711e-07  2.415029e-07  5.855996e-07
 2.917427e-03  3.908381e-07  2.587604e-07  6.274503e-07
 3.126079e-03  4.187644e-07  2.772488e-07  6.722869e-07
 3.349654e-03  4.486819e-07  2.970554e-07  7.203214e-07
 3.589219e-03  4.807318e-07  3.182734e-07  7.717805e-07
 3.845918e-03  5.150647e-07  3.410026e-07  8.269065e-07
 4.120975e-03  5.518419e-07  3.653497e-07  8.859588e-07
 4.415704e-03  5.912355e-07  3.914287e-07  9.492144e-07
 4.731513e-03  6.334297e-07  4.193611e-07  1.016969e-06
 5.069907e-03  6.786206e-07  4.492769e-07  1.089539e-06
 5.432503e-03  7.270180e-07  4.813147e-07  1.167262e-06
 5.821032e-03  7.788452e-07  5.156221e-07  1.250497e-06
 6.237348e-03  8.343402e-07  5.523565e-07  1.339629e-06
 6.683439e-03  8.937565e-07  5.916854e-07  1.435066e-06
 7.161434e-03  9.573635e-07  6.337868e-07  1.537242e-06
 7.673615e-03  1.025448e-06  6.788496e-07  1.646621e-06
 8.222426e-03  1.098312e-06  7.270745e-07  1.763693e-06
 8.810489e-03  1.176279e-06  7.786735e-07  1.888978e-06
 9.440609e-03  1.259688e-06  8.338707e-07  2.023028e-06
 1.011579e-02  1.348898e-06  8.929026e-07  2.166425e-06
 1.083927e-02  1.444286e-06  9.560174e-07  2.319781e-06
 1.161449e-02  1.546247e-06  1.023475e-06  2.483742e-06
 1.244515e-02  1.655196e-06  1.095548e-06  2.658983e-06
 1.333521e-02  1.771561e-06  1.172518e-06  2.846208e-06
 1.428894e-02  1.895788e-06  1.254677e-06  3.046150e-06
 1.531087e-02  2.028334e-06  1.342324e-06  3.259564e-06
 1.640590e-02  2.169667e-06  1.435763e-06  3.487227e-06
 1.757924e-02  2.320257e-06  1.535301e-06  3.729927e-06
 1.883649e-02  2.480575e-06  1.641243e-06  3.988457e-06
 2.018366e-02  2.651081e-06  1.753885e-06  4.263605e-06
 2.162719e-02  2.832217e-06  1.873510e-06  4.556136e-06
 2.317395e-02  3.024393e-06  2.000377e-06  4.866781e-06
 2.483133e-02  3.227973e-06  2.134713e-06  5.196205e-06
 2.660725e-02  3.443252e-06  2.276697e-06  5.544988e-06
 2.851018e-02  3.670439e-06  2.426444e-06  5.913583e-06
 3.054921e-02  3.909621e-06  2.583988e-06  6.302280e-06
 3.273407e-02  4.160731e-06  2.749256e-06  6.711145e-06
 3.507519e-02  4.423508e-06  2.922039e-06  7.139965e-06
 3.758374e-02  4.697446e-06  3.101961e-06  7.588170e-06
 4.027170e-02  4.981736e-06  3.288440e-06  8.054750e-06
 4.315191e-02  5.275204e-06  3.480640e-06  8.538138e-06
 4.623810e-02  5.576226e-06  3.677425e-06  9.036114e-06
 4.954502e-02  5.882655e-06  3.877301e-06  9.545658e-06
 5.308844e-02  6.191722e-06  4.078356e-06  1.006280e-05
 5.688529e-02  6.499938e-06  4.278197e-06  1.058247e-05
 6.095369e-02  6.803003e-06  4.473890e-06  1.109834e-05
 6.531306e-02  7.095713e-06  4.661900e-06  1.160258e-05
 6.998420e-02  7.371897e-06  4.838051e-06  1.208584e-05
 7.498942e-02  7.624345e-06  4.997502e-06  1.253707e-05
 8.035261e-02  7.844820e-06  5.134755e-06  1.294345e-05
 8.609938e-02  8.024160e-06  5.243725e-06  1.329049e-05
 9.225714e-02  8.152432e-06  5.317862e-06  1.356229e-05
 9.885531e-02  8.219278e-06  5.350390e-06  1.374202e-05
 1.059254e-01  8.214820e-06  5.334857e-06  1.381437e-05
 1.135011e-01  8.128698e-06  5.265107e-06  1.375942e-05
 1.216186e-01  7.950525e-06  5.134766e-06  1.355444e-05
 1.303167e-01  7.673235e-06  4.939819e-06  1.318361e-05
 1.396368e-01  7.292946e-06  4.678498e-06  1.263541e-05
 1.496236e-01  6.810153e-06  4.351997e-06  1.190495e-05
 1.603245e-01  6.230712e-06  3.965051e-06  1.099606e-05
 1.717908e-01  5.566693e-06  3.526436e-06  9.923209e-06
 1.840772e-01  4.836879e-06  3.049055e-06  8.712043e-06
 1.972423e-01  4.066887e-06  2.549862e-06  7.403931e-06
 2.113489e-01  3.285046e-06  2.047731e-06  6.050916e-06
 2.264644e-01  2.520514e-06  1.561981e-06  4.697697e-06
 2.426610e-01  1.806654e-06  1.113075e-06  3.407391e-06
 2.600160e-01  1.174054e-06  7.192668e-07  2.241655e-06
 2.786121e-01  6.449027e-07  3.933784e-07  1.246328e-06
 2.985383e-01  2.330686e-07  1.413895e-07  4.555171e-07
 3.198895e-01 -5.956468e-08 -1.177168e-07 -3.595010e-08
 3.427678e-01 -2.404675e-07 -4.792420e-07 -1.446032e-07
 3.672823e-01 -3.261352e-07 -6.539406e-07 -1.957423e-07
 3.935501e-01 -3.389068e-07 -6.806918e-07 -2.034566e-07
 4.216965e-01 -3.036349e-07 -6.105204e-07 -1.828721e-07
 4.518559e-01 -2.447585e-07 -4.902419e-07 -1.481829e-07
 4.841724e-01 -1.799692e-07 -3.561726e-07 -1.097964e-07
 5.188000e-01 -1.213559e-07 -2.353529e-07 -7.481513e-08
 5.559043e-01 -7.511987e-08 -1.417122e-07 -4.686538e-08
 5.956621e-01 -4.295856e-08 -7.864662e-08 -2.706826e-08
 6.382635e-01 -2.205520e-08 -3.950577e-08 -1.394412e-08
 6.839116e-01 -9.978687e-09 -1.770359e-08 -6.276392e-09
 7.328245e-01 -3.757694e-09 -6.733780e-09 -2.327050e-09
 7.852356e-01 -1.082675e-09 -1.997654e-09 -6.506908e-10
 8.413951e-01 -2.015264e-10 -3.904539e-10 -1.168552e-10
 9.015711e-01 -1.908204e-11 -3.713514e-11 -1.138598e-11
