 1.000000e-03  1.071519e-03  1.952791e-11
 1.071519e-03  1.148154e-03  3.315594e-11
 1.148154e-03  1.230269e-03  1.309314e-11
 1.230269e-03  1.318257e-03  2.620569e-11
 1.318257e-03  1.412538e-03  8.025920e-11
 1.412538e-03  1.513561e-03 -1.851509e-11
 1.513561e-03  1.621810e-03  3.951169e-11
 1.621810e-03  1.737801e-03  4.900002e-11
 1.737801e-03  1.862087e-03  2.202780e-11
 1.862087e-03  1.995262e-03  6.228001e-11
 1.995262e-03  2.137962e-03  2.711932e-11
 2.137962e-03  2.290868e-03  1.505466e-10
 2.290868e-03  2.454709e-03  6.804372e-12
 2.454709e-03  2.630268e-03  6.086347e-11
 2.630268e-03  2.818383e-03  1.994714e-10
 2.818383e-03  3.019952e-03  4.244519e-11
 3.019952e-03  3.235937e-03  6.111003e-11
 3.235937e-03  3.467369e-03  1.682054e-10
 3.467369e-03  3.715352e-03  1.692963e-10
 3.715352e-03  3.981072e-03  1.563320e-10
 3.981072e-03  4.265795e-03  7.269263e-11
 4.265795e-03  4.570882e-03 -4.045409e-11
 4.570882e-03  4.897788e-03  4.579572e-10
 4.897788e-03  5.248075e-03  2.514562e-10
 5.248075e-03  5.623413e-03  3.829572e-10
 5.623413e-03  6.025596e-03  1.707802e-10
 6.025596e-03  6.456542e-03  5.585563e-10
 6.456542e-03  6.918310e-03  3.995089e-10
 6.918310e-03  7.413102e-03  3.255342e-10
 7.413102e-03  7.943282e-03  1.081702e-09
 7.943282e-03  8.511380e-03  3.834390e-10
 8.511380e-03  9.120108e-03  5.768591e-10
 9.120108e-03  9.772372e-03  7.989873e-10
 9.772372e-03  1.047129e-02  1.095521e-09
 1.047129e-02  1.122018e-02  1.672242e-09
 1.122018e-02  1.202264e-02  1.927173e-09
 1.202264e-02  1.288250e-02  1.500423e-09
 1.288250e-02  1.380384e-02  1.571857e-09
 1.380384e-02  1.479108e-02  2.159701e-09
 1.479108e-02  1.584893e-02  3.002370e-09
 1.584893e-02  1.698244e-02  2.690366e-09
 1.698244e-02  1.819701e-02  3.494352e-09
 1.819701e-02  1.949845e-02  4.599137e-09
 1.949845e-02  2.089296e-02  3.804418e-09
 2.089296e-02  2.238721e-02  5.111162e-09
 2.238721e-02  2.398833e-02  5.611919e-09
 2.398833e-02  2.570396e-02  7.529390e-09
 2.570396e-02  2.754229e-02  7.466899e-09
 2.754229e-02  2.951209e-02  8.701981e-09
 2.951209e-02  3.162278e-02  1.060920e-08
 3.162278e-02  3.388442e-02  1.059800e-08
 3.388442e-02  3.630781e-02  1.574589e-08
 3.630781e-02  3.890451e-02  1.688935e-08
 3.890451e-02  4.168694e-02  1.530163e-08
 4.168694e-02  4.466836e-02  1.984390e-08
 4.466836e-02  4.786301e-02  2.355801e-08
 4.786301e-02  5.128614e-02  2.771437e-08
 5.128614e-02  5.495409e-02  2.828362e-08
 5.495409e-02  5.888437e-02  3.111456e-08
 5.888437e-02  6.309573e-02  3.620561e-08
 6.309573e-02  6.760830e-02  4.205619e-08
 6.760830e-02  7.244360e-02  4.764068e-08
 7.244360e-02  7.762471e-02  5.569367e-08
 7.762471e-02  8.317638e-02  5.791083e-08
 8.317638e-02  8.912509e-02  6.495889e-08
 8.912509e-02  9.549926e-02  6.754245e-08
 9.549926e-02  1.023293e-01  7.697752e-08
 1.023293e-01  1.096478e-01  8.207561e-08
 1.096478e-01  1.174898e-01  8.477507e-08
 1.174898e-01  1.258925e-01  9.527263e-08
 1.258925e-01  1.348963e-01  9.374842e-08
 1.348963e-01  1.445440e-01  9.734060e-08
 1.445440e-01  1.548817e-01  1.021393e-07
 1.548817e-01  1.659587e-01  9.308435e-08
 1.659587e-01  1.778279e-01  9.601833e-08
 1.778279e-01  1.905461e-01  8.517321e-08
 1.905461e-01  2.041738e-01  7.692865e-08
 2.041738e-01  2.187762e-01  6.347838e-08
 2.187762e-01  2.344229e-01  4.846874e-08
 2.344229e-01  2.511886e-01  3.142744e-08
 2.511886e-01  2.691535e-01  1.439095e-08
 2.691535e-01  2.884032e-01 -8.859132e-10
 2.884032e-01  3.090295e-01 -1.607159e-08
 3.090295e-01  3.311311e-01 -2.812705e-08
 3.311311e-01  3.548134e-01 -3.595772e-08
 3.548134e-01  3.801894e-01 -4.020246e-08
 3.801894e-01  4.073803e-01 -4.137342e-08
 4.073803e-01  4.365158e-01 -3.725436e-08
 4.365158e-01  4.677351e-01 -3.205771e-08
 4.677351e-01  5.011872e-01 -2.522815e-08
 5.011872e-01  5.370318e-01 -1.778856e-08
 5.370318e-01  5.754399e-01 -1.111970e-08
 5.754399e-01  6.165950e-01 -6.507431e-09
 6.165950e-01  6.606934e-01 -3.056377e-09
 6.606934e-01  7.079458e-01 -1.265803e-09
 7.079458e-01  7.585776e-01 -4.330094e-10
 7.585776e-01  8.128305e-01 -1.386702e-10
 8.128305e-01  8.709636e-01 -2.327217e-11
 8.709636e-01  9.332543e-01 -1.968879e-12
 9.332543e-01  1.000000e+00  1.444218e-14
