 5.000000e-03	 5.710665e-07
 1.500000e-02	 1.696445e-06
 2.500000e-02	 2.772422e-06
 3.500000e-02	 3.768881e-06
 4.500000e-02	 4.659693e-06
 5.500000e-02	 5.423898e-06
 6.500000e-02	 6.046472e-06
 7.500000e-02	 6.518754e-06
 8.500000e-02	 6.838352e-06
 9.500000e-02	 7.008892e-06
 1.050000e-01	 7.039702e-06
 1.150000e-01	 6.943882e-06
 1.250000e-01	 6.734861e-06
 1.350000e-01	 6.430316e-06
 1.450000e-01	 6.049035e-06
 1.550000e-01	 5.609960e-06
 1.650000e-01	 5.131350e-06
 1.750000e-01	 4.630223e-06
 1.850000e-01	 4.121846e-06
 1.950000e-01	 3.619614e-06
 2.050000e-01	 3.134519e-06
 2.150000e-01	 2.672770e-06
 2.250000e-01	 2.241055e-06
 2.350000e-01	 1.844088e-06
 2.450000e-01	 1.484806e-06
 2.550000e-01	 1.164605e-06
 2.650000e-01	 8.835185e-07
 2.750000e-01	 6.397185e-07
 2.850000e-01	 4.319226e-07
 2.950000e-01	 2.573194e-07
 3.050000e-01	 1.130725e-07
 3.150000e-01	-3.827646e-09
 3.250000e-01	-9.644601e-08
 3.350000e-01	-1.677123e-07
 3.450000e-01	-2.205354e-07
 3.550000e-01	-2.577716e-07
 3.650000e-01	-2.817795e-07
 3.750000e-01	-2.948583e-07
 3.850000e-01	-2.991925e-07
 3.950000e-01	-2.967030e-07
 4.050000e-01	-2.887057e-07
 4.150000e-01	-2.766610e-07
 4.250000e-01	-2.619359e-07
 4.350000e-01	-2.455289e-07
 4.450000e-01	-2.279923e-07
 4.550000e-01	-2.100981e-07
 4.650000e-01	-1.921432e-07
 4.750000e-01	-1.744701e-07
 4.850000e-01	-1.575972e-07
 4.950000e-01	-1.415184e-07
 5.050000e-01	-1.263732e-07
 5.150000e-01	-1.124513e-07
 5.250000e-01	-9.953359e-08
 5.350000e-01	-8.774880e-08
 5.450000e-01	-7.712609e-08
 5.550000e-01	-6.746169e-08
 5.650000e-01	-5.890065e-08
 5.750000e-01	-5.121796e-08
 5.850000e-01	-4.447729e-08
 5.950000e-01	-3.856550e-08
 6.050000e-01	-3.316955e-08
 6.150000e-01	-2.835122e-08
 6.250000e-01	-2.416161e-08
 6.350000e-01	-2.069787e-08
 6.450000e-01	-1.758586e-08
 6.550000e-01	-1.480142e-08
 6.650000e-01	-1.239116e-08
 6.750000e-01	-1.043672e-08
 6.850000e-01	-8.731559e-09
 6.950000e-01	-7.205723e-09
 7.050000e-01	-5.902213e-09
 7.150000e-01	-4.877605e-09
 7.250000e-01	-3.988353e-09
 7.350000e-01	-3.201498e-09
 7.450000e-01	-2.550187e-09
 7.550000e-01	-2.063275e-09
 7.650000e-01	-1.628964e-09
 7.750000e-01	-1.258182e-09
 7.850000e-01	-9.757543e-10
 7.950000e-01	-7.608906e-10
 8.050000e-01	-5.683938e-10
 8.150000e-01	-4.176356e-10
 8.250000e-01	-3.177748e-10
 8.350000e-01	-2.287427e-10
 8.450000e-01	-1.584043e-10
 8.550000e-01	-1.152694e-10
 8.650000e-01	-7.979801e-11
 8.750000e-01	-5.139527e-11
 8.850000e-01	-3.587674e-11
 8.950000e-01	-2.416262e-11
 9.050000e-01	-1.439207e-11
 9.150000e-01	-1.103309e-11
 9.250000e-01	-6.907543e-12
 9.350000e-01	-2.408378e-12
 9.450000e-01	-4.873651e-13
 9.550000e-01	-4.930783e-14
 9.650000e-01	-2.786044e-15
 9.750000e-01	-5.911485e-17
 9.850000e-01	-1.688755e-19
