-1.000000e+00 -9.800000e-01  7.130365e-11
-9.800000e-01 -9.600000e-01  1.649004e-09
-9.600000e-01 -9.400000e-01  8.570280e-09
-9.400000e-01 -9.200000e-01  1.540253e-08
-9.200000e-01 -9.000000e-01  2.400594e-08
-9.000000e-01 -8.800000e-01  3.097419e-08
-8.800000e-01 -8.600000e-01  3.396973e-08
-8.600000e-01 -8.400000e-01  3.839036e-08
-8.400000e-01 -8.200000e-01  3.786597e-08
-8.200000e-01 -8.000000e-01  3.818621e-08
-8.000000e-01 -7.800000e-01  3.960476e-08
-7.800000e-01 -7.600000e-01  3.579263e-08
-7.600000e-01 -7.400000e-01  3.568966e-08
-7.400000e-01 -7.200000e-01  3.330464e-08
-7.200000e-01 -7.000000e-01  3.142960e-08
-7.000000e-01 -6.800000e-01  3.076451e-08
-6.800000e-01 -6.600000e-01  2.766780e-08
-6.600000e-01 -6.400000e-01  2.615971e-08
-6.400000e-01 -6.200000e-01  2.508221e-08
-6.200000e-01 -6.000000e-01  2.376036e-08
-6.000000e-01 -5.800000e-01  2.545239e-08
-5.800000e-01 -5.600000e-01  2.436538e-08
-5.600000e-01 -5.400000e-01  1.872254e-08
-5.400000e-01 -5.200000e-01  2.111109e-08
-5.200000e-01 -5.000000e-01  1.914499e-08
-5.000000e-01 -4.800000e-01  2.170340e-08
-4.800000e-01 -4.600000e-01  1.559284e-08
-4.600000e-01 -4.400000e-01  1.968736e-08
-4.400000e-01 -4.200000e-01  1.454222e-08
-4.200000e-01 -4.000000e-01  2.168219e-08
-4.000000e-01 -3.800000e-01  2.046381e-08
-3.800000e-01 -3.600000e-01  1.935795e-08
-3.600000e-01 -3.400000e-01  2.076258e-08
-3.400000e-01 -3.200000e-01  2.084588e-08
-3.200000e-01 -3.000000e-01  2.192988e-08
-3.000000e-01 -2.800000e-01  2.616802e-08
-2.800000e-01 -2.600000e-01  1.607948e-08
-2.600000e-01 -2.400000e-01  2.584048e-08
-2.400000e-01 -2.200000e-01  2.550624e-08
-2.200000e-01 -2.000000e-01  2.749905e-08
-2.000000e-01 -1.800000e-01  1.985461e-08
-1.800000e-01 -1.600000e-01  2.685437e-08
-1.600000e-01 -1.400000e-01  2.517783e-08
-1.400000e-01 -1.200000e-01  2.100233e-08
-1.200000e-01 -1.000000e-01  2.562548e-08
-1.000000e-01 -8.000000e-02  2.676753e-08
-8.000000e-02 -6.000000e-02  2.200686e-08
-6.000000e-02 -4.000000e-02  2.594381e-08
-4.000000e-02 -2.000000e-02  2.519581e-08
-2.000000e-02  0.000000e+00  2.574897e-08
 0.000000e+00  2.000000e-02  2.421373e-08
 2.000000e-02  4.000000e-02  2.064290e-08
 4.000000e-02  6.000000e-02  1.789151e-08
 6.000000e-02  8.000000e-02  1.585933e-08
 8.000000e-02  1.000000e-01  1.699464e-08
 1.000000e-01  1.200000e-01  1.571238e-08
 1.200000e-01  1.400000e-01  1.307293e-08
 1.400000e-01  1.600000e-01  1.026417e-08
 1.600000e-01  1.800000e-01  1.074955e-08
 1.800000e-01  2.000000e-01  8.348086e-09
 2.000000e-01  2.200000e-01  6.698661e-09
 2.200000e-01  2.400000e-01  6.695490e-09
 2.400000e-01  2.600000e-01  3.834144e-09
 2.600000e-01  2.800000e-01  5.015172e-09
 2.800000e-01  3.000000e-01  3.572920e-09
 3.000000e-01  3.200000e-01  2.661504e-09
 3.200000e-01  3.400000e-01  1.993137e-09
 3.400000e-01  3.600000e-01  2.289209e-09
 3.600000e-01  3.800000e-01  1.440537e-09
 3.800000e-01  4.000000e-01  9.057110e-10
 4.000000e-01  4.200000e-01  1.004437e-09
 4.200000e-01  4.400000e-01  7.418085e-10
 4.400000e-01  4.600000e-01  4.904008e-10
 4.600000e-01  4.800000e-01  5.176065e-10
 4.800000e-01  5.000000e-01  3.225931e-10
 5.000000e-01  5.200000e-01  2.589825e-10
 5.200000e-01  5.400000e-01  1.182985e-10
 5.400000e-01  5.600000e-01  1.387498e-10
 5.600000e-01  5.800000e-01  8.421155e-11
 5.800000e-01  6.000000e-01  5.987323e-11
 6.000000e-01  6.200000e-01  5.965319e-11
 6.200000e-01  6.400000e-01  3.748444e-11
 6.400000e-01  6.600000e-01  1.330407e-11
 6.600000e-01  6.800000e-01  2.658329e-11
 6.800000e-01  7.000000e-01 -2.800144e-12
 7.000000e-01  7.200000e-01  7.993206e-12
 7.200000e-01  7.400000e-01  4.220436e-12
 7.400000e-01  7.600000e-01  4.127538e-12
 7.600000e-01  7.800000e-01  2.045264e-12
 7.800000e-01  8.000000e-01  2.456414e-12
 8.000000e-01  8.200000e-01  1.056108e-12
 8.200000e-01  8.400000e-01  9.792856e-13
 8.400000e-01  8.600000e-01  1.117783e-13
 8.600000e-01  8.800000e-01  5.958236e-14
 8.800000e-01  9.000000e-01  1.525395e-14
 9.000000e-01  9.200000e-01  8.585886e-16
 9.200000e-01  9.400000e-01 -8.233299e-16
 9.400000e-01  9.600000e-01 -2.007487e-16
 9.600000e-01  9.800000e-01 -1.080212e-17
 9.800000e-01  1.000000e+00 -1.062457e-19
