 5.000000e-03	 7.328091e-07
 1.500000e-02	 2.542536e-06
 2.500000e-02	 4.432644e-06
 3.500000e-02	 6.272615e-06
 4.500000e-02	 7.981626e-06
 5.500000e-02	 9.498144e-06
 6.500000e-02	 1.077393e-05
 7.500000e-02	 1.177807e-05
 8.500000e-02	 1.248923e-05
 9.500000e-02	 1.290355e-05
 1.050000e-01	 1.304449e-05
 1.150000e-01	 1.297971e-05
 1.250000e-01	 1.265848e-05
 1.350000e-01	 1.210649e-05
 1.450000e-01	 1.135610e-05
 1.550000e-01	 1.044693e-05
 1.650000e-01	 9.415079e-06
 1.750000e-01	 8.304094e-06
 1.850000e-01	 7.146217e-06
 1.950000e-01	 5.985511e-06
 2.050000e-01	 4.903957e-06
 2.150000e-01	 3.850510e-06
 2.250000e-01	 2.845382e-06
 2.350000e-01	 1.907206e-06
 2.450000e-01	 1.050713e-06
 2.550000e-01	 2.855181e-07
 2.650000e-01	-3.690586e-07
 2.750000e-01	-9.325780e-07
 2.850000e-01	-1.407172e-06
 2.950000e-01	-1.794365e-06
 3.050000e-01	-2.098925e-06
 3.150000e-01	-2.328321e-06
 3.250000e-01	-2.488308e-06
 3.350000e-01	-2.585523e-06
 3.450000e-01	-2.628088e-06
 3.550000e-01	-2.630587e-06
 3.650000e-01	-2.592880e-06
 3.750000e-01	-2.520243e-06
 3.850000e-01	-2.421326e-06
 3.950000e-01	-2.309561e-06
 4.050000e-01	-2.179327e-06
 4.150000e-01	-2.036682e-06
 4.250000e-01	-1.892277e-06
 4.350000e-01	-1.746697e-06
 4.450000e-01	-1.599334e-06
 4.550000e-01	-1.456766e-06
 4.650000e-01	-1.319350e-06
 4.750000e-01	-1.185523e-06
 4.850000e-01	-1.060672e-06
 4.950000e-01	-9.436142e-07
 5.050000e-01	-8.331236e-07
 5.150000e-01	-7.334254e-07
 5.250000e-01	-6.412661e-07
 5.350000e-01	-5.569159e-07
 5.450000e-01	-4.825113e-07
 5.550000e-01	-4.145616e-07
 5.650000e-01	-3.550203e-07
 5.750000e-01	-3.021970e-07
 5.850000e-01	-2.560692e-07
 5.950000e-01	-2.176229e-07
 6.050000e-01	-1.828518e-07
 6.150000e-01	-1.520180e-07
 6.250000e-01	-1.252535e-07
 6.350000e-01	-1.040511e-07
 6.450000e-01	-8.591666e-08
 6.550000e-01	-6.993955e-08
 6.650000e-01	-5.624320e-08
 6.750000e-01	-4.556007e-08
 6.850000e-01	-3.699005e-08
 6.950000e-01	-2.944516e-08
 7.050000e-01	-2.304604e-08
 7.150000e-01	-1.831008e-08
 7.250000e-01	-1.458894e-08
 7.350000e-01	-1.129400e-08
 7.450000e-01	-8.552086e-09
 7.550000e-01	-6.771424e-09
 7.650000e-01	-5.252832e-09
 7.750000e-01	-3.908885e-09
 7.850000e-01	-2.882696e-09
 7.950000e-01	-2.284484e-09
 8.050000e-01	-1.675323e-09
 8.150000e-01	-1.166627e-09
 8.250000e-01	-9.029872e-10
 8.350000e-01	-6.555017e-10
 8.450000e-01	-4.309732e-10
 8.550000e-01	-3.092590e-10
 8.650000e-01	-2.219950e-10
 8.750000e-01	-1.327664e-10
 8.850000e-01	-8.258370e-11
 8.950000e-01	-5.643326e-11
 9.050000e-01	-2.690313e-11
 9.150000e-01	-7.169917e-12
 9.250000e-01	 1.750316e-12
 9.350000e-01	 1.726919e-12
 9.450000e-01	 7.396926e-13
 9.550000e-01	 2.267861e-13
 9.650000e-01	 5.697077e-14
 9.750000e-01	 9.443566e-15
 9.850000e-01	 6.306548e-16
