 5.000000e-03	 7.289320e-07
 1.500000e-02	 2.313970e-06
 2.500000e-02	 3.898334e-06
 3.500000e-02	 5.412128e-06
 4.500000e-02	 6.803039e-06
 5.500000e-02	 8.033278e-06
 6.500000e-02	 9.070576e-06
 7.500000e-02	 9.895419e-06
 8.500000e-02	 1.049334e-05
 9.500000e-02	 1.086301e-05
 1.050000e-01	 1.102003e-05
 1.150000e-01	 1.101397e-05
 1.250000e-01	 1.080808e-05
 1.350000e-01	 1.042027e-05
 1.450000e-01	 9.875691e-06
 1.550000e-01	 9.199459e-06
 1.650000e-01	 8.420844e-06
 1.750000e-01	 7.570322e-06
 1.850000e-01	 6.672321e-06
 1.950000e-01	 5.756478e-06
 2.050000e-01	 4.884772e-06
 2.150000e-01	 4.026590e-06
 2.250000e-01	 3.198957e-06
 2.350000e-01	 2.416734e-06
 2.450000e-01	 1.692249e-06
 2.550000e-01	 1.034026e-06
 2.650000e-01	 4.572516e-07
 2.750000e-01	-5.065339e-08
 2.850000e-01	-4.893999e-07
 2.950000e-01	-8.588260e-07
 3.050000e-01	-1.161802e-06
 3.150000e-01	-1.403342e-06
 3.250000e-01	-1.586829e-06
 3.350000e-01	-1.716894e-06
 3.450000e-01	-1.799639e-06
 3.550000e-01	-1.847834e-06
 3.650000e-01	-1.860643e-06
 3.750000e-01	-1.841776e-06
 3.850000e-01	-1.798039e-06
 3.950000e-01	-1.739639e-06
 4.050000e-01	-1.662809e-06
 4.150000e-01	-1.572357e-06
 4.250000e-01	-1.476945e-06
 4.350000e-01	-1.375744e-06
 4.450000e-01	-1.269828e-06
 4.550000e-01	-1.165197e-06
 4.650000e-01	-1.062280e-06
 4.750000e-01	-9.602947e-07
 4.850000e-01	-8.638807e-07
 4.950000e-01	-7.722843e-07
 5.050000e-01	-6.853230e-07
 5.150000e-01	-6.071659e-07
 5.250000e-01	-5.341842e-07
 5.350000e-01	-4.668479e-07
 5.450000e-01	-4.068383e-07
 5.550000e-01	-3.516603e-07
 5.650000e-01	-3.028343e-07
 5.750000e-01	-2.591787e-07
 5.850000e-01	-2.206783e-07
 5.950000e-01	-1.878849e-07
 6.050000e-01	-1.582200e-07
 6.150000e-01	-1.318795e-07
 6.250000e-01	-1.089843e-07
 6.350000e-01	-9.060247e-08
 6.450000e-01	-7.481591e-08
 6.550000e-01	-6.096564e-08
 6.650000e-01	-4.912087e-08
 6.750000e-01	-3.978051e-08
 6.850000e-01	-3.225295e-08
 6.950000e-01	-2.572559e-08
 7.050000e-01	-2.021514e-08
 7.150000e-01	-1.606818e-08
 7.250000e-01	-1.277893e-08
 7.350000e-01	-9.906395e-09
 7.450000e-01	-7.534199e-09
 7.550000e-01	-5.935792e-09
 7.650000e-01	-4.584597e-09
 7.750000e-01	-3.414761e-09
 7.850000e-01	-2.524429e-09
 7.950000e-01	-1.980434e-09
 8.050000e-01	-1.450820e-09
 8.150000e-01	-1.015882e-09
 8.250000e-01	-7.799594e-10
 8.350000e-01	-5.638666e-10
 8.450000e-01	-3.732536e-10
 8.550000e-01	-2.676985e-10
 8.650000e-01	-1.910214e-10
 8.750000e-01	-1.151826e-10
 8.850000e-01	-7.261701e-11
 8.950000e-01	-4.968760e-11
 9.050000e-01	-2.423209e-11
 9.150000e-01	-8.460631e-12
 9.250000e-01	-1.384086e-12
 9.350000e-01	 2.440593e-13
 9.450000e-01	 3.107256e-13
 9.550000e-01	 1.418467e-13
 9.650000e-01	 4.056319e-14
 9.750000e-01	 7.007246e-15
 9.850000e-01	 4.770072e-16
