-2.000000e+00 -1.960000e+00  0.000000e+00
-1.960000e+00 -1.920000e+00  0.000000e+00
-1.920000e+00 -1.880000e+00  0.000000e+00
-1.880000e+00 -1.840000e+00  0.000000e+00
-1.840000e+00 -1.800000e+00  2.939010e-09
-1.800000e+00 -1.760000e+00  7.728101e-07
-1.760000e+00 -1.720000e+00  4.634198e-06
-1.720000e+00 -1.680000e+00  1.073457e-05
-1.680000e+00 -1.640000e+00  1.722556e-05
-1.640000e+00 -1.600000e+00  2.268922e-05
-1.600000e+00 -1.560000e+00  2.772344e-05
-1.560000e+00 -1.520000e+00  3.163011e-05
-1.520000e+00 -1.480000e+00  3.471550e-05
-1.480000e+00 -1.440000e+00  3.723114e-05
-1.440000e+00 -1.400000e+00  3.932844e-05
-1.400000e+00 -1.360000e+00  4.072122e-05
-1.360000e+00 -1.320000e+00  4.189502e-05
-1.320000e+00 -1.280000e+00  4.239624e-05
-1.280000e+00 -1.240000e+00  4.300866e-05
-1.240000e+00 -1.200000e+00  4.323204e-05
-1.200000e+00 -1.160000e+00  4.327510e-05
-1.160000e+00 -1.120000e+00  4.321719e-05
-1.120000e+00 -1.080000e+00  4.296582e-05
-1.080000e+00 -1.040000e+00  4.226404e-05
-1.040000e+00 -1.000000e+00  4.221735e-05
-1.000000e+00 -9.600000e-01  4.156995e-05
-9.600000e-01 -9.200000e-01  4.061956e-05
-9.200000e-01 -8.800000e-01  3.994432e-05
-8.800000e-01 -8.400000e-01  3.868491e-05
-8.400000e-01 -8.000000e-01  3.793917e-05
-8.000000e-01 -7.600000e-01  3.727557e-05
-7.600000e-01 -7.200000e-01  3.600830e-05
-7.200000e-01 -6.800000e-01  3.490529e-05
-6.800000e-01 -6.400000e-01  3.374826e-05
-6.400000e-01 -6.000000e-01  3.248217e-05
-6.000000e-01 -5.600000e-01  3.132063e-05
-5.600000e-01 -5.200000e-01  2.985906e-05
-5.200000e-01 -4.800000e-01  2.867042e-05
-4.800000e-01 -4.400000e-01  2.752741e-05
-4.400000e-01 -4.000000e-01  2.613648e-05
-4.000000e-01 -3.600000e-01  2.478725e-05
-3.600000e-01 -3.200000e-01  2.344227e-05
-3.200000e-01 -2.800000e-01  2.238779e-05
-2.800000e-01 -2.400000e-01  2.085862e-05
-2.400000e-01 -2.000000e-01  1.970920e-05
-2.000000e-01 -1.600000e-01  1.852344e-05
-1.600000e-01 -1.200000e-01  1.726723e-05
-1.200000e-01 -8.000000e-02  1.619578e-05
-8.000000e-02 -4.000000e-02  1.501620e-05
-4.000000e-02  0.000000e+00  1.397342e-05
 0.000000e+00  4.000000e-02  1.294835e-05
 4.000000e-02  8.000000e-02  1.183886e-05
 8.000000e-02  1.200000e-01  1.081995e-05
 1.200000e-01  1.600000e-01  9.909024e-06
 1.600000e-01  2.000000e-01  9.065251e-06
 2.000000e-01  2.400000e-01  8.169961e-06
 2.400000e-01  2.800000e-01  7.263196e-06
 2.800000e-01  3.200000e-01  6.636492e-06
 3.200000e-01  3.600000e-01  5.829707e-06
 3.600000e-01  4.000000e-01  5.327983e-06
 4.000000e-01  4.400000e-01  4.640207e-06
 4.400000e-01  4.800000e-01  4.049051e-06
 4.800000e-01  5.200000e-01  3.615170e-06
 5.200000e-01  5.600000e-01  3.199066e-06
 5.600000e-01  6.000000e-01  2.745435e-06
 6.000000e-01  6.400000e-01  2.329701e-06
 6.400000e-01  6.800000e-01  2.007171e-06
 6.800000e-01  7.200000e-01  1.681474e-06
 7.200000e-01  7.600000e-01  1.420463e-06
 7.600000e-01  8.000000e-01  1.166537e-06
 8.000000e-01  8.400000e-01  9.479967e-07
 8.400000e-01  8.800000e-01  7.460725e-07
 8.800000e-01  9.200000e-01  6.170142e-07
 9.200000e-01  9.600000e-01  4.992243e-07
 9.600000e-01  1.000000e+00  3.922775e-07
 1.000000e+00  1.040000e+00  2.909145e-07
 1.040000e+00  1.080000e+00  2.076174e-07
 1.080000e+00  1.120000e+00  1.448334e-07
 1.120000e+00  1.160000e+00  1.159151e-07
 1.160000e+00  1.200000e+00  8.434797e-08
 1.200000e+00  1.240000e+00  6.534088e-08
 1.240000e+00  1.280000e+00  3.808582e-08
 1.280000e+00  1.320000e+00  3.192087e-08
 1.320000e+00  1.360000e+00  1.694709e-08
 1.360000e+00  1.400000e+00  9.354566e-09
 1.400000e+00  1.440000e+00  5.462989e-09
 1.440000e+00  1.480000e+00  3.284609e-09
 1.480000e+00  1.520000e+00  1.266760e-09
 1.520000e+00  1.560000e+00  7.114879e-10
 1.560000e+00  1.600000e+00  2.019842e-10
 1.600000e+00  1.640000e+00  2.627417e-11
 1.640000e+00  1.680000e+00  1.287419e-11
 1.680000e+00  1.720000e+00  1.188149e-12
 1.720000e+00  1.760000e+00 -2.060034e-13
 1.760000e+00  1.800000e+00 -1.839460e-13
 1.800000e+00  1.840000e+00 -1.109996e-14
 1.840000e+00  1.880000e+00  0.000000e+00
 1.880000e+00  1.920000e+00  0.000000e+00
 1.920000e+00  1.960000e+00  0.000000e+00
 1.960000e+00  2.000000e+00  0.000000e+00
