-2.000000e+00 -1.960000e+00  0.000000e+00
-1.960000e+00 -1.920000e+00  0.000000e+00
-1.920000e+00 -1.880000e+00  0.000000e+00
-1.880000e+00 -1.840000e+00  0.000000e+00
-1.840000e+00 -1.800000e+00  3.513425e-09
-1.800000e+00 -1.760000e+00  1.058992e-06
-1.760000e+00 -1.720000e+00  6.430276e-06
-1.720000e+00 -1.680000e+00  1.530269e-05
-1.680000e+00 -1.640000e+00  2.346103e-05
-1.640000e+00 -1.600000e+00  3.208922e-05
-1.600000e+00 -1.560000e+00  3.751204e-05
-1.560000e+00 -1.520000e+00  4.247326e-05
-1.520000e+00 -1.480000e+00  4.525110e-05
-1.480000e+00 -1.440000e+00  4.718998e-05
-1.440000e+00 -1.400000e+00  4.888542e-05
-1.400000e+00 -1.360000e+00  4.925591e-05
-1.360000e+00 -1.320000e+00  4.862623e-05
-1.320000e+00 -1.280000e+00  4.841082e-05
-1.280000e+00 -1.240000e+00  4.727532e-05
-1.240000e+00 -1.200000e+00  4.612819e-05
-1.200000e+00 -1.160000e+00  4.570198e-05
-1.160000e+00 -1.120000e+00  4.412262e-05
-1.120000e+00 -1.080000e+00  4.360984e-05
-1.080000e+00 -1.040000e+00  4.211272e-05
-1.040000e+00 -1.000000e+00  4.078445e-05
-1.000000e+00 -9.600000e-01  4.032358e-05
-9.600000e-01 -9.200000e-01  3.964893e-05
-9.200000e-01 -8.800000e-01  3.806364e-05
-8.800000e-01 -8.400000e-01  3.733283e-05
-8.400000e-01 -8.000000e-01  3.614815e-05
-8.000000e-01 -7.600000e-01  3.655055e-05
-7.600000e-01 -7.200000e-01  3.430889e-05
-7.200000e-01 -6.800000e-01  3.525048e-05
-6.800000e-01 -6.400000e-01  3.305933e-05
-6.400000e-01 -6.000000e-01  3.208467e-05
-6.000000e-01 -5.600000e-01  3.217941e-05
-5.600000e-01 -5.200000e-01  3.094971e-05
-5.200000e-01 -4.800000e-01  3.032546e-05
-4.800000e-01 -4.400000e-01  2.979475e-05
-4.400000e-01 -4.000000e-01  2.857952e-05
-4.000000e-01 -3.600000e-01  2.833637e-05
-3.600000e-01 -3.200000e-01  2.731783e-05
-3.200000e-01 -2.800000e-01  2.538034e-05
-2.800000e-01 -2.400000e-01  2.549204e-05
-2.400000e-01 -2.000000e-01  2.494536e-05
-2.000000e-01 -1.600000e-01  2.287129e-05
-1.600000e-01 -1.200000e-01  2.242784e-05
-1.200000e-01 -8.000000e-02  2.148197e-05
-8.000000e-02 -4.000000e-02  2.003140e-05
-4.000000e-02  0.000000e+00  1.907274e-05
 0.000000e+00  4.000000e-02  1.832819e-05
 4.000000e-02  8.000000e-02  1.695634e-05
 8.000000e-02  1.200000e-01  1.636127e-05
 1.200000e-01  1.600000e-01  1.461736e-05
 1.600000e-01  2.000000e-01  1.349104e-05
 2.000000e-01  2.400000e-01  1.331250e-05
 2.400000e-01  2.800000e-01  1.160549e-05
 2.800000e-01  3.200000e-01  1.069946e-05
 3.200000e-01  3.600000e-01  9.803111e-06
 3.600000e-01  4.000000e-01  9.099901e-06
 4.000000e-01  4.400000e-01  8.112572e-06
 4.400000e-01  4.800000e-01  7.580947e-06
 4.800000e-01  5.200000e-01  5.982185e-06
 5.200000e-01  5.600000e-01  6.134094e-06
 5.600000e-01  6.000000e-01  5.304426e-06
 6.000000e-01  6.400000e-01  4.349642e-06
 6.400000e-01  6.800000e-01  3.596164e-06
 6.800000e-01  7.200000e-01  3.403682e-06
 7.200000e-01  7.600000e-01  2.859546e-06
 7.600000e-01  8.000000e-01  2.328297e-06
 8.000000e-01  8.400000e-01  2.089645e-06
 8.400000e-01  8.800000e-01  1.678438e-06
 8.800000e-01  9.200000e-01  1.371183e-06
 9.200000e-01  9.600000e-01  7.889583e-07
 9.600000e-01  1.000000e+00  1.061737e-06
 1.000000e+00  1.040000e+00  6.947985e-07
 1.040000e+00  1.080000e+00  5.688207e-07
 1.080000e+00  1.120000e+00  4.581346e-07
 1.120000e+00  1.160000e+00  2.702889e-07
 1.160000e+00  1.200000e+00  2.290006e-07
 1.200000e+00  1.240000e+00  1.442224e-07
 1.240000e+00  1.280000e+00  1.324650e-07
 1.280000e+00  1.320000e+00  3.931183e-08
 1.320000e+00  1.360000e+00  6.279359e-08
 1.360000e+00  1.400000e+00  3.017455e-08
 1.400000e+00  1.440000e+00  8.754888e-09
 1.440000e+00  1.480000e+00  1.087188e-08
 1.480000e+00  1.520000e+00  5.242124e-09
 1.520000e+00  1.560000e+00  1.389600e-09
 1.560000e+00  1.600000e+00  1.009121e-09
 1.600000e+00  1.640000e+00  1.160391e-10
 1.640000e+00  1.680000e+00  9.280438e-11
 1.680000e+00  1.720000e+00  1.389773e-11
 1.720000e+00  1.760000e+00  6.678216e-13
 1.760000e+00  1.800000e+00 -1.269254e-12
 1.800000e+00  1.840000e+00 -2.641790e-14
 1.840000e+00  1.880000e+00  0.000000e+00
 1.880000e+00  1.920000e+00  0.000000e+00
 1.920000e+00  1.960000e+00  0.000000e+00
 1.960000e+00  2.000000e+00  0.000000e+00
