 0.000000e+00  1.500000e-01  6.410280e-05
 1.500000e-01  3.000000e-01  1.870166e-04
 3.000000e-01  4.500000e-01  2.897582e-04
 4.500000e-01  6.000000e-01  3.683776e-04
 6.000000e-01  7.500000e-01  4.342845e-04
 7.500000e-01  9.000000e-01  5.143295e-04
 9.000000e-01  1.050000e+00  5.412591e-04
 1.050000e+00  1.200000e+00  5.469587e-04
 1.200000e+00  1.350000e+00  6.378965e-04
 1.350000e+00  1.500000e+00  5.995952e-04
 1.500000e+00  1.650000e+00  6.157480e-04
 1.650000e+00  1.800000e+00  5.775878e-04
 1.800000e+00  1.950000e+00  6.391423e-04
 1.950000e+00  2.100000e+00  5.624574e-04
 2.100000e+00  2.250000e+00  5.359386e-04
 2.250000e+00  2.400000e+00  5.046903e-04
 2.400000e+00  2.550000e+00  4.495385e-04
 2.550000e+00  2.700000e+00  4.224510e-04
 2.700000e+00  2.850000e+00  3.744492e-04
 2.850000e+00  3.000000e+00  3.431353e-04
 3.000000e+00  3.150000e+00  3.270674e-04
 3.150000e+00  3.300000e+00  2.712528e-04
 3.300000e+00  3.450000e+00  2.531242e-04
 3.450000e+00  3.600000e+00  2.091465e-04
 3.600000e+00  3.750000e+00  2.049445e-04
 3.750000e+00  3.900000e+00  1.570964e-04
 3.900000e+00  4.050000e+00  1.493259e-04
 4.050000e+00  4.200000e+00  1.307579e-04
 4.200000e+00  4.350000e+00  1.176904e-04
 4.350000e+00  4.500000e+00  1.077277e-04
 4.500000e+00  4.650000e+00  9.082130e-05
 4.650000e+00  4.800000e+00  7.982276e-05
 4.800000e+00  4.950000e+00  7.141997e-05
 4.950000e+00  5.100000e+00  6.234576e-05
 5.100000e+00  5.250000e+00  5.457507e-05
 5.250000e+00  5.400000e+00  5.059760e-05
 5.400000e+00  5.550000e+00  4.382564e-05
 5.550000e+00  5.700000e+00  3.808651e-05
 5.700000e+00  5.850000e+00  3.360796e-05
 5.850000e+00  6.000000e+00  2.906855e-05
 6.000000e+00  6.150000e+00  2.697280e-05
 6.150000e+00  6.300000e+00  2.386765e-05
 6.300000e+00  6.450000e+00  2.095875e-05
 6.450000e+00  6.600000e+00  1.984530e-05
 6.600000e+00  6.750000e+00  1.803182e-05
 6.750000e+00  6.900000e+00  1.591087e-05
 6.900000e+00  7.050000e+00  1.384995e-05
 7.050000e+00  7.200000e+00  1.459710e-05
 7.200000e+00  7.350000e+00  1.076890e-05
 7.350000e+00  7.500000e+00  1.009910e-05
 7.500000e+00  7.650000e+00  9.379560e-06
 7.650000e+00  7.800000e+00  8.033295e-06
 7.800000e+00  7.950000e+00  7.483417e-06
 7.950000e+00  8.100000e+00  6.465604e-06
 8.100000e+00  8.250000e+00  5.744255e-06
 8.250000e+00  8.400000e+00  5.684685e-06
 8.400000e+00  8.550000e+00  5.043439e-06
 8.550000e+00  8.700000e+00  4.307570e-06
 8.700000e+00  8.850000e+00  4.049255e-06
 8.850000e+00  9.000000e+00  3.734220e-06
 9.000000e+00  9.150000e+00  2.887198e-06
 9.150000e+00  9.300000e+00  3.110789e-06
 9.300000e+00  9.450000e+00  2.831063e-06
 9.450000e+00  9.600000e+00  2.553411e-06
 9.600000e+00  9.750000e+00  2.416717e-06
 9.750000e+00  9.900000e+00  2.056261e-06
 9.900000e+00  1.005000e+01  1.966854e-06
 1.005000e+01  1.020000e+01  1.746643e-06
 1.020000e+01  1.035000e+01  1.718528e-06
 1.035000e+01  1.050000e+01  1.429941e-06
 1.050000e+01  1.065000e+01  1.445708e-06
 1.065000e+01  1.080000e+01  1.370887e-06
 1.080000e+01  1.095000e+01  1.163117e-06
 1.095000e+01  1.110000e+01  1.004413e-06
 1.110000e+01  1.125000e+01  1.011041e-06
 1.125000e+01  1.140000e+01  9.298027e-07
 1.140000e+01  1.155000e+01  7.993319e-07
 1.155000e+01  1.170000e+01  8.044442e-07
 1.170000e+01  1.185000e+01  6.847720e-07
 1.185000e+01  1.200000e+01  6.624623e-07
 1.200000e+01  1.215000e+01  5.833386e-07
 1.215000e+01  1.230000e+01  5.695846e-07
 1.230000e+01  1.245000e+01  4.648595e-07
 1.245000e+01  1.260000e+01  5.133921e-07
 1.260000e+01  1.275000e+01  3.729904e-07
 1.275000e+01  1.290000e+01  4.076635e-07
 1.290000e+01  1.305000e+01  3.674665e-07
 1.305000e+01  1.320000e+01  3.604626e-07
 1.320000e+01  1.335000e+01  3.804979e-07
 1.335000e+01  1.350000e+01  2.796228e-07
 1.350000e+01  1.365000e+01  2.660452e-07
 1.365000e+01  1.380000e+01  2.766861e-07
 1.380000e+01  1.395000e+01  2.171129e-07
 1.395000e+01  1.410000e+01  2.184121e-07
 1.410000e+01  1.425000e+01  1.933877e-07
 1.425000e+01  1.440000e+01  1.988442e-07
 1.440000e+01  1.455000e+01  1.864494e-07
 1.455000e+01  1.470000e+01  1.565250e-07
 1.470000e+01  1.485000e+01  1.474531e-07
 1.485000e+01  1.500000e+01  1.445431e-07
