 0.000000e+00  1.000000e+00  0.000000e+00
 1.000000e+00  2.000000e+00  0.000000e+00
 2.000000e+00  3.000000e+00  0.000000e+00
 3.000000e+00  4.000000e+00  0.000000e+00
 4.000000e+00  5.000000e+00  0.000000e+00
 5.000000e+00  6.000000e+00  0.000000e+00
 6.000000e+00  7.000000e+00  0.000000e+00
 7.000000e+00  8.000000e+00  0.000000e+00
 8.000000e+00  9.000000e+00  0.000000e+00
 9.000000e+00  1.000000e+01  4.175818e-05
 1.000000e+01  1.100000e+01  1.563344e-04
 1.100000e+01  1.200000e+01  1.797035e-04
 1.200000e+01  1.300000e+01  1.709759e-04
 1.300000e+01  1.400000e+01  1.523994e-04
 1.400000e+01  1.500000e+01  1.306497e-04
 1.500000e+01  1.600000e+01  1.110328e-04
 1.600000e+01  1.700000e+01  9.333031e-05
 1.700000e+01  1.800000e+01  7.827679e-05
 1.800000e+01  1.900000e+01  6.538513e-05
 1.900000e+01  2.000000e+01  5.500518e-05
 2.000000e+01  2.100000e+01  4.638036e-05
 2.100000e+01  2.200000e+01  3.900100e-05
 2.200000e+01  2.300000e+01  3.265419e-05
 2.300000e+01  2.400000e+01  2.781068e-05
 2.400000e+01  2.500000e+01  2.332530e-05
 2.500000e+01  2.600000e+01  1.989062e-05
 2.600000e+01  2.700000e+01  1.710098e-05
 2.700000e+01  2.800000e+01  1.439409e-05
 2.800000e+01  2.900000e+01  1.232456e-05
 2.900000e+01  3.000000e+01  1.074929e-05
 3.000000e+01  3.100000e+01  9.064460e-06
 3.100000e+01  3.200000e+01  7.789704e-06
 3.200000e+01  3.300000e+01  6.852350e-06
 3.300000e+01  3.400000e+01  5.777008e-06
 3.400000e+01  3.500000e+01  5.078439e-06
 3.500000e+01  3.600000e+01  4.405467e-06
 3.600000e+01  3.700000e+01  3.681342e-06
 3.700000e+01  3.800000e+01  3.424144e-06
 3.800000e+01  3.900000e+01  2.823919e-06
 3.900000e+01  4.000000e+01  2.491867e-06
