 0.000000e+00  1.000000e+00  0.000000e+00
 1.000000e+00  2.000000e+00  0.000000e+00
 2.000000e+00  3.000000e+00  0.000000e+00
 3.000000e+00  4.000000e+00  0.000000e+00
 4.000000e+00  5.000000e+00  0.000000e+00
 5.000000e+00  6.000000e+00  0.000000e+00
 6.000000e+00  7.000000e+00  0.000000e+00
 7.000000e+00  8.000000e+00  0.000000e+00
 8.000000e+00  9.000000e+00  0.000000e+00
 9.000000e+00  1.000000e+01  8.617495e-05
 1.000000e+01  1.100000e+01  3.490434e-04
 1.100000e+01  1.200000e+01  4.220187e-04
 1.200000e+01  1.300000e+01  4.062955e-04
 1.300000e+01  1.400000e+01  3.716802e-04
 1.400000e+01  1.500000e+01  3.296053e-04
 1.500000e+01  1.600000e+01  2.827348e-04
 1.600000e+01  1.700000e+01  2.457059e-04
 1.700000e+01  1.800000e+01  2.118418e-04
 1.800000e+01  1.900000e+01  1.816023e-04
 1.900000e+01  2.000000e+01  1.515919e-04
 2.000000e+01  2.100000e+01  1.309447e-04
 2.100000e+01  2.200000e+01  1.138746e-04
 2.200000e+01  2.300000e+01  9.711109e-05
 2.300000e+01  2.400000e+01  8.358833e-05
 2.400000e+01  2.500000e+01  7.369415e-05
 2.500000e+01  2.600000e+01  6.259622e-05
 2.600000e+01  2.700000e+01  5.505155e-05
 2.700000e+01  2.800000e+01  4.817786e-05
 2.800000e+01  2.900000e+01  4.201394e-05
 2.900000e+01  3.000000e+01  3.684345e-05
 3.000000e+01  3.100000e+01  3.334788e-05
 3.100000e+01  3.200000e+01  2.911115e-05
 3.200000e+01  3.300000e+01  2.522106e-05
 3.300000e+01  3.400000e+01  2.361103e-05
 3.400000e+01  3.500000e+01  1.957720e-05
 3.500000e+01  3.600000e+01  1.887332e-05
 3.600000e+01  3.700000e+01  1.537389e-05
 3.700000e+01  3.800000e+01  1.420870e-05
 3.800000e+01  3.900000e+01  1.244908e-05
 3.900000e+01  4.000000e+01  1.087170e-05
