 0.000000e+00  1.000000e+00  0.000000e+00
 1.000000e+00  2.000000e+00  0.000000e+00
 2.000000e+00  3.000000e+00  0.000000e+00
 3.000000e+00  4.000000e+00  0.000000e+00
 4.000000e+00  5.000000e+00  0.000000e+00
 5.000000e+00  6.000000e+00  0.000000e+00
 6.000000e+00  7.000000e+00  0.000000e+00
 7.000000e+00  8.000000e+00  0.000000e+00
 8.000000e+00  9.000000e+00  0.000000e+00
 9.000000e+00  1.000000e+01  4.425301e-05
 1.000000e+01  1.100000e+01  1.770980e-04
 1.100000e+01  1.200000e+01  2.058173e-04
 1.200000e+01  1.300000e+01  1.968903e-04
 1.300000e+01  1.400000e+01  1.730335e-04
 1.400000e+01  1.500000e+01  1.494653e-04
 1.500000e+01  1.600000e+01  1.259045e-04
 1.600000e+01  1.700000e+01  1.041054e-04
 1.700000e+01  1.800000e+01  8.756865e-05
 1.800000e+01  1.900000e+01  7.235237e-05
 1.900000e+01  2.000000e+01  6.022501e-05
 2.000000e+01  2.100000e+01  4.964066e-05
 2.100000e+01  2.200000e+01  4.209805e-05
 2.200000e+01  2.300000e+01  3.520750e-05
 2.300000e+01  2.400000e+01  2.973646e-05
 2.400000e+01  2.500000e+01  2.432869e-05
 2.500000e+01  2.600000e+01  2.061625e-05
 2.600000e+01  2.700000e+01  1.791366e-05
 2.700000e+01  2.800000e+01  1.468747e-05
 2.800000e+01  2.900000e+01  1.303687e-05
 2.900000e+01  3.000000e+01  1.066682e-05
 3.000000e+01  3.100000e+01  9.122195e-06
 3.100000e+01  3.200000e+01  7.701888e-06
 3.200000e+01  3.300000e+01  6.822919e-06
 3.300000e+01  3.400000e+01  5.574245e-06
 3.400000e+01  3.500000e+01  4.851051e-06
 3.500000e+01  3.600000e+01  4.057532e-06
 3.600000e+01  3.700000e+01  3.514618e-06
 3.700000e+01  3.800000e+01  3.042014e-06
 3.800000e+01  3.900000e+01  2.548828e-06
 3.900000e+01  4.000000e+01  2.248091e-06
