 0.000000e+00  1.000000e+00  0.000000e+00
 1.000000e+00  2.000000e+00  0.000000e+00
 2.000000e+00  3.000000e+00  0.000000e+00
 3.000000e+00  4.000000e+00  0.000000e+00
 4.000000e+00  5.000000e+00  0.000000e+00
 5.000000e+00  6.000000e+00  0.000000e+00
 6.000000e+00  7.000000e+00  0.000000e+00
 7.000000e+00  8.000000e+00  0.000000e+00
 8.000000e+00  9.000000e+00  0.000000e+00
 9.000000e+00  1.000000e+01  3.930278e-05
 1.000000e+01  1.100000e+01  1.551308e-04
 1.100000e+01  1.200000e+01  1.761429e-04
 1.200000e+01  1.300000e+01  1.643028e-04
 1.300000e+01  1.400000e+01  1.424366e-04
 1.400000e+01  1.500000e+01  1.194585e-04
 1.500000e+01  1.600000e+01  9.692005e-05
 1.600000e+01  1.700000e+01  7.661481e-05
 1.700000e+01  1.800000e+01  6.276628e-05
 1.800000e+01  1.900000e+01  5.008664e-05
 1.900000e+01  2.000000e+01  4.061375e-05
 2.000000e+01  2.100000e+01  3.218493e-05
 2.100000e+01  2.200000e+01  2.602949e-05
 2.200000e+01  2.300000e+01  2.122165e-05
 2.300000e+01  2.400000e+01  1.675983e-05
 2.400000e+01  2.500000e+01  1.353323e-05
 2.500000e+01  2.600000e+01  1.095025e-05
 2.600000e+01  2.700000e+01  8.655589e-06
 2.700000e+01  2.800000e+01  7.358324e-06
 2.800000e+01  2.900000e+01  5.744174e-06
 2.900000e+01  3.000000e+01  4.763560e-06
 3.000000e+01  3.100000e+01  4.090736e-06
 3.100000e+01  3.200000e+01  3.206488e-06
 3.200000e+01  3.300000e+01  2.563864e-06
 3.300000e+01  3.400000e+01  1.983672e-06
 3.400000e+01  3.500000e+01  1.711132e-06
 3.500000e+01  3.600000e+01  1.230710e-06
 3.600000e+01  3.700000e+01  1.092492e-06
 3.700000e+01  3.800000e+01  8.643855e-07
 3.800000e+01  3.900000e+01  7.060791e-07
 3.900000e+01  4.000000e+01  6.944365e-07
