 0.000000e+00  1.000000e+00  0.000000e+00
 1.000000e+00  2.000000e+00  0.000000e+00
 2.000000e+00  3.000000e+00  0.000000e+00
 3.000000e+00  4.000000e+00  0.000000e+00
 4.000000e+00  5.000000e+00  0.000000e+00
 5.000000e+00  6.000000e+00  0.000000e+00
 6.000000e+00  7.000000e+00  0.000000e+00
 7.000000e+00  8.000000e+00  0.000000e+00
 8.000000e+00  9.000000e+00  0.000000e+00
 9.000000e+00  1.000000e+01  3.628072e-05
 1.000000e+01  1.100000e+01  1.335731e-04
 1.100000e+01  1.200000e+01  1.505702e-04
 1.200000e+01  1.300000e+01  1.404578e-04
 1.300000e+01  1.400000e+01  1.220928e-04
 1.400000e+01  1.500000e+01  1.021979e-04
 1.500000e+01  1.600000e+01  8.388885e-05
 1.600000e+01  1.700000e+01  6.841576e-05
 1.700000e+01  1.800000e+01  5.510925e-05
 1.800000e+01  1.900000e+01  4.469186e-05
 1.900000e+01  2.000000e+01  3.610943e-05
 2.000000e+01  2.100000e+01  2.947576e-05
 2.100000e+01  2.200000e+01  2.374080e-05
 2.200000e+01  2.300000e+01  1.933507e-05
 2.300000e+01  2.400000e+01  1.561309e-05
 2.400000e+01  2.500000e+01  1.259654e-05
 2.500000e+01  2.600000e+01  1.045607e-05
 2.600000e+01  2.700000e+01  8.416679e-06
 2.700000e+01  2.800000e+01  6.808703e-06
 2.800000e+01  2.900000e+01  5.685119e-06
 2.900000e+01  3.000000e+01  4.605509e-06
 3.000000e+01  3.100000e+01  3.799452e-06
 3.100000e+01  3.200000e+01  3.110560e-06
 3.200000e+01  3.300000e+01  2.590775e-06
 3.300000e+01  3.400000e+01  2.166719e-06
 3.400000e+01  3.500000e+01  1.789177e-06
 3.500000e+01  3.600000e+01  1.485758e-06
 3.600000e+01  3.700000e+01  1.224755e-06
 3.700000e+01  3.800000e+01  1.042984e-06
 3.800000e+01  3.900000e+01  8.928486e-07
 3.900000e+01  4.000000e+01  7.088856e-07
