 0.000000e+00  1.000000e+00  0.000000e+00
 1.000000e+00  2.000000e+00  0.000000e+00
 2.000000e+00  3.000000e+00  0.000000e+00
 3.000000e+00  4.000000e+00  0.000000e+00
 4.000000e+00  5.000000e+00  0.000000e+00
 5.000000e+00  6.000000e+00  0.000000e+00
 6.000000e+00  7.000000e+00  0.000000e+00
 7.000000e+00  8.000000e+00  0.000000e+00
 8.000000e+00  9.000000e+00  0.000000e+00
 9.000000e+00  1.000000e+01  2.277057e-04
 1.000000e+01  1.100000e+01  8.990131e-04
 1.100000e+01  1.200000e+01  1.143075e-03
 1.200000e+01  1.300000e+01  1.203695e-03
 1.300000e+01  1.400000e+01  1.164126e-03
 1.400000e+01  1.500000e+01  1.081447e-03
 1.500000e+01  1.600000e+01  9.852728e-04
 1.600000e+01  1.700000e+01  8.772419e-04
 1.700000e+01  1.800000e+01  7.780267e-04
 1.800000e+01  1.900000e+01  6.878488e-04
 1.900000e+01  2.000000e+01  6.089719e-04
 2.000000e+01  2.100000e+01  5.376965e-04
 2.100000e+01  2.200000e+01  4.727837e-04
 2.200000e+01  2.300000e+01  4.181039e-04
 2.300000e+01  2.400000e+01  3.729114e-04
 2.400000e+01  2.500000e+01  3.263957e-04
 2.500000e+01  2.600000e+01  2.914647e-04
 2.600000e+01  2.700000e+01  2.593239e-04
 2.700000e+01  2.800000e+01  2.303877e-04
 2.800000e+01  2.900000e+01  2.076196e-04
 2.900000e+01  3.000000e+01  1.852941e-04
 3.000000e+01  3.100000e+01  1.654330e-04
 3.100000e+01  3.200000e+01  1.488477e-04
 3.200000e+01  3.300000e+01  1.347976e-04
 3.300000e+01  3.400000e+01  1.217355e-04
 3.400000e+01  3.500000e+01  1.096345e-04
 3.500000e+01  3.600000e+01  1.007096e-04
 3.600000e+01  3.700000e+01  9.084990e-05
 3.700000e+01  3.800000e+01  8.268725e-05
 3.800000e+01  3.900000e+01  7.462488e-05
 3.900000e+01  4.000000e+01  6.825361e-05
