 0.000000e+00  1.000000e+00  0.000000e+00
 1.000000e+00  2.000000e+00  0.000000e+00
 2.000000e+00  3.000000e+00  0.000000e+00
 3.000000e+00  4.000000e+00  1.078062e-02
 4.000000e+00  5.000000e+00  1.668748e-02
 5.000000e+00  6.000000e+00  1.255245e-02
 6.000000e+00  7.000000e+00  1.036989e-02
 7.000000e+00  8.000000e+00  7.678455e-03
 8.000000e+00  9.000000e+00  5.637772e-03
 9.000000e+00  1.000000e+01  4.566619e-03
 1.000000e+01  1.100000e+01  3.339554e-03
 1.100000e+01  1.200000e+01  2.550924e-03
 1.200000e+01  1.300000e+01  1.818735e-03
 1.300000e+01  1.400000e+01  1.522275e-03
 1.400000e+01  1.500000e+01  1.194379e-03
 1.500000e+01  1.600000e+01  7.102189e-04
 1.600000e+01  1.700000e+01  7.035442e-04
 1.700000e+01  1.800000e+01  5.359054e-04
 1.800000e+01  1.900000e+01  3.997106e-04
 1.900000e+01  2.000000e+01  3.206374e-04
 2.000000e+01  2.100000e+01  1.625339e-04
 2.100000e+01  2.200000e+01  3.349188e-04
 2.200000e+01  2.300000e+01  1.547681e-04
 2.300000e+01  2.400000e+01  1.119354e-04
 2.400000e+01  2.500000e+01  9.787413e-05
 2.500000e+01  2.600000e+01  8.912058e-05
 2.600000e+01  2.700000e+01  4.425397e-05
 2.700000e+01  2.800000e+01  8.497213e-06
 2.800000e+01  2.900000e+01  4.402446e-05
 2.900000e+01  3.000000e+01  4.643216e-05
 3.000000e+01  3.100000e+01  2.549320e-05
 3.100000e+01  3.200000e+01  2.241888e-05
 3.200000e+01  3.300000e+01  1.936790e-05
 3.300000e+01  3.400000e+01  2.081248e-05
 3.400000e+01  3.500000e+01  1.288367e-05
 3.500000e+01  3.600000e+01  9.472948e-06
 3.600000e+01  3.700000e+01  6.703438e-06
 3.700000e+01  3.800000e+01  3.074775e-06
 3.800000e+01  3.900000e+01  4.482621e-06
 3.900000e+01  4.000000e+01  2.953799e-06
