 0.000000e+00  1.000000e+00  0.000000e+00
 1.000000e+00  2.000000e+00  0.000000e+00
 2.000000e+00  3.000000e+00  0.000000e+00
 3.000000e+00  4.000000e+00  1.254100e-02
 4.000000e+00  5.000000e+00  1.839664e-02
 5.000000e+00  6.000000e+00  1.641375e-02
 6.000000e+00  7.000000e+00  1.323782e-02
 7.000000e+00  8.000000e+00  9.872204e-03
 8.000000e+00  9.000000e+00  7.781878e-03
 9.000000e+00  1.000000e+01  5.671070e-03
 1.000000e+01  1.100000e+01  4.416216e-03
 1.100000e+01  1.200000e+01  3.301651e-03
 1.200000e+01  1.300000e+01  2.574685e-03
 1.300000e+01  1.400000e+01  2.315727e-03
 1.400000e+01  1.500000e+01  1.455847e-03
 1.500000e+01  1.600000e+01  1.163543e-03
 1.600000e+01  1.700000e+01  1.066870e-03
 1.700000e+01  1.800000e+01  8.011771e-04
 1.800000e+01  1.900000e+01  6.588828e-04
 1.900000e+01  2.000000e+01  4.912938e-04
 2.000000e+01  2.100000e+01  4.074360e-04
 2.100000e+01  2.200000e+01  3.261680e-04
 2.200000e+01  2.300000e+01  2.207322e-04
 2.300000e+01  2.400000e+01  2.223722e-04
 2.400000e+01  2.500000e+01  2.028055e-04
 2.500000e+01  2.600000e+01  1.377310e-04
 2.600000e+01  2.700000e+01  1.379732e-04
 2.700000e+01  2.800000e+01  1.243339e-04
 2.800000e+01  2.900000e+01  9.235652e-05
 2.900000e+01  3.000000e+01  5.022937e-05
 3.000000e+01  3.100000e+01  9.384527e-05
 3.100000e+01  3.200000e+01  6.504346e-05
 3.200000e+01  3.300000e+01  4.524277e-05
 3.300000e+01  3.400000e+01  3.813412e-05
 3.400000e+01  3.500000e+01  4.828814e-05
 3.500000e+01  3.600000e+01  2.596996e-05
 3.600000e+01  3.700000e+01  2.665031e-05
 3.700000e+01  3.800000e+01  1.685535e-05
 3.800000e+01  3.900000e+01  1.771382e-05
 3.900000e+01  4.000000e+01  1.500316e-05
