 0.000000e+00  1.000000e+00  0.000000e+00
 1.000000e+00  2.000000e+00  0.000000e+00
 2.000000e+00  3.000000e+00  0.000000e+00
 3.000000e+00  4.000000e+00  0.000000e+00
 4.000000e+00  5.000000e+00  0.000000e+00
 5.000000e+00  6.000000e+00  0.000000e+00
 6.000000e+00  7.000000e+00  0.000000e+00
 7.000000e+00  8.000000e+00  0.000000e+00
 8.000000e+00  9.000000e+00  0.000000e+00
 9.000000e+00  1.000000e+01  4.859872e-05
 1.000000e+01  1.100000e+01  1.873520e-04
 1.100000e+01  1.200000e+01  2.192872e-04
 1.200000e+01  1.300000e+01  2.038845e-04
 1.300000e+01  1.400000e+01  1.816816e-04
 1.400000e+01  1.500000e+01  1.578944e-04
 1.500000e+01  1.600000e+01  1.309500e-04
 1.600000e+01  1.700000e+01  1.086977e-04
 1.700000e+01  1.800000e+01  9.094378e-05
 1.800000e+01  1.900000e+01  7.496029e-05
 1.900000e+01  2.000000e+01  6.212984e-05
 2.000000e+01  2.100000e+01  5.166495e-05
 2.100000e+01  2.200000e+01  4.359140e-05
 2.200000e+01  2.300000e+01  3.505647e-05
 2.300000e+01  2.400000e+01  2.957485e-05
 2.400000e+01  2.500000e+01  2.496293e-05
 2.500000e+01  2.600000e+01  2.097927e-05
 2.600000e+01  2.700000e+01  1.672062e-05
 2.700000e+01  2.800000e+01  1.444122e-05
 2.800000e+01  2.900000e+01  1.189167e-05
 2.900000e+01  3.000000e+01  1.006938e-05
 3.000000e+01  3.100000e+01  8.517223e-06
 3.100000e+01  3.200000e+01  6.973117e-06
 3.200000e+01  3.300000e+01  6.056964e-06
 3.300000e+01  3.400000e+01  5.136445e-06
 3.400000e+01  3.500000e+01  4.324393e-06
 3.500000e+01  3.600000e+01  3.497917e-06
 3.600000e+01  3.700000e+01  2.982848e-06
 3.700000e+01  3.800000e+01  2.819299e-06
 3.800000e+01  3.900000e+01  2.098245e-06
 3.900000e+01  4.000000e+01  1.785417e-06
