 0.000000e+00  1.000000e+00  0.000000e+00
 1.000000e+00  2.000000e+00  0.000000e+00
 2.000000e+00  3.000000e+00  0.000000e+00
 3.000000e+00  4.000000e+00  0.000000e+00
 4.000000e+00  5.000000e+00  0.000000e+00
 5.000000e+00  6.000000e+00  0.000000e+00
 6.000000e+00  7.000000e+00  0.000000e+00
 7.000000e+00  8.000000e+00  0.000000e+00
 8.000000e+00  9.000000e+00  0.000000e+00
 9.000000e+00  1.000000e+01  3.775906e-05
 1.000000e+01  1.100000e+01  1.433752e-04
 1.100000e+01  1.200000e+01  1.628262e-04
 1.200000e+01  1.300000e+01  1.501251e-04
 1.300000e+01  1.400000e+01  1.303320e-04
 1.400000e+01  1.500000e+01  1.101910e-04
 1.500000e+01  1.600000e+01  8.863177e-05
 1.600000e+01  1.700000e+01  7.228262e-05
 1.700000e+01  1.800000e+01  5.886394e-05
 1.800000e+01  1.900000e+01  4.748106e-05
 1.900000e+01  2.000000e+01  3.833094e-05
 2.000000e+01  2.100000e+01  3.043093e-05
 2.100000e+01  2.200000e+01  2.474337e-05
 2.200000e+01  2.300000e+01  1.987176e-05
 2.300000e+01  2.400000e+01  1.598670e-05
 2.400000e+01  2.500000e+01  1.293424e-05
 2.500000e+01  2.600000e+01  1.031820e-05
 2.600000e+01  2.700000e+01  8.338127e-06
 2.700000e+01  2.800000e+01  6.856160e-06
 2.800000e+01  2.900000e+01  5.499192e-06
 2.900000e+01  3.000000e+01  4.671917e-06
 3.000000e+01  3.100000e+01  3.517643e-06
 3.100000e+01  3.200000e+01  2.938167e-06
 3.200000e+01  3.300000e+01  2.436899e-06
 3.300000e+01  3.400000e+01  2.085189e-06
 3.400000e+01  3.500000e+01  1.628837e-06
 3.500000e+01  3.600000e+01  1.339036e-06
 3.600000e+01  3.700000e+01  9.413368e-07
 3.700000e+01  3.800000e+01  8.097219e-07
 3.800000e+01  3.900000e+01  8.236752e-07
 3.900000e+01  4.000000e+01  6.347101e-07
