 0.000000e+00  1.000000e+00  0.000000e+00
 1.000000e+00  2.000000e+00  0.000000e+00
 2.000000e+00  3.000000e+00  0.000000e+00
 3.000000e+00  4.000000e+00  0.000000e+00
 4.000000e+00  5.000000e+00  0.000000e+00
 5.000000e+00  6.000000e+00  0.000000e+00
 6.000000e+00  7.000000e+00  0.000000e+00
 7.000000e+00  8.000000e+00  0.000000e+00
 8.000000e+00  9.000000e+00  0.000000e+00
 9.000000e+00  1.000000e+01  1.288813e-04
 1.000000e+01  1.100000e+01  4.744192e-04
 1.100000e+01  1.200000e+01  5.529774e-04
 1.200000e+01  1.300000e+01  5.476269e-04
 1.300000e+01  1.400000e+01  5.092698e-04
 1.400000e+01  1.500000e+01  4.574379e-04
 1.500000e+01  1.600000e+01  4.074043e-04
 1.600000e+01  1.700000e+01  3.566374e-04
 1.700000e+01  1.800000e+01  3.098594e-04
 1.800000e+01  1.900000e+01  2.715078e-04
 1.900000e+01  2.000000e+01  2.382856e-04
 2.000000e+01  2.100000e+01  2.070004e-04
 2.100000e+01  2.200000e+01  1.801149e-04
 2.200000e+01  2.300000e+01  1.579640e-04
 2.300000e+01  2.400000e+01  1.393940e-04
 2.400000e+01  2.500000e+01  1.215485e-04
 2.500000e+01  2.600000e+01  1.078450e-04
 2.600000e+01  2.700000e+01  9.478055e-05
 2.700000e+01  2.800000e+01  8.300237e-05
 2.800000e+01  2.900000e+01  7.419871e-05
 2.900000e+01  3.000000e+01  6.555796e-05
 3.000000e+01  3.100000e+01  5.866897e-05
 3.100000e+01  3.200000e+01  5.252189e-05
 3.200000e+01  3.300000e+01  4.625371e-05
 3.300000e+01  3.400000e+01  4.137775e-05
 3.400000e+01  3.500000e+01  3.741220e-05
 3.500000e+01  3.600000e+01  3.317716e-05
 3.600000e+01  3.700000e+01  3.045132e-05
 3.700000e+01  3.800000e+01  2.660639e-05
 3.800000e+01  3.900000e+01  2.424114e-05
 3.900000e+01  4.000000e+01  2.189463e-05
