 0.000000e+00  1.000000e+00  0.000000e+00
 1.000000e+00  2.000000e+00  0.000000e+00
 2.000000e+00  3.000000e+00  0.000000e+00
 3.000000e+00  4.000000e+00  0.000000e+00
 4.000000e+00  5.000000e+00  0.000000e+00
 5.000000e+00  6.000000e+00  0.000000e+00
 6.000000e+00  7.000000e+00  0.000000e+00
 7.000000e+00  8.000000e+00  0.000000e+00
 8.000000e+00  9.000000e+00  0.000000e+00
 9.000000e+00  1.000000e+01  1.253464e-04
 1.000000e+01  1.100000e+01  5.065981e-04
 1.100000e+01  1.200000e+01  5.970200e-04
 1.200000e+01  1.300000e+01  6.205072e-04
 1.300000e+01  1.400000e+01  5.555387e-04
 1.400000e+01  1.500000e+01  5.103970e-04
 1.500000e+01  1.600000e+01  4.448000e-04
 1.600000e+01  1.700000e+01  3.930590e-04
 1.700000e+01  1.800000e+01  3.483219e-04
 1.800000e+01  1.900000e+01  2.946472e-04
 1.900000e+01  2.000000e+01  2.619775e-04
 2.000000e+01  2.100000e+01  2.303659e-04
 2.100000e+01  2.200000e+01  1.955960e-04
 2.200000e+01  2.300000e+01  1.830466e-04
 2.300000e+01  2.400000e+01  1.468758e-04
 2.400000e+01  2.500000e+01  1.357110e-04
 2.500000e+01  2.600000e+01  1.184079e-04
 2.600000e+01  2.700000e+01  9.976354e-05
 2.700000e+01  2.800000e+01  9.825603e-05
 2.800000e+01  2.900000e+01  7.309638e-05
 2.900000e+01  3.000000e+01  6.358464e-05
 3.000000e+01  3.100000e+01  6.248189e-05
 3.100000e+01  3.200000e+01  5.547174e-05
 3.200000e+01  3.300000e+01  4.727265e-05
 3.300000e+01  3.400000e+01  4.343510e-05
 3.400000e+01  3.500000e+01  4.047489e-05
 3.500000e+01  3.600000e+01  3.486607e-05
 3.600000e+01  3.700000e+01  3.085666e-05
 3.700000e+01  3.800000e+01  2.814934e-05
 3.800000e+01  3.900000e+01  2.457717e-05
 3.900000e+01  4.000000e+01  2.180191e-05
