 0.000000e+00  1.000000e+00  0.000000e+00
 1.000000e+00  2.000000e+00  0.000000e+00
 2.000000e+00  3.000000e+00  0.000000e+00
 3.000000e+00  4.000000e+00  1.123872e-02
 4.000000e+00  5.000000e+00  1.828950e-02
 5.000000e+00  6.000000e+00  1.961311e-02
 6.000000e+00  7.000000e+00  1.872868e-02
 7.000000e+00  8.000000e+00  1.719741e-02
 8.000000e+00  9.000000e+00  1.559140e-02
 9.000000e+00  1.000000e+01  1.397887e-02
 1.000000e+01  1.100000e+01  1.248056e-02
 1.100000e+01  1.200000e+01  1.100750e-02
 1.200000e+01  1.300000e+01  9.795429e-03
 1.300000e+01  1.400000e+01  8.678101e-03
 1.400000e+01  1.500000e+01  7.629055e-03
 1.500000e+01  1.600000e+01  6.672617e-03
 1.600000e+01  1.700000e+01  5.851834e-03
 1.700000e+01  1.800000e+01  5.121422e-03
 1.800000e+01  1.900000e+01  4.540533e-03
 1.900000e+01  2.000000e+01  3.994023e-03
 2.000000e+01  2.100000e+01  3.499329e-03
 2.100000e+01  2.200000e+01  3.110149e-03
 2.200000e+01  2.300000e+01  2.737172e-03
 2.300000e+01  2.400000e+01  2.413507e-03
 2.400000e+01  2.500000e+01  2.152219e-03
 2.500000e+01  2.600000e+01  1.885414e-03
 2.600000e+01  2.700000e+01  1.695199e-03
 2.700000e+01  2.800000e+01  1.501709e-03
 2.800000e+01  2.900000e+01  1.331694e-03
 2.900000e+01  3.000000e+01  1.187379e-03
 3.000000e+01  3.100000e+01  1.089665e-03
 3.100000e+01  3.200000e+01  9.922975e-04
 3.200000e+01  3.300000e+01  8.764305e-04
 3.300000e+01  3.400000e+01  7.930239e-04
 3.400000e+01  3.500000e+01  7.140013e-04
 3.500000e+01  3.600000e+01  6.408474e-04
 3.600000e+01  3.700000e+01  6.001376e-04
 3.700000e+01  3.800000e+01  5.305119e-04
 3.800000e+01  3.900000e+01  4.816423e-04
 3.900000e+01  4.000000e+01  4.487965e-04
