 0.000000e+00  1.000000e+00  0.000000e+00
 1.000000e+00  2.000000e+00  0.000000e+00
 2.000000e+00  3.000000e+00  0.000000e+00
 3.000000e+00  4.000000e+00  0.000000e+00
 4.000000e+00  5.000000e+00  0.000000e+00
 5.000000e+00  6.000000e+00  0.000000e+00
 6.000000e+00  7.000000e+00  0.000000e+00
 7.000000e+00  8.000000e+00  0.000000e+00
 8.000000e+00  9.000000e+00  0.000000e+00
 9.000000e+00  1.000000e+01  5.056542e-07
 1.000000e+01  1.100000e+01  4.409695e-06
 1.100000e+01  1.200000e+01  6.553504e-06
 1.200000e+01  1.300000e+01  6.556775e-06
 1.300000e+01  1.400000e+01  5.594938e-06
 1.400000e+01  1.500000e+01  4.503590e-06
 1.500000e+01  1.600000e+01  3.506719e-06
 1.600000e+01  1.700000e+01  2.633456e-06
 1.700000e+01  1.800000e+01  1.990631e-06
 1.800000e+01  1.900000e+01  1.479861e-06
 1.900000e+01  2.000000e+01  1.105478e-06
 2.000000e+01  2.100000e+01  8.212533e-07
 2.100000e+01  2.200000e+01  6.140757e-07
 2.200000e+01  2.300000e+01  4.568615e-07
 2.300000e+01  2.400000e+01  3.497516e-07
 2.400000e+01  2.500000e+01  2.535965e-07
 2.500000e+01  2.600000e+01  1.951275e-07
 2.600000e+01  2.700000e+01  1.472280e-07
 2.700000e+01  2.800000e+01  1.122544e-07
 2.800000e+01  2.900000e+01  8.419957e-08
 2.900000e+01  3.000000e+01  6.628381e-08
 3.000000e+01  3.100000e+01  5.029106e-08
 3.100000e+01  3.200000e+01  3.660908e-08
 3.200000e+01  3.300000e+01  3.098982e-08
 3.300000e+01  3.400000e+01  2.216443e-08
 3.400000e+01  3.500000e+01  1.873639e-08
 3.500000e+01  3.600000e+01  1.394490e-08
 3.600000e+01  3.700000e+01  1.192446e-08
 3.700000e+01  3.800000e+01  8.663829e-09
 3.800000e+01  3.900000e+01  6.426680e-09
 3.900000e+01  4.000000e+01  4.781504e-09
