 0.000000e+00  1.000000e+00  0.000000e+00
 1.000000e+00  2.000000e+00  0.000000e+00
 2.000000e+00  3.000000e+00  0.000000e+00
 3.000000e+00  4.000000e+00  0.000000e+00
 4.000000e+00  5.000000e+00  0.000000e+00
 5.000000e+00  6.000000e+00  0.000000e+00
 6.000000e+00  7.000000e+00  0.000000e+00
 7.000000e+00  8.000000e+00  0.000000e+00
 8.000000e+00  9.000000e+00  0.000000e+00
 9.000000e+00  1.000000e+01  1.159287e-06
 1.000000e+01  1.100000e+01  1.039772e-05
 1.100000e+01  1.200000e+01  1.608603e-05
 1.200000e+01  1.300000e+01  1.673951e-05
 1.300000e+01  1.400000e+01  1.509593e-05
 1.400000e+01  1.500000e+01  1.266745e-05
 1.500000e+01  1.600000e+01  1.036204e-05
 1.600000e+01  1.700000e+01  8.342788e-06
 1.700000e+01  1.800000e+01  6.604259e-06
 1.800000e+01  1.900000e+01  5.232259e-06
 1.900000e+01  2.000000e+01  4.159554e-06
 2.000000e+01  2.100000e+01  3.298414e-06
 2.100000e+01  2.200000e+01  2.621209e-06
 2.200000e+01  2.300000e+01  2.096161e-06
 2.300000e+01  2.400000e+01  1.680939e-06
 2.400000e+01  2.500000e+01  1.375904e-06
 2.500000e+01  2.600000e+01  1.088049e-06
 2.600000e+01  2.700000e+01  8.929538e-07
 2.700000e+01  2.800000e+01  7.354446e-07
 2.800000e+01  2.900000e+01  6.091793e-07
 2.900000e+01  3.000000e+01  4.852558e-07
 3.000000e+01  3.100000e+01  4.068050e-07
 3.100000e+01  3.200000e+01  3.401929e-07
 3.200000e+01  3.300000e+01  2.831408e-07
 3.300000e+01  3.400000e+01  2.352870e-07
 3.400000e+01  3.500000e+01  1.960746e-07
 3.500000e+01  3.600000e+01  1.635706e-07
 3.600000e+01  3.700000e+01  1.409497e-07
 3.700000e+01  3.800000e+01  1.220062e-07
 3.800000e+01  3.900000e+01  1.005734e-07
 3.900000e+01  4.000000e+01  8.518008e-08
