 0.000000e+00  1.000000e+00  0.000000e+00
 1.000000e+00  2.000000e+00  0.000000e+00
 2.000000e+00  3.000000e+00  0.000000e+00
 3.000000e+00  4.000000e+00  0.000000e+00
 4.000000e+00  5.000000e+00  0.000000e+00
 5.000000e+00  6.000000e+00  0.000000e+00
 6.000000e+00  7.000000e+00  0.000000e+00
 7.000000e+00  8.000000e+00  0.000000e+00
 8.000000e+00  9.000000e+00  0.000000e+00
 9.000000e+00  1.000000e+01  1.024474e-06
 1.000000e+01  1.100000e+01  6.290633e-06
 1.100000e+01  1.200000e+01  8.609680e-06
 1.200000e+01  1.300000e+01  8.389565e-06
 1.300000e+01  1.400000e+01  7.163366e-06
 1.400000e+01  1.500000e+01  5.815596e-06
 1.500000e+01  1.600000e+01  4.562011e-06
 1.600000e+01  1.700000e+01  3.544280e-06
 1.700000e+01  1.800000e+01  2.714923e-06
 1.800000e+01  1.900000e+01  2.056507e-06
 1.900000e+01  2.000000e+01  1.644300e-06
 2.000000e+01  2.100000e+01  1.251128e-06
 2.100000e+01  2.200000e+01  9.684779e-07
 2.200000e+01  2.300000e+01  7.524934e-07
 2.300000e+01  2.400000e+01  5.957172e-07
 2.400000e+01  2.500000e+01  4.564508e-07
 2.500000e+01  2.600000e+01  3.591914e-07
 2.600000e+01  2.700000e+01  2.949006e-07
 2.700000e+01  2.800000e+01  2.340233e-07
 2.800000e+01  2.900000e+01  1.839484e-07
 2.900000e+01  3.000000e+01  1.529780e-07
 3.000000e+01  3.100000e+01  1.235884e-07
 3.100000e+01  3.200000e+01  1.001047e-07
 3.200000e+01  3.300000e+01  8.141680e-08
 3.300000e+01  3.400000e+01  6.931391e-08
 3.400000e+01  3.500000e+01  5.607547e-08
 3.500000e+01  3.600000e+01  4.907122e-08
 3.600000e+01  3.700000e+01  4.058202e-08
 3.700000e+01  3.800000e+01  3.367567e-08
 3.800000e+01  3.900000e+01  2.920269e-08
 3.900000e+01  4.000000e+01  2.411415e-08
