 0.000000e+00  1.000000e+00  0.000000e+00
 1.000000e+00  2.000000e+00  0.000000e+00
 2.000000e+00  3.000000e+00  0.000000e+00
 3.000000e+00  4.000000e+00  0.000000e+00
 4.000000e+00  5.000000e+00  0.000000e+00
 5.000000e+00  6.000000e+00  0.000000e+00
 6.000000e+00  7.000000e+00  0.000000e+00
 7.000000e+00  8.000000e+00  0.000000e+00
 8.000000e+00  9.000000e+00  0.000000e+00
 9.000000e+00  1.000000e+01  8.886357e-07
 1.000000e+01  1.100000e+01  7.904698e-06
 1.100000e+01  1.200000e+01  1.210367e-05
 1.200000e+01  1.300000e+01  1.245055e-05
 1.300000e+01  1.400000e+01  1.113145e-05
 1.400000e+01  1.500000e+01  9.280940e-06
 1.500000e+01  1.600000e+01  7.446858e-06
 1.600000e+01  1.700000e+01  5.895060e-06
 1.700000e+01  1.800000e+01  4.634720e-06
 1.800000e+01  1.900000e+01  3.642558e-06
 1.900000e+01  2.000000e+01  2.819791e-06
 2.000000e+01  2.100000e+01  2.225155e-06
 2.100000e+01  2.200000e+01  1.742806e-06
 2.200000e+01  2.300000e+01  1.379620e-06
 2.300000e+01  2.400000e+01  1.079174e-06
 2.400000e+01  2.500000e+01  8.646056e-07
 2.500000e+01  2.600000e+01  6.861484e-07
 2.600000e+01  2.700000e+01  5.462036e-07
 2.700000e+01  2.800000e+01  4.424163e-07
 2.800000e+01  2.900000e+01  3.610958e-07
 2.900000e+01  3.000000e+01  2.880657e-07
 3.000000e+01  3.100000e+01  2.371908e-07
 3.100000e+01  3.200000e+01  1.915180e-07
 3.200000e+01  3.300000e+01  1.586164e-07
 3.300000e+01  3.400000e+01  1.269686e-07
 3.400000e+01  3.500000e+01  1.051241e-07
 3.500000e+01  3.600000e+01  8.619327e-08
 3.600000e+01  3.700000e+01  7.183889e-08
 3.700000e+01  3.800000e+01  5.739939e-08
 3.800000e+01  3.900000e+01  5.078262e-08
 3.900000e+01  4.000000e+01  4.150540e-08
