 0.000000e+00  1.000000e+00  0.000000e+00
 1.000000e+00  2.000000e+00  0.000000e+00
 2.000000e+00  3.000000e+00  0.000000e+00
 3.000000e+00  4.000000e+00  2.277907e-03
 4.000000e+00  5.000000e+00  4.334739e-03
 5.000000e+00  6.000000e+00  3.698150e-03
 6.000000e+00  7.000000e+00  2.563167e-03
 7.000000e+00  8.000000e+00  1.653657e-03
 8.000000e+00  9.000000e+00  1.047028e-03
 9.000000e+00  1.000000e+01  6.544444e-04
 1.000000e+01  1.100000e+01  4.060761e-04
 1.100000e+01  1.200000e+01  2.733462e-04
 1.200000e+01  1.300000e+01  1.819115e-04
 1.300000e+01  1.400000e+01  1.185997e-04
 1.400000e+01  1.500000e+01  7.517709e-05
 1.500000e+01  1.600000e+01  5.378368e-05
 1.600000e+01  1.700000e+01  3.738010e-05
 1.700000e+01  1.800000e+01  2.749510e-05
 1.800000e+01  1.900000e+01  1.871965e-05
 1.900000e+01  2.000000e+01  1.384094e-05
 2.000000e+01  2.100000e+01  9.905727e-06
 2.100000e+01  2.200000e+01  7.152731e-06
 2.200000e+01  2.300000e+01  5.165723e-06
 2.300000e+01  2.400000e+01  3.684064e-06
 2.400000e+01  2.500000e+01  2.922715e-06
 2.500000e+01  2.600000e+01  1.936333e-06
 2.600000e+01  2.700000e+01  1.558930e-06
 2.700000e+01  2.800000e+01  1.375571e-06
 2.800000e+01  2.900000e+01  1.177876e-06
 2.900000e+01  3.000000e+01  6.238040e-07
 3.000000e+01  3.100000e+01  5.695510e-07
 3.100000e+01  3.200000e+01  3.867325e-07
 3.200000e+01  3.300000e+01  2.968919e-07
 3.300000e+01  3.400000e+01  1.953396e-07
 3.400000e+01  3.500000e+01  2.341717e-07
 3.500000e+01  3.600000e+01  1.687214e-07
 3.600000e+01  3.700000e+01  1.662293e-07
 3.700000e+01  3.800000e+01  1.239244e-07
 3.800000e+01  3.900000e+01  7.860921e-08
 3.900000e+01  4.000000e+01  9.691475e-08
