 0.000000e+00  1.000000e+00  0.000000e+00
 1.000000e+00  2.000000e+00  0.000000e+00
 2.000000e+00  3.000000e+00  0.000000e+00
 3.000000e+00  4.000000e+00  1.965792e-03
 4.000000e+00  5.000000e+00  4.103231e-03
 5.000000e+00  6.000000e+00  3.565460e-03
 6.000000e+00  7.000000e+00  2.463071e-03
 7.000000e+00  8.000000e+00  1.574524e-03
 8.000000e+00  9.000000e+00  9.892114e-04
 9.000000e+00  1.000000e+01  6.219175e-04
 1.000000e+01  1.100000e+01  3.966861e-04
 1.100000e+01  1.200000e+01  2.592036e-04
 1.200000e+01  1.300000e+01  1.677486e-04
 1.300000e+01  1.400000e+01  1.120992e-04
 1.400000e+01  1.500000e+01  7.600016e-05
 1.500000e+01  1.600000e+01  5.278517e-05
 1.600000e+01  1.700000e+01  3.683652e-05
 1.700000e+01  1.800000e+01  2.608012e-05
 1.800000e+01  1.900000e+01  1.912571e-05
 1.900000e+01  2.000000e+01  1.407131e-05
 2.000000e+01  2.100000e+01  1.012685e-05
 2.100000e+01  2.200000e+01  7.427232e-06
 2.200000e+01  2.300000e+01  5.842976e-06
 2.300000e+01  2.400000e+01  4.351636e-06
 2.400000e+01  2.500000e+01  3.110853e-06
 2.500000e+01  2.600000e+01  2.497794e-06
 2.600000e+01  2.700000e+01  1.936011e-06
 2.700000e+01  2.800000e+01  1.565157e-06
 2.800000e+01  2.900000e+01  1.062406e-06
 2.900000e+01  3.000000e+01  7.985721e-07
 3.000000e+01  3.100000e+01  7.307230e-07
 3.100000e+01  3.200000e+01  5.841147e-07
 3.200000e+01  3.300000e+01  4.065843e-07
 3.300000e+01  3.400000e+01  3.622411e-07
 3.400000e+01  3.500000e+01  3.039482e-07
 3.500000e+01  3.600000e+01  1.932125e-07
 3.600000e+01  3.700000e+01  1.659792e-07
 3.700000e+01  3.800000e+01  1.358009e-07
 3.800000e+01  3.900000e+01  1.081130e-07
 3.900000e+01  4.000000e+01  8.764748e-08
