 0.000000e+00  1.000000e+00  0.000000e+00
 1.000000e+00  2.000000e+00  0.000000e+00
 2.000000e+00  3.000000e+00  0.000000e+00
 3.000000e+00  4.000000e+00  0.000000e+00
 4.000000e+00  5.000000e+00  0.000000e+00
 5.000000e+00  6.000000e+00  0.000000e+00
 6.000000e+00  7.000000e+00  0.000000e+00
 7.000000e+00  8.000000e+00  0.000000e+00
 8.000000e+00  9.000000e+00  0.000000e+00
 9.000000e+00  1.000000e+01  6.319899e-05
 1.000000e+01  1.100000e+01  2.382319e-04
 1.100000e+01  1.200000e+01  2.763311e-04
 1.200000e+01  1.300000e+01  2.674989e-04
 1.300000e+01  1.400000e+01  2.412787e-04
 1.400000e+01  1.500000e+01  2.091580e-04
 1.500000e+01  1.600000e+01  1.798661e-04
 1.600000e+01  1.700000e+01  1.538555e-04
 1.700000e+01  1.800000e+01  1.300176e-04
 1.800000e+01  1.900000e+01  1.103533e-04
 1.900000e+01  2.000000e+01  9.340496e-05
 2.000000e+01  2.100000e+01  7.969348e-05
 2.100000e+01  2.200000e+01  6.740412e-05
 2.200000e+01  2.300000e+01  5.779544e-05
 2.300000e+01  2.400000e+01  4.972151e-05
 2.400000e+01  2.500000e+01  4.236626e-05
 2.500000e+01  2.600000e+01  3.635474e-05
 2.600000e+01  2.700000e+01  3.173061e-05
 2.700000e+01  2.800000e+01  2.715379e-05
 2.800000e+01  2.900000e+01  2.339563e-05
 2.900000e+01  3.000000e+01  2.051239e-05
 3.000000e+01  3.100000e+01  1.773316e-05
 3.100000e+01  3.200000e+01  1.560549e-05
 3.200000e+01  3.300000e+01  1.362604e-05
 3.300000e+01  3.400000e+01  1.190709e-05
 3.400000e+01  3.500000e+01  1.040871e-05
 3.500000e+01  3.600000e+01  9.244823e-06
 3.600000e+01  3.700000e+01  7.974240e-06
 3.700000e+01  3.800000e+01  7.040839e-06
 3.800000e+01  3.900000e+01  6.062652e-06
 3.900000e+01  4.000000e+01  5.413655e-06
