 0.000000e+00  1.000000e+00  0.000000e+00
 1.000000e+00  2.000000e+00  0.000000e+00
 2.000000e+00  3.000000e+00  0.000000e+00
 3.000000e+00  4.000000e+00  0.000000e+00
 4.000000e+00  5.000000e+00  0.000000e+00
 5.000000e+00  6.000000e+00  0.000000e+00
 6.000000e+00  7.000000e+00  0.000000e+00
 7.000000e+00  8.000000e+00  0.000000e+00
 8.000000e+00  9.000000e+00  0.000000e+00
 9.000000e+00  1.000000e+01  3.516885e-04
 1.000000e+01  1.100000e+01  3.449054e-04
 1.100000e+01  1.200000e+01  1.869306e-04
 1.200000e+01  1.300000e+01  1.100055e-04
 1.300000e+01  1.400000e+01  6.948085e-05
 1.400000e+01  1.500000e+01  4.543341e-05
 1.500000e+01  1.600000e+01  3.132344e-05
 1.600000e+01  1.700000e+01  2.095391e-05
 1.700000e+01  1.800000e+01  1.498355e-05
 1.800000e+01  1.900000e+01  1.058959e-05
 1.900000e+01  2.000000e+01  7.197765e-06
 2.000000e+01  2.100000e+01  5.144959e-06
 2.100000e+01  2.200000e+01  3.650705e-06
 2.200000e+01  2.300000e+01  3.412170e-06
 2.300000e+01  2.400000e+01  1.633983e-06
 2.400000e+01  2.500000e+01  1.763508e-06
 2.500000e+01  2.600000e+01  9.745216e-07
 2.600000e+01  2.700000e+01  1.160540e-06
 2.700000e+01  2.800000e+01  5.525436e-07
 2.800000e+01  2.900000e+01  5.967193e-07
 2.900000e+01  3.000000e+01  3.779576e-07
 3.000000e+01  3.100000e+01  2.581854e-07
 3.100000e+01  3.200000e+01  1.770201e-07
 3.200000e+01  3.300000e+01  1.617675e-08
 3.300000e+01  3.400000e+01  5.502850e-08
 3.400000e+01  3.500000e+01  2.544228e-07
 3.500000e+01  3.600000e+01  6.660350e-08
 3.600000e+01  3.700000e+01  1.705387e-07
 3.700000e+01  3.800000e+01  3.767740e-08
 3.800000e+01  3.900000e+01  2.273969e-08
 3.900000e+01  4.000000e+01  2.698158e-09
