 0.000000e+00  1.000000e+00  0.000000e+00
 1.000000e+00  2.000000e+00  0.000000e+00
 2.000000e+00  3.000000e+00  0.000000e+00
 3.000000e+00  4.000000e+00  0.000000e+00
 4.000000e+00  5.000000e+00  0.000000e+00
 5.000000e+00  6.000000e+00  0.000000e+00
 6.000000e+00  7.000000e+00  0.000000e+00
 7.000000e+00  8.000000e+00  0.000000e+00
 8.000000e+00  9.000000e+00  0.000000e+00
 9.000000e+00  1.000000e+01  4.204462e-05
 1.000000e+01  1.100000e+01  1.568578e-04
 1.100000e+01  1.200000e+01  1.793151e-04
 1.200000e+01  1.300000e+01  1.709787e-04
 1.300000e+01  1.400000e+01  1.521073e-04
 1.400000e+01  1.500000e+01  1.303256e-04
 1.500000e+01  1.600000e+01  1.110143e-04
 1.600000e+01  1.700000e+01  9.357002e-05
 1.700000e+01  1.800000e+01  7.799897e-05
 1.800000e+01  1.900000e+01  6.563977e-05
 1.900000e+01  2.000000e+01  5.491650e-05
 2.000000e+01  2.100000e+01  4.603734e-05
 2.100000e+01  2.200000e+01  3.893864e-05
 2.200000e+01  2.300000e+01  3.283776e-05
 2.300000e+01  2.400000e+01  2.759655e-05
 2.400000e+01  2.500000e+01  2.346251e-05
 2.500000e+01  2.600000e+01  1.998854e-05
 2.600000e+01  2.700000e+01  1.690144e-05
 2.700000e+01  2.800000e+01  1.453817e-05
 2.800000e+01  2.900000e+01  1.237016e-05
 2.900000e+01  3.000000e+01  1.061388e-05
 3.000000e+01  3.100000e+01  9.140686e-06
 3.100000e+01  3.200000e+01  7.945563e-06
 3.200000e+01  3.300000e+01  6.853149e-06
 3.300000e+01  3.400000e+01  5.817243e-06
 3.400000e+01  3.500000e+01  5.049285e-06
 3.500000e+01  3.600000e+01  4.326151e-06
 3.600000e+01  3.700000e+01  3.680795e-06
 3.700000e+01  3.800000e+01  3.270264e-06
 3.800000e+01  3.900000e+01  2.867480e-06
 3.900000e+01  4.000000e+01  2.519978e-06
