 0.000000e+00  1.000000e+00  0.000000e+00
 1.000000e+00  2.000000e+00  0.000000e+00
 2.000000e+00  3.000000e+00  0.000000e+00
 3.000000e+00  4.000000e+00  0.000000e+00
 4.000000e+00  5.000000e+00  0.000000e+00
 5.000000e+00  6.000000e+00  0.000000e+00
 6.000000e+00  7.000000e+00  0.000000e+00
 7.000000e+00  8.000000e+00  0.000000e+00
 8.000000e+00  9.000000e+00  0.000000e+00
 9.000000e+00  1.000000e+01  3.609167e-05
 1.000000e+01  1.100000e+01  1.334006e-04
 1.100000e+01  1.200000e+01  1.506166e-04
 1.200000e+01  1.300000e+01  1.404313e-04
 1.300000e+01  1.400000e+01  1.219838e-04
 1.400000e+01  1.500000e+01  1.022827e-04
 1.500000e+01  1.600000e+01  8.396079e-05
 1.600000e+01  1.700000e+01  6.816171e-05
 1.700000e+01  1.800000e+01  5.541285e-05
 1.800000e+01  1.900000e+01  4.495672e-05
 1.900000e+01  2.000000e+01  3.639967e-05
 2.000000e+01  2.100000e+01  2.934256e-05
 2.100000e+01  2.200000e+01  2.364228e-05
 2.200000e+01  2.300000e+01  1.923057e-05
 2.300000e+01  2.400000e+01  1.559104e-05
 2.400000e+01  2.500000e+01  1.255306e-05
 2.500000e+01  2.600000e+01  1.034932e-05
 2.600000e+01  2.700000e+01  8.405337e-06
 2.700000e+01  2.800000e+01  6.872888e-06
 2.800000e+01  2.900000e+01  5.613789e-06
 2.900000e+01  3.000000e+01  4.619955e-06
 3.000000e+01  3.100000e+01  3.813160e-06
 3.100000e+01  3.200000e+01  3.136141e-06
 3.200000e+01  3.300000e+01  2.677447e-06
 3.300000e+01  3.400000e+01  2.119980e-06
 3.400000e+01  3.500000e+01  1.805960e-06
 3.500000e+01  3.600000e+01  1.493714e-06
 3.600000e+01  3.700000e+01  1.241795e-06
 3.700000e+01  3.800000e+01  9.641184e-07
 3.800000e+01  3.900000e+01  8.153530e-07
 3.900000e+01  4.000000e+01  6.849660e-07
