 0.000000e+00  1.000000e+00  0.000000e+00
 1.000000e+00  2.000000e+00  0.000000e+00
 2.000000e+00  3.000000e+00  0.000000e+00
 3.000000e+00  4.000000e+00  0.000000e+00
 4.000000e+00  5.000000e+00  0.000000e+00
 5.000000e+00  6.000000e+00  0.000000e+00
 6.000000e+00  7.000000e+00  0.000000e+00
 7.000000e+00  8.000000e+00  0.000000e+00
 8.000000e+00  9.000000e+00  0.000000e+00
 9.000000e+00  1.000000e+01  2.268677e-04
 1.000000e+01  1.100000e+01  9.033000e-04
 1.100000e+01  1.200000e+01  1.146996e-03
 1.200000e+01  1.300000e+01  1.201171e-03
 1.300000e+01  1.400000e+01  1.164973e-03
 1.400000e+01  1.500000e+01  1.083550e-03
 1.500000e+01  1.600000e+01  9.811981e-04
 1.600000e+01  1.700000e+01  8.763644e-04
 1.700000e+01  1.800000e+01  7.771097e-04
 1.800000e+01  1.900000e+01  6.895373e-04
 1.900000e+01  2.000000e+01  6.091090e-04
 2.000000e+01  2.100000e+01  5.378034e-04
 2.100000e+01  2.200000e+01  4.720136e-04
 2.200000e+01  2.300000e+01  4.185237e-04
 2.300000e+01  2.400000e+01  3.706163e-04
 2.400000e+01  2.500000e+01  3.274510e-04
 2.500000e+01  2.600000e+01  2.909802e-04
 2.600000e+01  2.700000e+01  2.584646e-04
 2.700000e+01  2.800000e+01  2.305398e-04
 2.800000e+01  2.900000e+01  2.064002e-04
 2.900000e+01  3.000000e+01  1.858441e-04
 3.000000e+01  3.100000e+01  1.670988e-04
 3.100000e+01  3.200000e+01  1.491087e-04
 3.200000e+01  3.300000e+01  1.341935e-04
 3.300000e+01  3.400000e+01  1.212746e-04
 3.400000e+01  3.500000e+01  1.097875e-04
 3.500000e+01  3.600000e+01  1.003185e-04
 3.600000e+01  3.700000e+01  8.993766e-05
 3.700000e+01  3.800000e+01  8.199743e-05
 3.800000e+01  3.900000e+01  7.438073e-05
 3.900000e+01  4.000000e+01  6.830980e-05
