 0.000000e+00  1.000000e+00  0.000000e+00
 1.000000e+00  2.000000e+00  0.000000e+00
 2.000000e+00  3.000000e+00  2.551320e-14
 3.000000e+00  4.000000e+00  9.950161e-02
 4.000000e+00  5.000000e+00  4.436983e-02
 5.000000e+00  6.000000e+00  2.177849e-02
 6.000000e+00  7.000000e+00  1.166739e-02
 7.000000e+00  8.000000e+00  6.654074e-03
 8.000000e+00  9.000000e+00  4.150064e-03
 9.000000e+00  1.000000e+01  2.934276e-03
 1.000000e+01  1.100000e+01  1.922871e-03
 1.100000e+01  1.200000e+01  1.560577e-03
 1.200000e+01  1.300000e+01  1.044694e-03
 1.300000e+01  1.400000e+01  7.684744e-04
 1.400000e+01  1.500000e+01  7.906683e-04
 1.500000e+01  1.600000e+01  1.294929e-03
 1.600000e+01  1.700000e+01  3.620768e-04
 1.700000e+01  1.800000e+01  5.463109e-04
 1.800000e+01  1.900000e+01  4.104543e-04
 1.900000e+01  2.000000e+01  2.120890e-04
 2.000000e+01  2.100000e+01  3.759115e-04
 2.100000e+01  2.200000e+01  2.018409e-04
 2.200000e+01  2.300000e+01  7.772852e-05
 2.300000e+01  2.400000e+01  8.788851e-05
 2.400000e+01  2.500000e+01  3.235672e-05
 2.500000e+01  2.600000e+01  4.415071e-05
 2.600000e+01  2.700000e+01  9.995965e-05
 2.700000e+01  2.800000e+01  9.476843e-05
 2.800000e+01  2.900000e+01  3.549882e-05
 2.900000e+01  3.000000e+01  9.039587e-05
 3.000000e+01  3.100000e+01  1.937953e-05
 3.100000e+01  3.200000e+01  1.979203e-05
 3.200000e+01  3.300000e+01  4.887287e-05
 3.300000e+01  3.400000e+01 -1.324477e-05
 3.400000e+01  3.500000e+01 -1.116381e-05
 3.500000e+01  3.600000e+01  1.021647e-05
 3.600000e+01  3.700000e+01  6.037099e-05
 3.700000e+01  3.800000e+01  1.843344e-05
 3.800000e+01  3.900000e+01 -4.511558e-06
 3.900000e+01  4.000000e+01  2.742851e-05
