 0.000000e+00  1.000000e+00  0.000000e+00
 1.000000e+00  2.000000e+00  0.000000e+00
 2.000000e+00  3.000000e+00  0.000000e+00
 3.000000e+00  4.000000e+00  4.967064e-02
 4.000000e+00  5.000000e+00  2.897340e-02
 5.000000e+00  6.000000e+00  1.799864e-02
 6.000000e+00  7.000000e+00  1.154717e-02
 7.000000e+00  8.000000e+00  7.624342e-03
 8.000000e+00  9.000000e+00  5.164906e-03
 9.000000e+00  1.000000e+01  3.600129e-03
 1.000000e+01  1.100000e+01  2.551311e-03
 1.100000e+01  1.200000e+01  1.846816e-03
 1.200000e+01  1.300000e+01  1.351726e-03
 1.300000e+01  1.400000e+01  1.025393e-03
 1.400000e+01  1.500000e+01  7.585219e-04
 1.500000e+01  1.600000e+01  5.924050e-04
 1.600000e+01  1.700000e+01  4.602695e-04
 1.700000e+01  1.800000e+01  3.552015e-04
 1.800000e+01  1.900000e+01  2.768771e-04
 1.900000e+01  2.000000e+01  2.231348e-04
 2.000000e+01  2.100000e+01  1.735833e-04
 2.100000e+01  2.200000e+01  1.388335e-04
 2.200000e+01  2.300000e+01  1.179425e-04
 2.300000e+01  2.400000e+01  9.742726e-05
 2.400000e+01  2.500000e+01  7.357361e-05
 2.500000e+01  2.600000e+01  6.018564e-05
 2.600000e+01  2.700000e+01  5.335023e-05
 2.700000e+01  2.800000e+01  4.108603e-05
 2.800000e+01  2.900000e+01  3.539354e-05
 2.900000e+01  3.000000e+01  2.767214e-05
 3.000000e+01  3.100000e+01  2.332709e-05
 3.100000e+01  3.200000e+01  1.829654e-05
 3.200000e+01  3.300000e+01  1.616505e-05
 3.300000e+01  3.400000e+01  1.280322e-05
 3.400000e+01  3.500000e+01  1.044866e-05
 3.500000e+01  3.600000e+01  9.974788e-06
 3.600000e+01  3.700000e+01  8.676430e-06
 3.700000e+01  3.800000e+01  7.657421e-06
 3.800000e+01  3.900000e+01  5.780724e-06
 3.900000e+01  4.000000e+01  4.166717e-06
