 0.000000e+00  1.000000e+00  0.000000e+00
 1.000000e+00  2.000000e+00  0.000000e+00
 2.000000e+00  3.000000e+00  0.000000e+00
 3.000000e+00  4.000000e+00  0.000000e+00
 4.000000e+00  5.000000e+00  0.000000e+00
 5.000000e+00  6.000000e+00  0.000000e+00
 6.000000e+00  7.000000e+00  0.000000e+00
 7.000000e+00  8.000000e+00  0.000000e+00
 8.000000e+00  9.000000e+00  0.000000e+00
 9.000000e+00  1.000000e+01  1.787448e-04
 1.000000e+01  1.100000e+01  6.544086e-04
 1.100000e+01  1.200000e+01  7.816026e-04
 1.200000e+01  1.300000e+01  7.950757e-04
 1.300000e+01  1.400000e+01  7.653703e-04
 1.400000e+01  1.500000e+01  7.127288e-04
 1.500000e+01  1.600000e+01  6.507341e-04
 1.600000e+01  1.700000e+01  5.867759e-04
 1.700000e+01  1.800000e+01  5.270940e-04
 1.800000e+01  1.900000e+01  4.742946e-04
 1.900000e+01  2.000000e+01  4.242329e-04
 2.000000e+01  2.100000e+01  3.788193e-04
 2.100000e+01  2.200000e+01  3.359912e-04
 2.200000e+01  2.300000e+01  3.012441e-04
 2.300000e+01  2.400000e+01  2.698214e-04
 2.400000e+01  2.500000e+01  2.402898e-04
 2.500000e+01  2.600000e+01  2.153809e-04
 2.600000e+01  2.700000e+01  1.928698e-04
 2.700000e+01  2.800000e+01  1.733212e-04
 2.800000e+01  2.900000e+01  1.560623e-04
 2.900000e+01  3.000000e+01  1.414871e-04
 3.000000e+01  3.100000e+01  1.279302e-04
 3.100000e+01  3.200000e+01  1.146105e-04
 3.200000e+01  3.300000e+01  1.036085e-04
 3.300000e+01  3.400000e+01  9.411289e-05
 3.400000e+01  3.500000e+01  8.547376e-05
 3.500000e+01  3.600000e+01  7.840643e-05
 3.600000e+01  3.700000e+01  7.043794e-05
 3.700000e+01  3.800000e+01  6.447092e-05
 3.800000e+01  3.900000e+01  5.869208e-05
 3.900000e+01  4.000000e+01  5.403251e-05
