 0.000000e+00  1.000000e+00  0.000000e+00
 1.000000e+00  2.000000e+00  0.000000e+00
 2.000000e+00  3.000000e+00  0.000000e+00
 3.000000e+00  4.000000e+00  0.000000e+00
 4.000000e+00  5.000000e+00  0.000000e+00
 5.000000e+00  6.000000e+00  0.000000e+00
 6.000000e+00  7.000000e+00  0.000000e+00
 7.000000e+00  8.000000e+00  0.000000e+00
 8.000000e+00  9.000000e+00  0.000000e+00
 9.000000e+00  1.000000e+01  4.549694e-04
 1.000000e+01  1.100000e+01  4.534768e-04
 1.100000e+01  1.200000e+01  2.455979e-04
 1.200000e+01  1.300000e+01  1.488928e-04
 1.300000e+01  1.400000e+01  9.861834e-05
 1.400000e+01  1.500000e+01  6.905645e-05
 1.500000e+01  1.600000e+01  4.195469e-05
 1.600000e+01  1.700000e+01  3.343638e-05
 1.700000e+01  1.800000e+01  2.850257e-05
 1.800000e+01  1.900000e+01  5.930512e-05
 1.900000e+01  2.000000e+01  1.289042e-05
 2.000000e+01  2.100000e+01  1.259090e-05
 2.100000e+01  2.200000e+01  7.861782e-06
 2.200000e+01  2.300000e+01  5.358935e-06
 2.300000e+01  2.400000e+01  4.205069e-06
 2.400000e+01  2.500000e+01  4.173633e-06
 2.500000e+01  2.600000e+01  2.898023e-06
 2.600000e+01  2.700000e+01  2.421914e-06
 2.700000e+01  2.800000e+01  2.442531e-06
 2.800000e+01  2.900000e+01  9.575397e-07
 2.900000e+01  3.000000e+01  4.000284e-07
 3.000000e+01  3.100000e+01  1.720446e-06
 3.100000e+01  3.200000e+01  4.118303e-07
 3.200000e+01  3.300000e+01  6.300063e-07
 3.300000e+01  3.400000e+01  3.506183e-07
 3.400000e+01  3.500000e+01 -9.683326e-08
 3.500000e+01  3.600000e+01  2.848181e-07
 3.600000e+01  3.700000e+01  5.526341e-07
 3.700000e+01  3.800000e+01  7.572906e-07
 3.800000e+01  3.900000e+01 -7.479591e-07
 3.900000e+01  4.000000e+01  2.908791e-07
