 0.000000e+00  1.000000e+00  0.000000e+00
 1.000000e+00  2.000000e+00  0.000000e+00
 2.000000e+00  3.000000e+00  0.000000e+00
 3.000000e+00  4.000000e+00  5.421435e-02
 4.000000e+00  5.000000e+00  1.738490e-02
 5.000000e+00  6.000000e+00  8.589191e-03
 6.000000e+00  7.000000e+00  4.933632e-03
 7.000000e+00  8.000000e+00  2.750156e-03
 8.000000e+00  9.000000e+00  1.948516e-03
 9.000000e+00  1.000000e+01  9.579841e-04
 1.000000e+01  1.100000e+01  6.476060e-04
 1.100000e+01  1.200000e+01  6.349326e-04
 1.200000e+01  1.300000e+01  5.324019e-04
 1.300000e+01  1.400000e+01  4.125453e-04
 1.400000e+01  1.500000e+01  2.458140e-04
 1.500000e+01  1.600000e+01  2.529802e-04
 1.600000e+01  1.700000e+01  1.763342e-04
 1.700000e+01  1.800000e+01  1.183269e-04
 1.800000e+01  1.900000e+01  1.427452e-04
 1.900000e+01  2.000000e+01  1.190233e-04
 2.000000e+01  2.100000e+01  6.391339e-05
 2.100000e+01  2.200000e+01  5.079861e-05
 2.200000e+01  2.300000e+01  4.160299e-05
 2.300000e+01  2.400000e+01  4.025347e-05
 2.400000e+01  2.500000e+01  1.253746e-05
 2.500000e+01  2.600000e+01  2.540945e-05
 2.600000e+01  2.700000e+01  2.503647e-05
 2.700000e+01  2.800000e+01  1.633472e-05
 2.800000e+01  2.900000e+01  3.490129e-05
 2.900000e+01  3.000000e+01  3.289972e-06
 3.000000e+01  3.100000e+01  1.504090e-05
 3.100000e+01  3.200000e+01 -2.566845e-09
 3.200000e+01  3.300000e+01  3.049271e-06
 3.300000e+01  3.400000e+01  1.043224e-05
 3.400000e+01  3.500000e+01  1.291929e-05
 3.500000e+01  3.600000e+01  1.908713e-06
 3.600000e+01  3.700000e+01  1.170788e-05
 3.700000e+01  3.800000e+01  2.967648e-06
 3.800000e+01  3.900000e+01 -8.132898e-07
 3.900000e+01  4.000000e+01  1.793297e-06
