 0.000000e+00  1.000000e+00  0.000000e+00
 1.000000e+00  2.000000e+00  0.000000e+00
 2.000000e+00  3.000000e+00  0.000000e+00
 3.000000e+00  4.000000e+00  6.792785e-02
 4.000000e+00  5.000000e+00  2.148918e-02
 5.000000e+00  6.000000e+00  1.091222e-02
 6.000000e+00  7.000000e+00  5.805584e-03
 7.000000e+00  8.000000e+00  3.329820e-03
 8.000000e+00  9.000000e+00  1.985687e-03
 9.000000e+00  1.000000e+01  1.081678e-03
 1.000000e+01  1.100000e+01  1.109721e-03
 1.100000e+01  1.200000e+01  6.114605e-04
 1.200000e+01  1.300000e+01  4.731547e-04
 1.300000e+01  1.400000e+01  3.784551e-04
 1.400000e+01  1.500000e+01  3.161214e-04
 1.500000e+01  1.600000e+01  3.305266e-04
 1.600000e+01  1.700000e+01  2.997493e-04
 1.700000e+01  1.800000e+01  1.019020e-04
 1.800000e+01  1.900000e+01  1.408808e-04
 1.900000e+01  2.000000e+01  1.799341e-04
 2.000000e+01  2.100000e+01  8.887961e-05
 2.100000e+01  2.200000e+01  7.349242e-05
 2.200000e+01  2.300000e+01  1.062778e-04
 2.300000e+01  2.400000e+01  7.051800e-05
 2.400000e+01  2.500000e+01  5.374853e-05
 2.500000e+01  2.600000e+01  1.535069e-05
 2.600000e+01  2.700000e+01  9.338244e-05
 2.700000e+01  2.800000e+01  7.977406e-05
 2.800000e+01  2.900000e+01 -9.733340e-06
 2.900000e+01  3.000000e+01  1.007998e-05
 3.000000e+01  3.100000e+01  3.853505e-05
 3.100000e+01  3.200000e+01  2.093946e-05
 3.200000e+01  3.300000e+01  1.552301e-05
 3.300000e+01  3.400000e+01  2.564180e-05
 3.400000e+01  3.500000e+01 -6.903390e-06
 3.500000e+01  3.600000e+01  1.544336e-05
 3.600000e+01  3.700000e+01  1.629336e-05
 3.700000e+01  3.800000e+01  8.698957e-06
 3.800000e+01  3.900000e+01  1.877633e-05
 3.900000e+01  4.000000e+01 -6.425576e-06
