 0.000000e+00  1.000000e+00  0.000000e+00
 1.000000e+00  2.000000e+00  0.000000e+00
 2.000000e+00  3.000000e+00  0.000000e+00
 3.000000e+00  4.000000e+00  0.000000e+00
 4.000000e+00  5.000000e+00  0.000000e+00
 5.000000e+00  6.000000e+00  0.000000e+00
 6.000000e+00  7.000000e+00  0.000000e+00
 7.000000e+00  8.000000e+00  0.000000e+00
 8.000000e+00  9.000000e+00  0.000000e+00
 9.000000e+00  1.000000e+01  8.761720e-07
 1.000000e+01  1.100000e+01  7.897163e-06
 1.100000e+01  1.200000e+01  1.209601e-05
 1.200000e+01  1.300000e+01  1.248719e-05
 1.300000e+01  1.400000e+01  1.112227e-05
 1.400000e+01  1.500000e+01  9.243351e-06
 1.500000e+01  1.600000e+01  7.449813e-06
 1.600000e+01  1.700000e+01  5.922982e-06
 1.700000e+01  1.800000e+01  4.635133e-06
 1.800000e+01  1.900000e+01  3.649906e-06
 1.900000e+01  2.000000e+01  2.844277e-06
 2.000000e+01  2.100000e+01  2.228698e-06
 2.100000e+01  2.200000e+01  1.737799e-06
 2.200000e+01  2.300000e+01  1.363348e-06
 2.300000e+01  2.400000e+01  1.085428e-06
 2.400000e+01  2.500000e+01  8.606456e-07
 2.500000e+01  2.600000e+01  6.860164e-07
 2.600000e+01  2.700000e+01  5.492109e-07
 2.700000e+01  2.800000e+01  4.499404e-07
 2.800000e+01  2.900000e+01  3.539000e-07
 2.900000e+01  3.000000e+01  2.886102e-07
 3.000000e+01  3.100000e+01  2.325994e-07
 3.100000e+01  3.200000e+01  1.875181e-07
 3.200000e+01  3.300000e+01  1.568930e-07
 3.300000e+01  3.400000e+01  1.256722e-07
 3.400000e+01  3.500000e+01  1.051876e-07
 3.500000e+01  3.600000e+01  8.685554e-08
 3.600000e+01  3.700000e+01  7.323562e-08
 3.700000e+01  3.800000e+01  6.070532e-08
 3.800000e+01  3.900000e+01  4.808988e-08
 3.900000e+01  4.000000e+01  3.759920e-08
