 0.000000e+00  1.000000e+00  0.000000e+00
 1.000000e+00  2.000000e+00  0.000000e+00
 2.000000e+00  3.000000e+00  0.000000e+00
 3.000000e+00  4.000000e+00  9.921387e-03
 4.000000e+00  5.000000e+00  3.352965e-03
 5.000000e+00  6.000000e+00  7.624552e-04
 6.000000e+00  7.000000e+00  1.521320e-04
 7.000000e+00  8.000000e+00 -3.270584e-05
 8.000000e+00  9.000000e+00 -4.312818e-05
 9.000000e+00  1.000000e+01  8.608522e-07
 1.000000e+01  1.100000e+01  2.227017e-06
 1.100000e+01  1.200000e+01 -2.983690e-07
 1.200000e+01  1.300000e+01  5.229312e-06
 1.300000e+01  1.400000e+01  4.026326e-06
 1.400000e+01  1.500000e+01  8.331600e-06
 1.500000e+01  1.600000e+01  2.375652e-06
 1.600000e+01  1.700000e+01  3.334461e-06
 1.700000e+01  1.800000e+01  1.404011e-06
 1.800000e+01  1.900000e+01  1.818755e-06
 1.900000e+01  2.000000e+01  1.266349e-06
 2.000000e+01  2.100000e+01  7.309893e-07
 2.100000e+01  2.200000e+01  8.486997e-07
 2.200000e+01  2.300000e+01  3.749798e-07
 2.300000e+01  2.400000e+01  5.975233e-07
 2.400000e+01  2.500000e+01  6.441941e-08
 2.500000e+01  2.600000e+01  1.359952e-07
 2.600000e+01  2.700000e+01  1.764821e-07
 2.700000e+01  2.800000e+01  1.933779e-07
 2.800000e+01  2.900000e+01  4.941357e-08
 2.900000e+01  3.000000e+01  5.302635e-08
 3.000000e+01  3.100000e+01  8.023276e-08
 3.100000e+01  3.200000e+01  4.602093e-08
 3.200000e+01  3.300000e+01  2.477907e-08
 3.300000e+01  3.400000e+01  1.563635e-08
 3.400000e+01  3.500000e+01  2.864511e-08
 3.500000e+01  3.600000e+01  2.661434e-08
 3.600000e+01  3.700000e+01  1.028638e-08
 3.700000e+01  3.800000e+01  1.138514e-08
 3.800000e+01  3.900000e+01  1.052161e-08
 3.900000e+01  4.000000e+01  5.213118e-09
