 0.000000e+00  7.854232e-02  3.271448e-06
 7.854232e-02  1.570846e-01  3.289345e-06
 1.570846e-01  2.356269e-01  3.290139e-06
 2.356269e-01  3.141693e-01  3.344773e-06
 3.141693e-01  3.927116e-01  3.398306e-06
 3.927116e-01  4.712539e-01  3.459568e-06
 4.712539e-01  5.497962e-01  3.480290e-06
 5.497962e-01  6.283385e-01  3.659858e-06
 6.283385e-01  7.068808e-01  3.712388e-06
 7.068808e-01  7.854232e-01  3.855112e-06
 7.854232e-01  8.639655e-01  4.027138e-06
 8.639655e-01  9.425078e-01  4.188252e-06
 9.425078e-01  1.021050e+00  4.328140e-06
 1.021050e+00  1.099592e+00  4.629676e-06
 1.099592e+00  1.178135e+00  4.721538e-06
 1.178135e+00  1.256677e+00  5.192401e-06
 1.256677e+00  1.335219e+00  5.322166e-06
 1.335219e+00  1.413762e+00  5.763618e-06
 1.413762e+00  1.492304e+00  6.186826e-06
 1.492304e+00  1.570846e+00  6.755987e-06
 1.570846e+00  1.649389e+00  7.349939e-06
 1.649389e+00  1.727931e+00  8.040953e-06
 1.727931e+00  1.806473e+00  8.832946e-06
 1.806473e+00  1.885016e+00  9.864181e-06
 1.885016e+00  1.963558e+00  1.083164e-05
 1.963558e+00  2.042100e+00  1.218790e-05
 2.042100e+00  2.120643e+00  1.396504e-05
 2.120643e+00  2.199185e+00  1.609627e-05
 2.199185e+00  2.277727e+00  1.875351e-05
 2.277727e+00  2.356269e+00  2.187928e-05
 2.356269e+00  2.434812e+00  2.626437e-05
 2.434812e+00  2.513354e+00  3.231352e-05
 2.513354e+00  2.591896e+00  4.015298e-05
 2.591896e+00  2.670439e+00  5.140671e-05
 2.670439e+00  2.748981e+00  6.804268e-05
 2.748981e+00  2.827523e+00  9.472698e-05
 2.827523e+00  2.906066e+00  1.430427e-04
 2.906066e+00  2.984608e+00  2.412967e-04
 2.984608e+00  3.063150e+00  5.289048e-04
 3.063150e+00  3.141693e+00 -1.569798e-04
