 0.000000e+00  2.500000e-01  0.000000e+00
 2.500000e-01  5.000000e-01  0.000000e+00
 5.000000e-01  7.500000e-01  0.000000e+00
 7.500000e-01  1.000000e+00  0.000000e+00
 1.000000e+00  1.250000e+00  0.000000e+00
 1.250000e+00  1.500000e+00  0.000000e+00
 1.500000e+00  1.750000e+00  0.000000e+00
 1.750000e+00  2.000000e+00  0.000000e+00
 2.000000e+00  2.250000e+00  0.000000e+00
 2.250000e+00  2.500000e+00  0.000000e+00
 2.500000e+00  2.750000e+00  0.000000e+00
 2.750000e+00  3.000000e+00  0.000000e+00
 3.000000e+00  3.250000e+00  1.083813e-03
 3.250000e+00  3.500000e+00  5.472711e-03
 3.500000e+00  3.750000e+00  3.751111e-03
 3.750000e+00  4.000000e+00  1.497269e-03
 4.000000e+00  4.250000e+00  7.810730e-04
 4.250000e+00  4.500000e+00  4.423893e-04
 4.500000e+00  4.750000e+00  2.643739e-04
 4.750000e+00  5.000000e+00  1.649028e-04
 5.000000e+00  5.250000e+00  1.095618e-04
 5.250000e+00  5.500000e+00  7.426704e-05
 5.500000e+00  5.750000e+00  5.302057e-05
 5.750000e+00  6.000000e+00  3.822995e-05
 6.000000e+00  6.250000e+00  2.964746e-05
 6.250000e+00  6.500000e+00  2.235686e-05
 6.500000e+00  6.750000e+00  1.747749e-05
 6.750000e+00  7.000000e+00  1.321112e-05
 7.000000e+00  7.250000e+00  1.046445e-05
 7.250000e+00  7.500000e+00  7.904287e-06
 7.500000e+00  7.750000e+00  6.263768e-06
 7.750000e+00  8.000000e+00  4.772637e-06
 8.000000e+00  8.250000e+00  3.832972e-06
 8.250000e+00  8.500000e+00  2.993024e-06
 8.500000e+00  8.750000e+00  2.359377e-06
 8.750000e+00  9.000000e+00  1.720179e-06
 9.000000e+00  9.250000e+00  1.152455e-06
 9.250000e+00  9.500000e+00  9.437356e-07
 9.500000e+00  9.750000e+00  8.605579e-07
 9.750000e+00  1.000000e+01  6.088508e-07
