 0.000000e+00  7.854232e-02  5.676978e-06
 7.854232e-02  1.570846e-01  5.698373e-06
 1.570846e-01  2.356269e-01  5.759013e-06
 2.356269e-01  3.141693e-01  5.720769e-06
 3.141693e-01  3.927116e-01  5.885615e-06
 3.927116e-01  4.712539e-01  5.904034e-06
 4.712539e-01  5.497962e-01  6.063951e-06
 5.497962e-01  6.283385e-01  6.254466e-06
 6.283385e-01  7.068808e-01  6.425297e-06
 7.068808e-01  7.854232e-01  6.570370e-06
 7.854232e-01  8.639655e-01  6.907057e-06
 8.639655e-01  9.425078e-01  7.142432e-06
 9.425078e-01  1.021050e+00  7.455665e-06
 1.021050e+00  1.099592e+00  7.797634e-06
 1.099592e+00  1.178135e+00  8.143578e-06
 1.178135e+00  1.256677e+00  8.507429e-06
 1.256677e+00  1.335219e+00  9.193271e-06
 1.335219e+00  1.413762e+00  9.946876e-06
 1.413762e+00  1.492304e+00  1.048040e-05
 1.492304e+00  1.570846e+00  1.141062e-05
 1.570846e+00  1.649389e+00  1.237216e-05
 1.649389e+00  1.727931e+00  1.370909e-05
 1.727931e+00  1.806473e+00  1.476120e-05
 1.806473e+00  1.885016e+00  1.637492e-05
 1.885016e+00  1.963558e+00  1.832299e-05
 1.963558e+00  2.042100e+00  2.049292e-05
 2.042100e+00  2.120643e+00  2.309740e-05
 2.120643e+00  2.199185e+00  2.652729e-05
 2.199185e+00  2.277727e+00  3.065640e-05
 2.277727e+00  2.356269e+00  3.623994e-05
 2.356269e+00  2.434812e+00  4.311286e-05
 2.434812e+00  2.513354e+00  5.226203e-05
 2.513354e+00  2.591896e+00  6.472146e-05
 2.591896e+00  2.670439e+00  8.257079e-05
 2.670439e+00  2.748981e+00  1.083788e-04
 2.748981e+00  2.827523e+00  1.507496e-04
 2.827523e+00  2.906066e+00  2.241592e-04
 2.906066e+00  2.984608e+00  3.759092e-04
 2.984608e+00  3.063150e+00  8.123843e-04
 3.063150e+00  3.141693e+00 -4.579486e-04
