 0.000000e+00  5.000000e-01 -3.609081e-05
 5.000000e-01  1.000000e+00  5.432550e-04
 1.000000e+00  1.500000e+00  2.487618e-04
 1.500000e+00  2.000000e+00  1.466184e-04
 2.000000e+00  2.500000e+00  9.669208e-05
 2.500000e+00  3.000000e+00  6.757351e-05
 3.000000e+00  3.500000e+00  4.912839e-05
 3.500000e+00  4.000000e+00  3.696131e-05
 4.000000e+00  4.500000e+00  2.817687e-05
 4.500000e+00  5.000000e+00  2.161424e-05
 5.000000e+00  5.500000e+00  1.683419e-05
 5.500000e+00  6.000000e+00  1.314530e-05
 6.000000e+00  6.500000e+00  1.038087e-05
 6.500000e+00  7.000000e+00  8.202438e-06
 7.000000e+00  7.500000e+00  6.529592e-06
 7.500000e+00  8.000000e+00  5.169400e-06
 8.000000e+00  8.500000e+00  4.075174e-06
 8.500000e+00  9.000000e+00  3.236920e-06
 9.000000e+00  9.500000e+00  2.594888e-06
 9.500000e+00  1.000000e+01  2.050616e-06
 1.000000e+01  1.050000e+01  1.643828e-06
 1.050000e+01  1.100000e+01  1.320600e-06
 1.100000e+01  1.150000e+01  1.049612e-06
 1.150000e+01  1.200000e+01  8.259711e-07
 1.200000e+01  1.250000e+01  6.510674e-07
 1.250000e+01  1.300000e+01  5.303383e-07
 1.300000e+01  1.350000e+01  4.110183e-07
 1.350000e+01  1.400000e+01  3.253548e-07
 1.400000e+01  1.450000e+01  2.523102e-07
 1.450000e+01  1.500000e+01  2.056218e-07
 1.500000e+01  1.550000e+01  1.611070e-07
 1.550000e+01  1.600000e+01  1.264328e-07
 1.600000e+01  1.650000e+01  9.761153e-08
 1.650000e+01  1.700000e+01  7.663192e-08
 1.700000e+01  1.750000e+01  6.247277e-08
 1.750000e+01  1.800000e+01  4.867594e-08
 1.800000e+01  1.850000e+01  3.678540e-08
 1.850000e+01  1.900000e+01  2.851966e-08
 1.900000e+01  1.950000e+01  2.222640e-08
 1.950000e+01  2.000000e+01  1.660658e-08
