 0.000000e+00  2.500000e-01  0.000000e+00
 2.500000e-01  5.000000e-01  0.000000e+00
 5.000000e-01  7.500000e-01  0.000000e+00
 7.500000e-01  1.000000e+00  0.000000e+00
 1.000000e+00  1.250000e+00  0.000000e+00
 1.250000e+00  1.500000e+00  0.000000e+00
 1.500000e+00  1.750000e+00  0.000000e+00
 1.750000e+00  2.000000e+00  0.000000e+00
 2.000000e+00  2.250000e+00  0.000000e+00
 2.250000e+00  2.500000e+00  0.000000e+00
 2.500000e+00  2.750000e+00  0.000000e+00
 2.750000e+00  3.000000e+00  0.000000e+00
 3.000000e+00  3.250000e+00  3.703518e-04
 3.250000e+00  3.500000e+00  1.460553e-03
 3.500000e+00  3.750000e+00  8.293389e-04
 3.750000e+00  4.000000e+00  3.157734e-04
 4.000000e+00  4.250000e+00  1.577061e-04
 4.250000e+00  4.500000e+00  8.710759e-05
 4.500000e+00  4.750000e+00  5.128106e-05
 4.750000e+00  5.000000e+00  3.273048e-05
 5.000000e+00  5.250000e+00  2.175430e-05
 5.250000e+00  5.500000e+00  1.562939e-05
 5.500000e+00  5.750000e+00  1.116936e-05
 5.750000e+00  6.000000e+00  8.306513e-06
 6.000000e+00  6.250000e+00  6.444609e-06
 6.250000e+00  6.500000e+00  4.750737e-06
 6.500000e+00  6.750000e+00  3.895375e-06
 6.750000e+00  7.000000e+00  2.769096e-06
 7.000000e+00  7.250000e+00  2.148939e-06
 7.250000e+00  7.500000e+00  1.530950e-06
 7.500000e+00  7.750000e+00  1.373381e-06
 7.750000e+00  8.000000e+00  9.423585e-07
 8.000000e+00  8.250000e+00  8.715153e-07
 8.250000e+00  8.500000e+00  5.986153e-07
 8.500000e+00  8.750000e+00  3.960754e-07
 8.750000e+00  9.000000e+00  3.623332e-07
 9.000000e+00  9.250000e+00  2.584248e-07
 9.250000e+00  9.500000e+00  2.030485e-07
 9.500000e+00  9.750000e+00  1.509645e-07
 9.750000e+00  1.000000e+01  1.186861e-07
