 0.000000e+00  5.000000e-01 -2.082007e-03
 5.000000e-01  1.000000e+00  2.114746e-03
 1.000000e+00  1.500000e+00  1.024155e-03
 1.500000e+00  2.000000e+00  6.321242e-04
 2.000000e+00  2.500000e+00  4.360077e-04
 2.500000e+00  3.000000e+00  3.211072e-04
 3.000000e+00  3.500000e+00  2.436616e-04
 3.500000e+00  4.000000e+00  1.916451e-04
 4.000000e+00  4.500000e+00  1.524385e-04
 4.500000e+00  5.000000e+00  1.227366e-04
 5.000000e+00  5.500000e+00  1.007784e-04
 5.500000e+00  6.000000e+00  8.294205e-05
 6.000000e+00  6.500000e+00  6.955023e-05
 6.500000e+00  7.000000e+00  5.802522e-05
 7.000000e+00  7.500000e+00  4.850390e-05
 7.500000e+00  8.000000e+00  4.048304e-05
 8.000000e+00  8.500000e+00  3.434602e-05
 8.500000e+00  9.000000e+00  2.937421e-05
 9.000000e+00  9.500000e+00  2.502354e-05
 9.500000e+00  1.000000e+01  2.150484e-05
 1.000000e+01  1.050000e+01  1.837144e-05
 1.050000e+01  1.100000e+01  1.588599e-05
 1.100000e+01  1.150000e+01  1.355300e-05
 1.150000e+01  1.200000e+01  1.178485e-05
 1.200000e+01  1.250000e+01  1.012061e-05
 1.250000e+01  1.300000e+01  8.782463e-06
 1.300000e+01  1.350000e+01  7.571730e-06
 1.350000e+01  1.400000e+01  6.601517e-06
 1.400000e+01  1.450000e+01  5.748014e-06
 1.450000e+01  1.500000e+01  5.031270e-06
 1.500000e+01  1.550000e+01  4.473883e-06
 1.550000e+01  1.600000e+01  3.843295e-06
 1.600000e+01  1.650000e+01  3.408221e-06
 1.650000e+01  1.700000e+01  2.969951e-06
 1.700000e+01  1.750000e+01  2.634348e-06
 1.750000e+01  1.800000e+01  2.312750e-06
 1.800000e+01  1.850000e+01  2.034482e-06
 1.850000e+01  1.900000e+01  1.818050e-06
 1.900000e+01  1.950000e+01  1.582342e-06
 1.950000e+01  2.000000e+01  1.419223e-06
