 0.000000e+00  7.854232e-02  4.300801e-04
 7.854232e-02  1.570846e-01  4.278694e-04
 1.570846e-01  2.356269e-01  4.356536e-04
 2.356269e-01  3.141693e-01  4.399148e-04
 3.141693e-01  3.927116e-01  4.425421e-04
 3.927116e-01  4.712539e-01  4.445180e-04
 4.712539e-01  5.497962e-01  4.549525e-04
 5.497962e-01  6.283385e-01  4.692605e-04
 6.283385e-01  7.068808e-01  4.880179e-04
 7.068808e-01  7.854232e-01  4.992928e-04
 7.854232e-01  8.639655e-01  5.143248e-04
 8.639655e-01  9.425078e-01  5.341711e-04
 9.425078e-01  1.021050e+00  5.585523e-04
 1.021050e+00  1.099592e+00  5.793288e-04
 1.099592e+00  1.178135e+00  6.167867e-04
 1.178135e+00  1.256677e+00  6.381205e-04
 1.256677e+00  1.335219e+00  6.789098e-04
 1.335219e+00  1.413762e+00  7.278490e-04
 1.413762e+00  1.492304e+00  7.743762e-04
 1.492304e+00  1.570846e+00  8.208078e-04
 1.570846e+00  1.649389e+00  9.000832e-04
 1.649389e+00  1.727931e+00  9.722321e-04
 1.727931e+00  1.806473e+00  1.062249e-03
 1.806473e+00  1.885016e+00  1.179220e-03
 1.885016e+00  1.963558e+00  1.298609e-03
 1.963558e+00  2.042100e+00  1.445147e-03
 2.042100e+00  2.120643e+00  1.632133e-03
 2.120643e+00  2.199185e+00  1.864923e-03
 2.199185e+00  2.277727e+00  2.130000e-03
 2.277727e+00  2.356269e+00  2.493829e-03
 2.356269e+00  2.434812e+00  2.930043e-03
 2.434812e+00  2.513354e+00  3.541940e-03
 2.513354e+00  2.591896e+00  4.345234e-03
 2.591896e+00  2.670439e+00  5.424729e-03
 2.670439e+00  2.748981e+00  7.091925e-03
 2.748981e+00  2.827523e+00  9.674082e-03
 2.827523e+00  2.906066e+00  1.414963e-02
 2.906066e+00  2.984608e+00  2.322826e-02
 2.984608e+00  3.063150e+00  4.873088e-02
 3.063150e+00  3.141693e+00 -6.779774e-02
