 0.000000e+00  2.500000e-01  0.000000e+00
 2.500000e-01  5.000000e-01  0.000000e+00
 5.000000e-01  7.500000e-01  0.000000e+00
 7.500000e-01  1.000000e+00  0.000000e+00
 1.000000e+00  1.250000e+00  0.000000e+00
 1.250000e+00  1.500000e+00  0.000000e+00
 1.500000e+00  1.750000e+00  0.000000e+00
 1.750000e+00  2.000000e+00  0.000000e+00
 2.000000e+00  2.250000e+00  0.000000e+00
 2.250000e+00  2.500000e+00  0.000000e+00
 2.500000e+00  2.750000e+00  0.000000e+00
 2.750000e+00  3.000000e+00  0.000000e+00
 3.000000e+00  3.250000e+00  7.583851e-03
 3.250000e+00  3.500000e+00  5.301656e-02
 3.500000e+00  3.750000e+00  5.111236e-02
 3.750000e+00  4.000000e+00  2.188316e-02
 4.000000e+00  4.250000e+00  1.267250e-02
 4.250000e+00  4.500000e+00  7.866965e-03
 4.500000e+00  4.750000e+00  4.953560e-03
 4.750000e+00  5.000000e+00  3.195111e-03
 5.000000e+00  5.250000e+00  2.068196e-03
 5.250000e+00  5.500000e+00  1.389663e-03
 5.500000e+00  5.750000e+00  9.310259e-04
 5.750000e+00  6.000000e+00  6.621275e-04
 6.000000e+00  6.250000e+00  4.974252e-04
 6.250000e+00  6.500000e+00  3.838056e-04
 6.500000e+00  6.750000e+00  2.832882e-04
 6.750000e+00  7.000000e+00  2.212482e-04
 7.000000e+00  7.250000e+00  1.774217e-04
 7.250000e+00  7.500000e+00  1.483792e-04
 7.500000e+00  7.750000e+00  1.150343e-04
 7.750000e+00  8.000000e+00  9.474016e-05
 8.000000e+00  8.250000e+00  6.819618e-05
 8.250000e+00  8.500000e+00  5.781055e-05
 8.500000e+00  8.750000e+00  3.478423e-05
 8.750000e+00  9.000000e+00  3.708182e-05
 9.000000e+00  9.250000e+00  2.929045e-05
 9.250000e+00  9.500000e+00  2.051059e-05
 9.500000e+00  9.750000e+00  1.862068e-05
 9.750000e+00  1.000000e+01  1.392225e-05
