 0.000000e+00  5.000000e-01 -1.867002e-01
 5.000000e-01  1.000000e+00  1.890155e-01
 1.000000e+00  1.500000e+00  9.039490e-02
 1.500000e+00  2.000000e+00  5.343102e-02
 2.000000e+00  2.500000e+00  3.522735e-02
 2.500000e+00  3.000000e+00  2.482859e-02
 3.000000e+00  3.500000e+00  1.795810e-02
 3.500000e+00  4.000000e+00  1.349084e-02
 4.000000e+00  4.500000e+00  1.017563e-02
 4.500000e+00  5.000000e+00  7.839641e-03
 5.000000e+00  5.500000e+00  6.136770e-03
 5.500000e+00  6.000000e+00  4.846480e-03
 6.000000e+00  6.500000e+00  3.839289e-03
 6.500000e+00  7.000000e+00  3.062893e-03
 7.000000e+00  7.500000e+00  2.478641e-03
 7.500000e+00  8.000000e+00  2.061779e-03
 8.000000e+00  8.500000e+00  1.702777e-03
 8.500000e+00  9.000000e+00  1.373178e-03
 9.000000e+00  9.500000e+00  1.140591e-03
 9.500000e+00  1.000000e+01  9.618265e-04
 1.000000e+01  1.050000e+01  7.859731e-04
 1.050000e+01  1.100000e+01  6.771535e-04
 1.100000e+01  1.150000e+01  5.710026e-04
 1.150000e+01  1.200000e+01  4.811251e-04
 1.200000e+01  1.250000e+01  4.557107e-04
 1.250000e+01  1.300000e+01  3.593763e-04
 1.300000e+01  1.350000e+01  3.047604e-04
 1.350000e+01  1.400000e+01  2.611009e-04
 1.400000e+01  1.450000e+01  2.255554e-04
 1.450000e+01  1.500000e+01  1.991890e-04
 1.500000e+01  1.550000e+01  1.705987e-04
 1.550000e+01  1.600000e+01  1.542200e-04
 1.600000e+01  1.650000e+01  1.301826e-04
 1.650000e+01  1.700000e+01  1.088620e-04
 1.700000e+01  1.750000e+01  1.133749e-04
 1.750000e+01  1.800000e+01  8.781004e-05
 1.800000e+01  1.850000e+01  7.892103e-05
 1.850000e+01  1.900000e+01  6.832952e-05
 1.900000e+01  1.950000e+01  5.906379e-05
 1.950000e+01  2.000000e+01  5.213880e-05
