 0.000000e+00  5.000000e-01 -2.135145e-02
 5.000000e-01  1.000000e+00  5.396391e-02
 1.000000e+00  1.500000e+00  2.363055e-02
 1.500000e+00  2.000000e+00  1.316122e-02
 2.000000e+00  2.500000e+00  8.028554e-03
 2.500000e+00  3.000000e+00  5.162398e-03
 3.000000e+00  3.500000e+00  3.396023e-03
 3.500000e+00  4.000000e+00  2.306972e-03
 4.000000e+00  4.500000e+00  1.615466e-03
 4.500000e+00  5.000000e+00  1.118895e-03
 5.000000e+00  5.500000e+00  7.935209e-04
 5.500000e+00  6.000000e+00  5.687515e-04
 6.000000e+00  6.500000e+00  4.215745e-04
 6.500000e+00  7.000000e+00  3.149585e-04
 7.000000e+00  7.500000e+00  2.352009e-04
 7.500000e+00  8.000000e+00  1.757563e-04
 8.000000e+00  8.500000e+00  1.350220e-04
 8.500000e+00  9.000000e+00  1.044920e-04
 9.000000e+00  9.500000e+00  8.019696e-05
 9.500000e+00  1.000000e+01  6.306104e-05
 1.000000e+01  1.050000e+01  4.885369e-05
 1.050000e+01  1.100000e+01  4.144921e-05
 1.100000e+01  1.150000e+01  3.143014e-05
 1.150000e+01  1.200000e+01  2.586144e-05
 1.200000e+01  1.250000e+01  1.972476e-05
 1.250000e+01  1.300000e+01  1.823881e-05
 1.300000e+01  1.350000e+01  1.291723e-05
 1.350000e+01  1.400000e+01  1.039384e-05
 1.400000e+01  1.450000e+01  8.523317e-06
 1.450000e+01  1.500000e+01  7.354316e-06
 1.500000e+01  1.550000e+01  5.703745e-06
 1.550000e+01  1.600000e+01  4.680051e-06
 1.600000e+01  1.650000e+01  3.911171e-06
 1.650000e+01  1.700000e+01  3.153376e-06
 1.700000e+01  1.750000e+01  2.603464e-06
 1.750000e+01  1.800000e+01  2.143135e-06
 1.800000e+01  1.850000e+01  1.799233e-06
 1.850000e+01  1.900000e+01  1.476735e-06
 1.900000e+01  1.950000e+01  1.238071e-06
 1.950000e+01  2.000000e+01  1.059133e-06
