 0.000000e+00  7.854232e-02  1.302553e-03
 7.854232e-02  1.570846e-01  1.288632e-03
 1.570846e-01  2.356269e-01  1.290841e-03
 2.356269e-01  3.141693e-01  1.325125e-03
 3.141693e-01  3.927116e-01  1.334073e-03
 3.927116e-01  4.712539e-01  1.361789e-03
 4.712539e-01  5.497962e-01  1.390233e-03
 5.497962e-01  6.283385e-01  1.410473e-03
 6.283385e-01  7.068808e-01  1.444472e-03
 7.068808e-01  7.854232e-01  1.485143e-03
 7.854232e-01  8.639655e-01  1.551531e-03
 8.639655e-01  9.425078e-01  1.579635e-03
 9.425078e-01  1.021050e+00  1.638903e-03
 1.021050e+00  1.099592e+00  1.715730e-03
 1.099592e+00  1.178135e+00  1.797613e-03
 1.178135e+00  1.256677e+00  1.944441e-03
 1.256677e+00  1.335219e+00  2.011315e-03
 1.335219e+00  1.413762e+00  2.109675e-03
 1.413762e+00  1.492304e+00  2.237012e-03
 1.492304e+00  1.570846e+00  2.408637e-03
 1.570846e+00  1.649389e+00  2.645606e-03
 1.649389e+00  1.727931e+00  2.826702e-03
 1.727931e+00  1.806473e+00  3.058829e-03
 1.806473e+00  1.885016e+00  3.378800e-03
 1.885016e+00  1.963558e+00  3.713615e-03
 1.963558e+00  2.042100e+00  4.110170e-03
 2.042100e+00  2.120643e+00  4.586576e-03
 2.120643e+00  2.199185e+00  5.232621e-03
 2.199185e+00  2.277727e+00  5.993193e-03
 2.277727e+00  2.356269e+00  6.884171e-03
 2.356269e+00  2.434812e+00  8.056549e-03
 2.434812e+00  2.513354e+00  9.549205e-03
 2.513354e+00  2.591896e+00  1.171055e-02
 2.591896e+00  2.670439e+00  1.462703e-02
 2.670439e+00  2.748981e+00  1.888947e-02
 2.748981e+00  2.827523e+00  2.549223e-02
 2.827523e+00  2.906066e+00  3.680445e-02
 2.906066e+00  2.984608e+00  5.890902e-02
 2.984608e+00  3.063150e+00  1.204533e-01
 3.063150e+00  3.141693e+00 -2.152003e-01
