 0.000000e+00  2.500000e-01  9.439737e-05
 2.500000e-01  5.000000e-01  2.809899e-04
 5.000000e-01  7.500000e-01  4.818464e-04
 7.500000e-01  1.000000e+00  7.019919e-04
 1.000000e+00  1.250000e+00  9.616352e-04
 1.250000e+00  1.500000e+00  1.288056e-03
 1.500000e+00  1.750000e+00  1.694644e-03
 1.750000e+00  2.000000e+00  2.284582e-03
 2.000000e+00  2.250000e+00  3.232019e-03
 2.250000e+00  2.500000e+00  4.914555e-03
 2.500000e+00  2.750000e+00  8.650234e-03
 2.750000e+00  3.000000e+00  2.123625e-02
 3.000000e+00  3.250000e+00  8.670595e-03
 3.250000e+00  3.500000e+00  6.194940e-04
 3.500000e+00  3.750000e+00  1.028829e-02
 3.750000e+00  4.000000e+00  3.259057e-03
 4.000000e+00  4.250000e+00  1.937610e-03
 4.250000e+00  4.500000e+00  1.402139e-03
 4.500000e+00  4.750000e+00  1.074855e-03
 4.750000e+00  5.000000e+00  8.889708e-04
 5.000000e+00  5.250000e+00  7.389659e-04
 5.250000e+00  5.500000e+00  5.627560e-04
 5.500000e+00  5.750000e+00  4.442560e-04
 5.750000e+00  6.000000e+00  3.693662e-04
 6.000000e+00  6.250000e+00  2.891332e-04
 6.250000e+00  6.500000e+00  2.134359e-04
 6.500000e+00  6.750000e+00  1.691080e-04
 6.750000e+00  7.000000e+00  1.499068e-04
 7.000000e+00  7.250000e+00  1.115378e-04
 7.250000e+00  7.500000e+00  7.189828e-05
 7.500000e+00  7.750000e+00  5.991043e-05
 7.750000e+00  8.000000e+00  3.962960e-05
 8.000000e+00  8.250000e+00  2.936373e-05
 8.250000e+00  8.500000e+00  3.093032e-05
 8.500000e+00  8.750000e+00  9.599531e-06
 8.750000e+00  9.000000e+00  1.030618e-05
 9.000000e+00  9.250000e+00  8.262013e-06
 9.250000e+00  9.500000e+00  1.423760e-06
 9.500000e+00  9.750000e+00  1.510213e-06
 9.750000e+00  1.000000e+01  2.873631e-06
