 0.000000e+00  2.500000e-01  0.000000e+00
 2.500000e-01  5.000000e-01  0.000000e+00
 5.000000e-01  7.500000e-01  0.000000e+00
 7.500000e-01  1.000000e+00  0.000000e+00
 1.000000e+00  1.250000e+00  0.000000e+00
 1.250000e+00  1.500000e+00  0.000000e+00
 1.500000e+00  1.750000e+00  0.000000e+00
 1.750000e+00  2.000000e+00  0.000000e+00
 2.000000e+00  2.250000e+00  0.000000e+00
 2.250000e+00  2.500000e+00  0.000000e+00
 2.500000e+00  2.750000e+00  0.000000e+00
 2.750000e+00  3.000000e+00  0.000000e+00
 3.000000e+00  3.250000e+00  2.527320e-04
 3.250000e+00  3.500000e+00  9.484648e-04
 3.500000e+00  3.750000e+00  5.518067e-04
 3.750000e+00  4.000000e+00  2.112218e-04
 4.000000e+00  4.250000e+00  1.055475e-04
 4.250000e+00  4.500000e+00  5.894215e-05
 4.500000e+00  4.750000e+00  3.573176e-05
 4.750000e+00  5.000000e+00  2.348433e-05
 5.000000e+00  5.250000e+00  1.587229e-05
 5.250000e+00  5.500000e+00  1.150560e-05
 5.500000e+00  5.750000e+00  8.512105e-06
 5.750000e+00  6.000000e+00  6.076523e-06
 6.000000e+00  6.250000e+00  4.561375e-06
 6.250000e+00  6.500000e+00  3.564661e-06
 6.500000e+00  6.750000e+00  2.627614e-06
 6.750000e+00  7.000000e+00  1.916731e-06
 7.000000e+00  7.250000e+00  1.443044e-06
 7.250000e+00  7.500000e+00  1.253466e-06
 7.500000e+00  7.750000e+00  8.269809e-07
 7.750000e+00  8.000000e+00  6.563029e-07
 8.000000e+00  8.250000e+00  4.956933e-07
 8.250000e+00  8.500000e+00  3.508204e-07
 8.500000e+00  8.750000e+00  2.778284e-07
 8.750000e+00  9.000000e+00  2.387662e-07
 9.000000e+00  9.250000e+00  1.917163e-07
 9.250000e+00  9.500000e+00  1.264914e-07
 9.500000e+00  9.750000e+00  1.026946e-07
 9.750000e+00  1.000000e+01  7.960077e-08
