 0.000000e+00  2.500000e-01  2.573108e-06
 2.500000e-01  5.000000e-01  7.798033e-06
 5.000000e-01  7.500000e-01  1.325129e-05
 7.500000e-01  1.000000e+00  1.901797e-05
 1.000000e+00  1.250000e+00  2.584778e-05
 1.250000e+00  1.500000e+00  3.358294e-05
 1.500000e+00  1.750000e+00  4.387731e-05
 1.750000e+00  2.000000e+00  5.931731e-05
 2.000000e+00  2.250000e+00  8.457940e-05
 2.250000e+00  2.500000e+00  1.305691e-04
 2.500000e+00  2.750000e+00  2.329117e-04
 2.750000e+00  3.000000e+00  5.985429e-04
 3.000000e+00  3.250000e+00  3.936850e-04
 3.250000e+00  3.500000e+00  2.452520e-04
 3.500000e+00  3.750000e+00  2.703870e-04
 3.750000e+00  4.000000e+00  9.942951e-05
 4.000000e+00  4.250000e+00  5.930711e-05
 4.250000e+00  4.500000e+00  3.722537e-05
 4.500000e+00  4.750000e+00  2.682786e-05
 4.750000e+00  5.000000e+00  1.991853e-05
 5.000000e+00  5.250000e+00  1.421949e-05
 5.250000e+00  5.500000e+00  1.104402e-05
 5.500000e+00  5.750000e+00  8.103811e-06
 5.750000e+00  6.000000e+00  5.955986e-06
 6.000000e+00  6.250000e+00  4.864090e-06
 6.250000e+00  6.500000e+00  3.269371e-06
 6.500000e+00  6.750000e+00  2.586373e-06
 6.750000e+00  7.000000e+00  1.679856e-06
 7.000000e+00  7.250000e+00  1.760509e-06
 7.250000e+00  7.500000e+00  8.915048e-07
 7.500000e+00  7.750000e+00  7.295628e-07
 7.750000e+00  8.000000e+00  5.310361e-07
 8.000000e+00  8.250000e+00  3.760594e-07
 8.250000e+00  8.500000e+00  3.744024e-07
 8.500000e+00  8.750000e+00  1.016791e-07
 8.750000e+00  9.000000e+00  1.857308e-08
 9.000000e+00  9.250000e+00  1.126965e-07
 9.250000e+00  9.500000e+00 -2.622548e-08
 9.500000e+00  9.750000e+00  1.058764e-07
 9.750000e+00  1.000000e+01  2.022059e-08
