 0.000000e+00  2.500000e-01  4.392288e-06
 2.500000e-01  5.000000e-01  1.310861e-05
 5.000000e-01  7.500000e-01  2.228632e-05
 7.500000e-01  1.000000e+00  3.195794e-05
 1.000000e+00  1.250000e+00  4.229294e-05
 1.250000e+00  1.500000e+00  5.614542e-05
 1.500000e+00  1.750000e+00  7.354762e-05
 1.750000e+00  2.000000e+00  9.798423e-05
 2.000000e+00  2.250000e+00  1.391539e-04
 2.250000e+00  2.500000e+00  2.113337e-04
 2.500000e+00  2.750000e+00  3.699476e-04
 2.750000e+00  3.000000e+00  9.339245e-04
 3.000000e+00  3.250000e+00  5.390814e-04
 3.250000e+00  3.500000e+00  2.821892e-04
 3.500000e+00  3.750000e+00  3.677643e-04
 3.750000e+00  4.000000e+00  1.309080e-04
 4.000000e+00  4.250000e+00  7.337609e-05
 4.250000e+00  4.500000e+00  5.064643e-05
 4.500000e+00  4.750000e+00  3.544466e-05
 4.750000e+00  5.000000e+00  2.464700e-05
 5.000000e+00  5.250000e+00  2.015392e-05
 5.250000e+00  5.500000e+00  1.309842e-05
 5.500000e+00  5.750000e+00  1.104797e-05
 5.750000e+00  6.000000e+00  9.021759e-06
 6.000000e+00  6.250000e+00  6.684345e-06
 6.250000e+00  6.500000e+00  4.106802e-06
 6.500000e+00  6.750000e+00  4.318758e-06
 6.750000e+00  7.000000e+00  1.859487e-06
 7.000000e+00  7.250000e+00  1.952546e-06
 7.250000e+00  7.500000e+00  1.525561e-06
 7.500000e+00  7.750000e+00  9.126280e-07
 7.750000e+00  8.000000e+00  8.305195e-07
 8.000000e+00  8.250000e+00  4.738718e-07
 8.250000e+00  8.500000e+00  4.927045e-07
 8.500000e+00  8.750000e+00  3.848396e-07
 8.750000e+00  9.000000e+00  3.483207e-07
 9.000000e+00  9.250000e+00  1.484188e-07
 9.250000e+00  9.500000e+00  5.174647e-08
 9.500000e+00  9.750000e+00  6.688154e-09
 9.750000e+00  1.000000e+01  5.336214e-08
