 0.000000e+00  2.500000e-01  2.475338e-04
 2.500000e-01  5.000000e-01  7.499830e-04
 5.000000e-01  7.500000e-01  1.274672e-03
 7.500000e-01  1.000000e+00  1.805734e-03
 1.000000e+00  1.250000e+00  2.474145e-03
 1.250000e+00  1.500000e+00  3.218709e-03
 1.500000e+00  1.750000e+00  4.204303e-03
 1.750000e+00  2.000000e+00  5.558377e-03
 2.000000e+00  2.250000e+00  7.526582e-03
 2.250000e+00  2.500000e+00  1.095994e-02
 2.500000e+00  2.750000e+00  1.774835e-02
 2.750000e+00  3.000000e+00  3.835154e-02
 3.000000e+00  3.250000e+00  1.392765e-02
 3.250000e+00  3.500000e+00 -8.883688e-03
 3.500000e+00  3.750000e+00  1.093424e-02
 3.750000e+00  4.000000e+00  3.435545e-03
 4.000000e+00  4.250000e+00  1.450224e-03
 4.250000e+00  4.500000e+00  1.501572e-03
 4.500000e+00  4.750000e+00  1.294700e-03
 4.750000e+00  5.000000e+00  9.790570e-04
 5.000000e+00  5.250000e+00  9.769529e-04
 5.250000e+00  5.500000e+00  7.131922e-04
 5.500000e+00  5.750000e+00  6.851489e-04
 5.750000e+00  6.000000e+00  5.149140e-04
 6.000000e+00  6.250000e+00  4.181468e-04
 6.250000e+00  6.500000e+00  3.902847e-04
 6.500000e+00  6.750000e+00  3.002505e-04
 6.750000e+00  7.000000e+00  2.210906e-04
 7.000000e+00  7.250000e+00  1.204654e-04
 7.250000e+00  7.500000e+00  1.661845e-04
 7.500000e+00  7.750000e+00  1.632415e-04
 7.750000e+00  8.000000e+00  3.860155e-05
 8.000000e+00  8.250000e+00  4.937354e-05
 8.250000e+00  8.500000e+00  3.870189e-05
 8.500000e+00  8.750000e+00  2.933729e-05
 8.750000e+00  9.000000e+00  3.250058e-05
 9.000000e+00  9.250000e+00  2.532269e-05
 9.250000e+00  9.500000e+00  7.939837e-06
 9.500000e+00  9.750000e+00  9.804543e-06
 9.750000e+00  1.000000e+01  4.162943e-06
