 0.000000e+00  2.500000e-01  0.000000e+00
 2.500000e-01  5.000000e-01  0.000000e+00
 5.000000e-01  7.500000e-01  0.000000e+00
 7.500000e-01  1.000000e+00  0.000000e+00
 1.000000e+00  1.250000e+00  0.000000e+00
 1.250000e+00  1.500000e+00  0.000000e+00
 1.500000e+00  1.750000e+00  0.000000e+00
 1.750000e+00  2.000000e+00  0.000000e+00
 2.000000e+00  2.250000e+00  0.000000e+00
 2.250000e+00  2.500000e+00  0.000000e+00
 2.500000e+00  2.750000e+00  0.000000e+00
 2.750000e+00  3.000000e+00  0.000000e+00
 3.000000e+00  3.250000e+00  4.698325e-03
 3.250000e+00  3.500000e+00  2.706266e-02
 3.500000e+00  3.750000e+00  4.135717e-02
 3.750000e+00  4.000000e+00  2.529425e-02
 4.000000e+00  4.250000e+00  1.713382e-02
 4.250000e+00  4.500000e+00  1.170988e-02
 4.500000e+00  4.750000e+00  7.952382e-03
 4.750000e+00  5.000000e+00  5.365013e-03
 5.000000e+00  5.250000e+00  3.648870e-03
 5.250000e+00  5.500000e+00  2.467735e-03
 5.500000e+00  5.750000e+00  1.706461e-03
 5.750000e+00  6.000000e+00  1.226127e-03
 6.000000e+00  6.250000e+00  9.172338e-04
 6.250000e+00  6.500000e+00  7.030500e-04
 6.500000e+00  6.750000e+00  5.343417e-04
 6.750000e+00  7.000000e+00  4.282175e-04
 7.000000e+00  7.250000e+00  3.283605e-04
 7.250000e+00  7.500000e+00  2.695226e-04
 7.500000e+00  7.750000e+00  2.186852e-04
 7.750000e+00  8.000000e+00  1.712791e-04
 8.000000e+00  8.250000e+00  1.433173e-04
 8.250000e+00  8.500000e+00  1.095118e-04
 8.500000e+00  8.750000e+00  8.138022e-05
 8.750000e+00  9.000000e+00  7.516674e-05
 9.000000e+00  9.250000e+00  5.155203e-05
 9.250000e+00  9.500000e+00  3.881101e-05
 9.500000e+00  9.750000e+00  3.041994e-05
 9.750000e+00  1.000000e+01  2.153764e-05
