 0.000000e+00  2.500000e-01  1.689729e-04
 2.500000e-01  5.000000e-01  5.027772e-04
 5.000000e-01  7.500000e-01  8.737455e-04
 7.500000e-01  1.000000e+00  1.264220e-03
 1.000000e+00  1.250000e+00  1.710456e-03
 1.250000e+00  1.500000e+00  2.217556e-03
 1.500000e+00  1.750000e+00  3.016338e-03
 1.750000e+00  2.000000e+00  3.830882e-03
 2.000000e+00  2.250000e+00  5.183059e-03
 2.250000e+00  2.500000e+00  7.573598e-03
 2.500000e+00  2.750000e+00  1.255589e-02
 2.750000e+00  3.000000e+00  2.761524e-02
 3.000000e+00  3.250000e+00  1.117911e-02
 3.250000e+00  3.500000e+00 -5.507928e-03
 3.500000e+00  3.750000e+00  8.860952e-03
 3.750000e+00  4.000000e+00  3.133638e-03
 4.000000e+00  4.250000e+00  2.508256e-03
 4.250000e+00  4.500000e+00  1.068019e-03
 4.500000e+00  4.750000e+00  1.261636e-03
 4.750000e+00  5.000000e+00  8.181957e-04
 5.000000e+00  5.250000e+00  7.760232e-04
 5.250000e+00  5.500000e+00  7.261535e-04
 5.500000e+00  5.750000e+00  6.084693e-04
 5.750000e+00  6.000000e+00  4.605256e-04
 6.000000e+00  6.250000e+00  4.080382e-04
 6.250000e+00  6.500000e+00  2.792587e-04
 6.500000e+00  6.750000e+00  2.433345e-04
 6.750000e+00  7.000000e+00  1.679732e-04
 7.000000e+00  7.250000e+00  1.414441e-04
 7.250000e+00  7.500000e+00  1.335891e-04
 7.500000e+00  7.750000e+00  7.157566e-05
 7.750000e+00  8.000000e+00  6.865615e-05
 8.000000e+00  8.250000e+00  6.894808e-05
 8.250000e+00  8.500000e+00  5.291206e-05
 8.500000e+00  8.750000e+00  1.809297e-05
 8.750000e+00  9.000000e+00  1.601360e-05
 9.000000e+00  9.250000e+00  1.123535e-05
 9.250000e+00  9.500000e+00  1.227556e-05
 9.500000e+00  9.750000e+00  4.663685e-06
 9.750000e+00  1.000000e+01  6.023947e-06
