 0.000000e+00  5.000000e-01 -5.466988e-02
 5.000000e-01  1.000000e+00  7.846233e-02
 1.000000e+00  1.500000e+00  3.569089e-02
 1.500000e+00  2.000000e+00  2.047548e-02
 2.000000e+00  2.500000e+00  1.284213e-02
 2.500000e+00  3.000000e+00  8.508613e-03
 3.000000e+00  3.500000e+00  5.835348e-03
 3.500000e+00  4.000000e+00  4.097291e-03
 4.000000e+00  4.500000e+00  2.968526e-03
 4.500000e+00  5.000000e+00  2.158521e-03
 5.000000e+00  5.500000e+00  1.593368e-03
 5.500000e+00  6.000000e+00  1.201004e-03
 6.000000e+00  6.500000e+00  9.180299e-04
 6.500000e+00  7.000000e+00  6.999510e-04
 7.000000e+00  7.500000e+00  5.429783e-04
 7.500000e+00  8.000000e+00  4.270923e-04
 8.000000e+00  8.500000e+00  3.405318e-04
 8.500000e+00  9.000000e+00  2.750348e-04
 9.000000e+00  9.500000e+00  2.165031e-04
 9.500000e+00  1.000000e+01  1.753852e-04
 1.000000e+01  1.050000e+01  1.456481e-04
 1.050000e+01  1.100000e+01  1.188821e-04
 1.100000e+01  1.150000e+01  9.826626e-05
 1.150000e+01  1.200000e+01  8.081178e-05
 1.200000e+01  1.250000e+01  6.668832e-05
 1.250000e+01  1.300000e+01  5.667029e-05
 1.300000e+01  1.350000e+01  4.758215e-05
 1.350000e+01  1.400000e+01  4.014194e-05
 1.400000e+01  1.450000e+01  3.394478e-05
 1.450000e+01  1.500000e+01  2.929006e-05
 1.500000e+01  1.550000e+01  2.448017e-05
 1.550000e+01  1.600000e+01  2.062940e-05
 1.600000e+01  1.650000e+01  1.803105e-05
 1.650000e+01  1.700000e+01  1.553457e-05
 1.700000e+01  1.750000e+01  1.333210e-05
 1.750000e+01  1.800000e+01  1.169528e-05
 1.800000e+01  1.850000e+01  9.893199e-06
 1.850000e+01  1.900000e+01  8.602415e-06
 1.900000e+01  1.950000e+01  7.442825e-06
 1.950000e+01  2.000000e+01  6.505153e-06
