 0.000000e+00  2.500000e-01  0.000000e+00
 2.500000e-01  5.000000e-01  0.000000e+00
 5.000000e-01  7.500000e-01  0.000000e+00
 7.500000e-01  1.000000e+00  0.000000e+00
 1.000000e+00  1.250000e+00  0.000000e+00
 1.250000e+00  1.500000e+00  0.000000e+00
 1.500000e+00  1.750000e+00  0.000000e+00
 1.750000e+00  2.000000e+00  0.000000e+00
 2.000000e+00  2.250000e+00  0.000000e+00
 2.250000e+00  2.500000e+00  0.000000e+00
 2.500000e+00  2.750000e+00  0.000000e+00
 2.750000e+00  3.000000e+00  0.000000e+00
 3.000000e+00  3.250000e+00  4.822657e-03
 3.250000e+00  3.500000e+00  2.499446e-02
 3.500000e+00  3.750000e+00  2.833355e-02
 3.750000e+00  4.000000e+00  1.476096e-02
 4.000000e+00  4.250000e+00  8.937977e-03
 4.250000e+00  4.500000e+00  5.592358e-03
 4.500000e+00  4.750000e+00  3.573363e-03
 4.750000e+00  5.000000e+00  2.315271e-03
 5.000000e+00  5.250000e+00  1.526266e-03
 5.250000e+00  5.500000e+00  1.026053e-03
 5.500000e+00  5.750000e+00  7.365945e-04
 5.750000e+00  6.000000e+00  5.401313e-04
 6.000000e+00  6.250000e+00  4.040725e-04
 6.250000e+00  6.500000e+00  3.092443e-04
 6.500000e+00  6.750000e+00  2.324383e-04
 6.750000e+00  7.000000e+00  1.865752e-04
 7.000000e+00  7.250000e+00  1.495418e-04
 7.250000e+00  7.500000e+00  1.187944e-04
 7.500000e+00  7.750000e+00  9.194983e-05
 7.750000e+00  8.000000e+00  7.624997e-05
 8.000000e+00  8.250000e+00  5.826204e-05
 8.250000e+00  8.500000e+00  4.721221e-05
 8.500000e+00  8.750000e+00  3.700972e-05
 8.750000e+00  9.000000e+00  2.857095e-05
 9.000000e+00  9.250000e+00  1.822530e-05
 9.250000e+00  9.500000e+00  1.766004e-05
 9.500000e+00  9.750000e+00  1.120252e-05
 9.750000e+00  1.000000e+01  9.121850e-06
