 0.000000e+00  2.500000e-01  0.000000e+00
 2.500000e-01  5.000000e-01  0.000000e+00
 5.000000e-01  7.500000e-01  0.000000e+00
 7.500000e-01  1.000000e+00  0.000000e+00
 1.000000e+00  1.250000e+00  0.000000e+00
 1.250000e+00  1.500000e+00  0.000000e+00
 1.500000e+00  1.750000e+00  0.000000e+00
 1.750000e+00  2.000000e+00  0.000000e+00
 2.000000e+00  2.250000e+00  0.000000e+00
 2.250000e+00  2.500000e+00  0.000000e+00
 2.500000e+00  2.750000e+00  0.000000e+00
 2.750000e+00  3.000000e+00  0.000000e+00
 3.000000e+00  3.250000e+00  4.568784e-06
 3.250000e+00  3.500000e+00  2.626708e-05
 3.500000e+00  3.750000e+00  9.347005e-06
 3.750000e+00  4.000000e+00  1.393167e-06
 4.000000e+00  4.250000e+00  3.842734e-07
 4.250000e+00  4.500000e+00  1.416231e-07
 4.500000e+00  4.750000e+00  5.727203e-08
 4.750000e+00  5.000000e+00  2.624086e-08
 5.000000e+00  5.250000e+00  1.327945e-08
 5.250000e+00  5.500000e+00  7.346949e-09
 5.500000e+00  5.750000e+00  3.591860e-09
 5.750000e+00  6.000000e+00  1.804127e-09
 6.000000e+00  6.250000e+00  8.559326e-10
 6.250000e+00  6.500000e+00  5.714289e-10
 6.500000e+00  6.750000e+00  2.896321e-10
 6.750000e+00  7.000000e+00  2.080195e-10
 7.000000e+00  7.250000e+00  9.305527e-11
 7.250000e+00  7.500000e+00  5.307639e-11
 7.500000e+00  7.750000e+00  3.975684e-11
 7.750000e+00  8.000000e+00  1.630645e-11
 8.000000e+00  8.250000e+00  1.163073e-11
 8.250000e+00  8.500000e+00  4.821018e-12
 8.500000e+00  8.750000e+00  3.344753e-12
 8.750000e+00  9.000000e+00  3.185774e-12
 9.000000e+00  9.250000e+00  6.007917e-13
 9.250000e+00  9.500000e+00  7.135241e-13
 9.500000e+00  9.750000e+00  4.781524e-13
 9.750000e+00  1.000000e+01  1.714974e-13
