 0.000000e+00  5.000000e-01  3.178096e-06
 5.000000e-01  1.000000e+00  2.179416e-05
 1.000000e+00  1.500000e+00  1.082410e-05
 1.500000e+00  2.000000e+00  6.533626e-06
 2.000000e+00  2.500000e+00  4.408556e-06
 2.500000e+00  3.000000e+00  3.048871e-06
 3.000000e+00  3.500000e+00  2.169030e-06
 3.500000e+00  4.000000e+00  1.647329e-06
 4.000000e+00  4.500000e+00  1.279759e-06
 4.500000e+00  5.000000e+00  9.332822e-07
 5.000000e+00  5.500000e+00  7.431963e-07
 5.500000e+00  6.000000e+00  5.578595e-07
 6.000000e+00  6.500000e+00  4.566518e-07
 6.500000e+00  7.000000e+00  3.346417e-07
 7.000000e+00  7.500000e+00  2.570272e-07
 7.500000e+00  8.000000e+00  2.006967e-07
 8.000000e+00  8.500000e+00  1.539919e-07
 8.500000e+00  9.000000e+00  1.231766e-07
 9.000000e+00  9.500000e+00  9.674747e-08
 9.500000e+00  1.000000e+01  7.328986e-08
 1.000000e+01  1.050000e+01  5.681084e-08
 1.050000e+01  1.100000e+01  4.683522e-08
 1.100000e+01  1.150000e+01  3.448466e-08
 1.150000e+01  1.200000e+01  2.547674e-08
 1.200000e+01  1.250000e+01  2.091464e-08
 1.250000e+01  1.300000e+01  1.597719e-08
 1.300000e+01  1.350000e+01  1.196552e-08
 1.350000e+01  1.400000e+01  9.532504e-09
 1.400000e+01  1.450000e+01  7.050040e-09
 1.450000e+01  1.500000e+01  5.620273e-09
 1.500000e+01  1.550000e+01  3.915446e-09
 1.550000e+01  1.600000e+01  3.189627e-09
 1.600000e+01  1.650000e+01  2.181757e-09
 1.650000e+01  1.700000e+01  1.793525e-09
 1.700000e+01  1.750000e+01  1.408933e-09
 1.750000e+01  1.800000e+01  1.013095e-09
 1.800000e+01  1.850000e+01  7.051123e-10
 1.850000e+01  1.900000e+01  4.898750e-10
 1.900000e+01  1.950000e+01  3.711596e-10
 1.950000e+01  2.000000e+01  2.847270e-10
