 0.000000e+00  5.000000e-01 -2.598900e-05
 5.000000e-01  1.000000e+00  4.954220e-05
 1.000000e+00  1.500000e+00  2.484423e-05
 1.500000e+00  2.000000e+00  1.538462e-05
 2.000000e+00  2.500000e+00  1.058540e-05
 2.500000e+00  3.000000e+00  7.608076e-06
 3.000000e+00  3.500000e+00  5.743987e-06
 3.500000e+00  4.000000e+00  4.408653e-06
 4.000000e+00  4.500000e+00  3.451410e-06
 4.500000e+00  5.000000e+00  2.743651e-06
 5.000000e+00  5.500000e+00  2.207117e-06
 5.500000e+00  6.000000e+00  1.768904e-06
 6.000000e+00  6.500000e+00  1.448845e-06
 6.500000e+00  7.000000e+00  1.198824e-06
 7.000000e+00  7.500000e+00  9.738226e-07
 7.500000e+00  8.000000e+00  8.080281e-07
 8.000000e+00  8.500000e+00  6.675734e-07
 8.500000e+00  9.000000e+00  5.525633e-07
 9.000000e+00  9.500000e+00  4.594340e-07
 9.500000e+00  1.000000e+01  3.818204e-07
 1.000000e+01  1.050000e+01  3.173953e-07
 1.050000e+01  1.100000e+01  2.641601e-07
 1.100000e+01  1.150000e+01  2.255008e-07
 1.150000e+01  1.200000e+01  1.828157e-07
 1.200000e+01  1.250000e+01  1.563298e-07
 1.250000e+01  1.300000e+01  1.330675e-07
 1.300000e+01  1.350000e+01  1.092124e-07
 1.350000e+01  1.400000e+01  9.410065e-08
 1.400000e+01  1.450000e+01  7.965613e-08
 1.450000e+01  1.500000e+01  6.590328e-08
 1.500000e+01  1.550000e+01  5.557843e-08
 1.550000e+01  1.600000e+01  4.723249e-08
 1.600000e+01  1.650000e+01  4.034063e-08
 1.650000e+01  1.700000e+01  3.542800e-08
 1.700000e+01  1.750000e+01  2.916754e-08
 1.750000e+01  1.800000e+01  2.417616e-08
 1.800000e+01  1.850000e+01  2.004161e-08
 1.850000e+01  1.900000e+01  1.709089e-08
 1.900000e+01  1.950000e+01  1.458510e-08
 1.950000e+01  2.000000e+01  1.240039e-08
