 0.000000e+00  2.500000e-01  0.000000e+00
 2.500000e-01  5.000000e-01  0.000000e+00
 5.000000e-01  7.500000e-01  0.000000e+00
 7.500000e-01  1.000000e+00  0.000000e+00
 1.000000e+00  1.250000e+00  0.000000e+00
 1.250000e+00  1.500000e+00  0.000000e+00
 1.500000e+00  1.750000e+00  0.000000e+00
 1.750000e+00  2.000000e+00  0.000000e+00
 2.000000e+00  2.250000e+00  0.000000e+00
 2.250000e+00  2.500000e+00  0.000000e+00
 2.500000e+00  2.750000e+00  0.000000e+00
 2.750000e+00  3.000000e+00  0.000000e+00
 3.000000e+00  3.250000e+00  4.370465e-06
 3.250000e+00  3.500000e+00  2.400590e-05
 3.500000e+00  3.750000e+00  7.332607e-06
 3.750000e+00  4.000000e+00  1.052000e-06
 4.000000e+00  4.250000e+00  2.747666e-07
 4.250000e+00  4.500000e+00  9.131794e-08
 4.500000e+00  4.750000e+00  3.686882e-08
 4.750000e+00  5.000000e+00  1.677427e-08
 5.000000e+00  5.250000e+00  7.466002e-09
 5.250000e+00  5.500000e+00  4.428462e-09
 5.500000e+00  5.750000e+00  2.154953e-09
 5.750000e+00  6.000000e+00  1.041437e-09
 6.000000e+00  6.250000e+00  6.367653e-10
 6.250000e+00  6.500000e+00  4.150996e-10
 6.500000e+00  6.750000e+00  2.906674e-10
 6.750000e+00  7.000000e+00  1.430412e-10
 7.000000e+00  7.250000e+00  7.475598e-11
 7.250000e+00  7.500000e+00  2.757871e-11
 7.500000e+00  7.750000e+00  2.102073e-11
 7.750000e+00  8.000000e+00  1.137819e-11
 8.000000e+00  8.250000e+00  7.439444e-12
 8.250000e+00  8.500000e+00  3.613728e-12
 8.500000e+00  8.750000e+00  2.151652e-12
 8.750000e+00  9.000000e+00  8.204105e-13
 9.000000e+00  9.250000e+00  4.621314e-13
 9.250000e+00  9.500000e+00  3.613792e-13
 9.500000e+00  9.750000e+00  2.956020e-13
 9.750000e+00  1.000000e+01  9.198697e-14
