 0.000000e+00  2.500000e-01  3.349856e-08
 2.500000e-01  5.000000e-01  1.054138e-07
 5.000000e-01  7.500000e-01  1.930399e-07
 7.500000e-01  1.000000e+00  3.030030e-07
 1.000000e+00  1.250000e+00  4.518526e-07
 1.250000e+00  1.500000e+00  6.684316e-07
 1.500000e+00  1.750000e+00  9.722656e-07
 1.750000e+00  2.000000e+00  1.473038e-06
 2.000000e+00  2.250000e+00  2.373561e-06
 2.250000e+00  2.500000e+00  4.206383e-06
 2.500000e+00  2.750000e+00  8.874968e-06
 2.750000e+00  3.000000e+00  2.760698e-05
 3.000000e+00  3.250000e+00  2.008944e-05
 3.250000e+00  3.500000e+00  2.677290e-05
 3.500000e+00  3.750000e+00  1.218103e-05
 3.750000e+00  4.000000e+00  2.391018e-06
 4.000000e+00  4.250000e+00  9.269543e-07
 4.250000e+00  4.500000e+00  4.688896e-07
 4.500000e+00  4.750000e+00  2.577218e-07
 4.750000e+00  5.000000e+00  1.566780e-07
 5.000000e+00  5.250000e+00  9.697552e-08
 5.250000e+00  5.500000e+00  6.043982e-08
 5.500000e+00  5.750000e+00  4.235351e-08
 5.750000e+00  6.000000e+00  2.646557e-08
 6.000000e+00  6.250000e+00  1.730558e-08
 6.250000e+00  6.500000e+00  1.080539e-08
 6.500000e+00  6.750000e+00  7.652856e-09
 6.750000e+00  7.000000e+00  5.327596e-09
 7.000000e+00  7.250000e+00  3.519972e-09
 7.250000e+00  7.500000e+00  1.897065e-09
 7.500000e+00  7.750000e+00  1.928994e-09
 7.750000e+00  8.000000e+00  7.166332e-10
 8.000000e+00  8.250000e+00  6.098406e-10
 8.250000e+00  8.500000e+00  2.619516e-10
 8.500000e+00  8.750000e+00  2.900158e-10
 8.750000e+00  9.000000e+00  9.652273e-11
 9.000000e+00  9.250000e+00  9.282438e-11
 9.250000e+00  9.500000e+00  4.278372e-11
 9.500000e+00  9.750000e+00  1.357130e-10
 9.750000e+00  1.000000e+01  3.960676e-11
