 0.000000e+00  2.500000e-01  0.000000e+00
 2.500000e-01  5.000000e-01  0.000000e+00
 5.000000e-01  7.500000e-01  0.000000e+00
 7.500000e-01  1.000000e+00  0.000000e+00
 1.000000e+00  1.250000e+00  0.000000e+00
 1.250000e+00  1.500000e+00  0.000000e+00
 1.500000e+00  1.750000e+00  0.000000e+00
 1.750000e+00  2.000000e+00  0.000000e+00
 2.000000e+00  2.250000e+00  0.000000e+00
 2.250000e+00  2.500000e+00  0.000000e+00
 2.500000e+00  2.750000e+00  0.000000e+00
 2.750000e+00  3.000000e+00  0.000000e+00
 3.000000e+00  3.250000e+00  9.877479e-05
 3.250000e+00  3.500000e+00  8.687600e-04
 3.500000e+00  3.750000e+00  3.484993e-04
 3.750000e+00  4.000000e+00  5.095989e-05
 4.000000e+00  4.250000e+00  1.266747e-05
 4.250000e+00  4.500000e+00  3.840891e-06
 4.500000e+00  4.750000e+00  1.308962e-06
 4.750000e+00  5.000000e+00  5.277132e-07
 5.000000e+00  5.250000e+00  2.468460e-07
 5.250000e+00  5.500000e+00  7.634760e-08
 5.500000e+00  5.750000e+00  6.431343e-08
 5.750000e+00  6.000000e+00  2.904637e-08
 6.000000e+00  6.250000e+00  1.799537e-08
 6.250000e+00  6.500000e+00  5.020698e-09
 6.500000e+00  6.750000e+00  4.146096e-09
 6.750000e+00  7.000000e+00  1.496799e-09
 7.000000e+00  7.250000e+00  1.239131e-09
 7.250000e+00  7.500000e+00  8.991619e-10
 7.500000e+00  7.750000e+00  3.613219e-10
 7.750000e+00  8.000000e+00  2.019224e-10
 8.000000e+00  8.250000e+00  2.918963e-10
 8.250000e+00  8.500000e+00  8.679633e-11
 8.500000e+00  8.750000e+00  5.897673e-12
 8.750000e+00  9.000000e+00  2.771711e-11
 9.000000e+00  9.250000e+00  2.004703e-11
 9.250000e+00  9.500000e+00  2.089196e-13
 9.500000e+00  9.750000e+00  1.378875e-11
 9.750000e+00  1.000000e+01  4.181886e-12
