 0.000000e+00  5.000000e-01 -1.903904e-04
 5.000000e-01  1.000000e+00  2.380977e-04
 1.000000e+00  1.500000e+00  1.185003e-04
 1.500000e+00  2.000000e+00  7.430869e-05
 2.000000e+00  2.500000e+00  5.216328e-05
 2.500000e+00  3.000000e+00  3.832222e-05
 3.000000e+00  3.500000e+00  2.953947e-05
 3.500000e+00  4.000000e+00  2.307265e-05
 4.000000e+00  4.500000e+00  1.855793e-05
 4.500000e+00  5.000000e+00  1.499740e-05
 5.000000e+00  5.500000e+00  1.245562e-05
 5.500000e+00  6.000000e+00  1.012860e-05
 6.000000e+00  6.500000e+00  8.358241e-06
 6.500000e+00  7.000000e+00  7.127931e-06
 7.000000e+00  7.500000e+00  5.838612e-06
 7.500000e+00  8.000000e+00  4.994931e-06
 8.000000e+00  8.500000e+00  4.170614e-06
 8.500000e+00  9.000000e+00  3.536546e-06
 9.000000e+00  9.500000e+00  3.046903e-06
 9.500000e+00  1.000000e+01  2.555972e-06
 1.000000e+01  1.050000e+01  2.183309e-06
 1.050000e+01  1.100000e+01  1.865227e-06
 1.100000e+01  1.150000e+01  1.606334e-06
 1.150000e+01  1.200000e+01  1.393654e-06
 1.200000e+01  1.250000e+01  1.184206e-06
 1.250000e+01  1.300000e+01  1.008220e-06
 1.300000e+01  1.350000e+01  8.821923e-07
 1.350000e+01  1.400000e+01  7.770006e-07
 1.400000e+01  1.450000e+01  6.559162e-07
 1.450000e+01  1.500000e+01  5.857612e-07
 1.500000e+01  1.550000e+01  4.974288e-07
 1.550000e+01  1.600000e+01  4.297949e-07
 1.600000e+01  1.650000e+01  3.855457e-07
 1.650000e+01  1.700000e+01  3.281838e-07
 1.700000e+01  1.750000e+01  2.893788e-07
 1.750000e+01  1.800000e+01  2.506693e-07
 1.800000e+01  1.850000e+01  2.136415e-07
 1.850000e+01  1.900000e+01  1.844051e-07
 1.900000e+01  1.950000e+01  1.693015e-07
 1.950000e+01  2.000000e+01  1.394140e-07
