 0.000000e+00  2.500000e-01  1.500843e-08
 2.500000e-01  5.000000e-01  4.669760e-08
 5.000000e-01  7.500000e-01  8.548716e-08
 7.500000e-01  1.000000e+00  1.351138e-07
 1.000000e+00  1.250000e+00  2.002596e-07
 1.250000e+00  1.500000e+00  2.929850e-07
 1.500000e+00  1.750000e+00  4.303268e-07
 1.750000e+00  2.000000e+00  6.485080e-07
 2.000000e+00  2.250000e+00  1.045028e-06
 2.250000e+00  2.500000e+00  1.876337e-06
 2.500000e+00  2.750000e+00  3.997129e-06
 2.750000e+00  3.000000e+00  1.256033e-05
 3.000000e+00  3.250000e+00  1.065165e-05
 3.250000e+00  3.500000e+00  1.280431e-05
 3.500000e+00  3.750000e+00  5.721066e-06
 3.750000e+00  4.000000e+00  1.140788e-06
 4.000000e+00  4.250000e+00  4.611669e-07
 4.250000e+00  4.500000e+00  2.394810e-07
 4.500000e+00  4.750000e+00  1.362239e-07
 4.750000e+00  5.000000e+00  8.127896e-08
 5.000000e+00  5.250000e+00  4.860773e-08
 5.250000e+00  5.500000e+00  3.159851e-08
 5.500000e+00  5.750000e+00  2.191566e-08
 5.750000e+00  6.000000e+00  1.399689e-08
 6.000000e+00  6.250000e+00  9.561795e-09
 6.250000e+00  6.500000e+00  6.431368e-09
 6.500000e+00  6.750000e+00  4.199878e-09
 6.750000e+00  7.000000e+00  3.147445e-09
 7.000000e+00  7.250000e+00  1.849835e-09
 7.250000e+00  7.500000e+00  1.054883e-09
 7.500000e+00  7.750000e+00  8.361881e-10
 7.750000e+00  8.000000e+00  6.063631e-10
 8.000000e+00  8.250000e+00  3.024740e-10
 8.250000e+00  8.500000e+00  2.371192e-10
 8.500000e+00  8.750000e+00  1.068723e-10
 8.750000e+00  9.000000e+00  8.586037e-11
 9.000000e+00  9.250000e+00  5.898800e-11
 9.250000e+00  9.500000e+00  2.342471e-11
 9.500000e+00  9.750000e+00  2.608667e-11
 9.750000e+00  1.000000e+01  1.773653e-11
