 0.000000e+00  2.500000e-01  1.675022e-07
 2.500000e-01  5.000000e-01  5.291497e-07
 5.000000e-01  7.500000e-01  9.606695e-07
 7.500000e-01  1.000000e+00  1.540232e-06
 1.000000e+00  1.250000e+00  2.296760e-06
 1.250000e+00  1.500000e+00  3.327048e-06
 1.500000e+00  1.750000e+00  4.896824e-06
 1.750000e+00  2.000000e+00  7.334851e-06
 2.000000e+00  2.250000e+00  1.169674e-05
 2.250000e+00  2.500000e+00  2.054547e-05
 2.500000e+00  2.750000e+00  4.273185e-05
 2.750000e+00  3.000000e+00  1.304300e-04
 3.000000e+00  3.250000e+00  7.243091e-05
 3.250000e+00  3.500000e+00  1.170348e-04
 3.500000e+00  3.750000e+00  5.956674e-05
 3.750000e+00  4.000000e+00  1.088722e-05
 4.000000e+00  4.250000e+00  4.089304e-06
 4.250000e+00  4.500000e+00  2.092807e-06
 4.500000e+00  4.750000e+00  1.155961e-06
 4.750000e+00  5.000000e+00  6.699010e-07
 5.000000e+00  5.250000e+00  4.003575e-07
 5.250000e+00  5.500000e+00  2.644841e-07
 5.500000e+00  5.750000e+00  1.639830e-07
 5.750000e+00  6.000000e+00  1.086504e-07
 6.000000e+00  6.250000e+00  7.357182e-08
 6.250000e+00  6.500000e+00  5.089442e-08
 6.500000e+00  6.750000e+00  3.044053e-08
 6.750000e+00  7.000000e+00  2.078577e-08
 7.000000e+00  7.250000e+00  1.406784e-08
 7.250000e+00  7.500000e+00  9.283731e-09
 7.500000e+00  7.750000e+00  5.903186e-09
 7.750000e+00  8.000000e+00  3.321345e-09
 8.000000e+00  8.250000e+00  2.182532e-09
 8.250000e+00  8.500000e+00  2.132757e-09
 8.500000e+00  8.750000e+00  1.103087e-09
 8.750000e+00  9.000000e+00  3.631021e-10
 9.000000e+00  9.250000e+00  2.974348e-10
 9.250000e+00  9.500000e+00  2.937802e-10
 9.500000e+00  9.750000e+00  3.424399e-10
 9.750000e+00  1.000000e+01  3.364721e-10
