 0.000000e+00  2.500000e-01  6.436640e-07
 2.500000e-01  5.000000e-01  2.020549e-06
 5.000000e-01  7.500000e-01  3.641984e-06
 7.500000e-01  1.000000e+00  5.784428e-06
 1.000000e+00  1.250000e+00  8.533582e-06
 1.250000e+00  1.500000e+00  1.247851e-05
 1.500000e+00  1.750000e+00  1.820798e-05
 1.750000e+00  2.000000e+00  2.691663e-05
 2.000000e+00  2.250000e+00  4.298133e-05
 2.250000e+00  2.500000e+00  7.427045e-05
 2.500000e+00  2.750000e+00  1.529997e-04
 2.750000e+00  3.000000e+00  4.586845e-04
 3.000000e+00  3.250000e+00  1.886095e-04
 3.250000e+00  3.500000e+00  3.778192e-04
 3.500000e+00  3.750000e+00  2.469780e-04
 3.750000e+00  4.000000e+00  4.278282e-05
 4.000000e+00  4.250000e+00  1.582695e-05
 4.250000e+00  4.500000e+00  8.099188e-06
 4.500000e+00  4.750000e+00  4.380924e-06
 4.750000e+00  5.000000e+00  2.650220e-06
 5.000000e+00  5.250000e+00  1.602205e-06
 5.250000e+00  5.500000e+00  9.790903e-07
 5.500000e+00  5.750000e+00  6.492219e-07
 5.750000e+00  6.000000e+00  4.391341e-07
 6.000000e+00  6.250000e+00  2.815272e-07
 6.250000e+00  6.500000e+00  2.149875e-07
 6.500000e+00  6.750000e+00  1.195554e-07
 6.750000e+00  7.000000e+00  7.674004e-08
 7.000000e+00  7.250000e+00  7.069996e-08
 7.250000e+00  7.500000e+00  3.744568e-08
 7.500000e+00  7.750000e+00  2.440367e-08
 7.750000e+00  8.000000e+00  2.048584e-08
 8.000000e+00  8.250000e+00  9.507690e-09
 8.250000e+00  8.500000e+00  5.836229e-09
 8.500000e+00  8.750000e+00  7.589574e-09
 8.750000e+00  9.000000e+00  1.420070e-09
 9.000000e+00  9.250000e+00  2.604208e-09
 9.250000e+00  9.500000e+00  9.504818e-10
 9.500000e+00  9.750000e+00  4.238597e-10
 9.750000e+00  1.000000e+01  3.830003e-10
