 0.000000e+00  2.500000e-01  6.900908e-06
 2.500000e-01  5.000000e-01  2.118594e-05
 5.000000e-01  7.500000e-01  3.905451e-05
 7.500000e-01  1.000000e+00  6.298928e-05
 1.000000e+00  1.250000e+00  9.189656e-05
 1.250000e+00  1.500000e+00  1.344237e-04
 1.500000e+00  1.750000e+00  1.977972e-04
 1.750000e+00  2.000000e+00  3.112559e-04
 2.000000e+00  2.250000e+00  4.667395e-04
 2.250000e+00  2.500000e+00  8.167627e-04
 2.500000e+00  2.750000e+00  1.675581e-03
 2.750000e+00  3.000000e+00  4.996679e-03
 3.000000e+00  3.250000e+00  3.705147e-04
 3.250000e+00  3.500000e+00  1.211066e-03
 3.500000e+00  3.750000e+00  2.296146e-03
 3.750000e+00  4.000000e+00  3.803890e-04
 4.000000e+00  4.250000e+00  2.152968e-04
 4.250000e+00  4.500000e+00  8.055210e-05
 4.500000e+00  4.750000e+00  6.804087e-05
 4.750000e+00  5.000000e+00  3.345107e-05
 5.000000e+00  5.250000e+00  2.068816e-05
 5.250000e+00  5.500000e+00  1.331725e-05
 5.500000e+00  5.750000e+00  9.107839e-06
 5.750000e+00  6.000000e+00  5.866734e-06
 6.000000e+00  6.250000e+00  3.937214e-06
 6.250000e+00  6.500000e+00  2.618911e-06
 6.500000e+00  6.750000e+00  1.733526e-06
 6.750000e+00  7.000000e+00  1.329644e-06
 7.000000e+00  7.250000e+00  8.941081e-07
 7.250000e+00  7.500000e+00  4.841752e-07
 7.500000e+00  7.750000e+00  3.623434e-07
 7.750000e+00  8.000000e+00  2.582527e-07
 8.000000e+00  8.250000e+00  1.972286e-07
 8.250000e+00  8.500000e+00  1.564769e-07
 8.500000e+00  8.750000e+00  6.563466e-08
 8.750000e+00  9.000000e+00  3.739703e-08
 9.000000e+00  9.250000e+00  4.876157e-08
 9.250000e+00  9.500000e+00  1.602696e-08
 9.500000e+00  9.750000e+00  8.619516e-09
 9.750000e+00  1.000000e+01  6.518704e-09
