 0.000000e+00  2.500000e-01  3.823468e-05
 2.500000e-01  5.000000e-01  1.182679e-04
 5.000000e-01  7.500000e-01  2.081941e-04
 7.500000e-01  1.000000e+00  3.176777e-04
 1.000000e+00  1.250000e+00  4.652535e-04
 1.250000e+00  1.500000e+00  6.567466e-04
 1.500000e+00  1.750000e+00  9.539303e-04
 1.750000e+00  2.000000e+00  1.396450e-03
 2.000000e+00  2.250000e+00  2.175577e-03
 2.250000e+00  2.500000e+00  3.711500e-03
 2.500000e+00  2.750000e+00  7.409826e-03
 2.750000e+00  3.000000e+00  2.111814e-02
 3.000000e+00  3.250000e+00  2.314703e-03
 3.250000e+00  3.500000e+00 -8.523290e-03
 3.500000e+00  3.750000e+00  2.320319e-02
 3.750000e+00  4.000000e+00  3.794142e-03
 4.000000e+00  4.250000e+00  1.341546e-03
 4.250000e+00  4.500000e+00  6.500897e-04
 4.500000e+00  4.750000e+00  4.601914e-04
 4.750000e+00  5.000000e+00  3.039181e-04
 5.000000e+00  5.250000e+00  1.978092e-04
 5.250000e+00  5.500000e+00  1.324396e-04
 5.500000e+00  5.750000e+00  9.305928e-05
 5.750000e+00  6.000000e+00  7.154332e-05
 6.000000e+00  6.250000e+00  3.775712e-05
 6.250000e+00  6.500000e+00  2.766488e-05
 6.500000e+00  6.750000e+00  2.084661e-05
 6.750000e+00  7.000000e+00  1.392598e-05
 7.000000e+00  7.250000e+00  1.107125e-05
 7.250000e+00  7.500000e+00  7.136982e-06
 7.500000e+00  7.750000e+00  4.031030e-06
 7.750000e+00  8.000000e+00  3.888157e-06
 8.000000e+00  8.250000e+00  1.742483e-06
 8.250000e+00  8.500000e+00  1.330380e-06
 8.500000e+00  8.750000e+00  9.404620e-07
 8.750000e+00  9.000000e+00  5.597265e-07
 9.000000e+00  9.250000e+00  2.846482e-07
 9.250000e+00  9.500000e+00  2.878025e-07
 9.500000e+00  9.750000e+00  1.359076e-07
 9.750000e+00  1.000000e+01  7.727869e-08
