 0.000000e+00  7.854232e-02  4.174509e-05
 7.854232e-02  1.570846e-01  4.191628e-05
 1.570846e-01  2.356269e-01  4.188737e-05
 2.356269e-01  3.141693e-01  4.364806e-05
 3.141693e-01  3.927116e-01  4.245057e-05
 3.927116e-01  4.712539e-01  4.470936e-05
 4.712539e-01  5.497962e-01  4.492613e-05
 5.497962e-01  6.283385e-01  4.729790e-05
 6.283385e-01  7.068808e-01  4.684739e-05
 7.068808e-01  7.854232e-01  4.889495e-05
 7.854232e-01  8.639655e-01  5.478535e-05
 8.639655e-01  9.425078e-01  5.844135e-05
 9.425078e-01  1.021050e+00  5.714815e-05
 1.021050e+00  1.099592e+00  6.071571e-05
 1.099592e+00  1.178135e+00  6.429880e-05
 1.178135e+00  1.256677e+00  6.653458e-05
 1.256677e+00  1.335219e+00  7.260899e-05
 1.335219e+00  1.413762e+00  9.458373e-05
 1.413762e+00  1.492304e+00  8.264405e-05
 1.492304e+00  1.570846e+00  9.401646e-05
 1.570846e+00  1.649389e+00  9.972349e-05
 1.649389e+00  1.727931e+00  1.146580e-04
 1.727931e+00  1.806473e+00  1.374241e-04
 1.806473e+00  1.885016e+00  1.413676e-04
 1.885016e+00  1.963558e+00  1.559078e-04
 1.963558e+00  2.042100e+00  1.779122e-04
 2.042100e+00  2.120643e+00  2.084245e-04
 2.120643e+00  2.199185e+00  2.445862e-04
 2.199185e+00  2.277727e+00  2.875576e-04
 2.277727e+00  2.356269e+00  3.337448e-04
 2.356269e+00  2.434812e+00  4.039239e-04
 2.434812e+00  2.513354e+00  4.974827e-04
 2.513354e+00  2.591896e+00  6.381415e-04
 2.591896e+00  2.670439e+00  8.042852e-04
 2.670439e+00  2.748981e+00  1.064625e-03
 2.748981e+00  2.827523e+00  1.512648e-03
 2.827523e+00  2.906066e+00  2.253265e-03
 2.906066e+00  2.984608e+00  3.725328e-03
 2.984608e+00  3.063150e+00  8.879968e-03
 3.063150e+00  3.141693e+00 -9.293206e-03
