 0.000000e+00  1.600000e-01 -8.704515e-06
 1.600000e-01  3.200000e-01 -6.830017e-05
 3.200000e-01  4.800000e-01 -2.412029e-04
 4.800000e-01  6.400000e-01 -2.095552e-04
 6.400000e-01  8.000000e-01 -3.377667e-04
 8.000000e-01  9.600000e-01 -1.215292e-04
 9.600000e-01  1.120000e+00 -2.916627e-04
 1.120000e+00  1.280000e+00  7.045236e-04
 1.280000e+00  1.440000e+00  8.975988e-04
 1.440000e+00  1.600000e+00  1.394099e-03
 1.600000e+00  1.760000e+00  1.555998e-03
 1.760000e+00  1.920000e+00  1.898171e-03
 1.920000e+00  2.080000e+00  1.530872e-03
 2.080000e+00  2.240000e+00  1.719665e-03
 2.240000e+00  2.400000e+00  1.819964e-03
 2.400000e+00  2.560000e+00  1.354467e-03
 2.560000e+00  2.720000e+00  1.318159e-03
 2.720000e+00  2.880000e+00  1.410042e-03
 2.880000e+00  3.040000e+00  1.063856e-03
 3.040000e+00  3.200000e+00  1.339576e-03
 3.200000e+00  3.360000e+00  1.166970e-03
 3.360000e+00  3.520000e+00  6.777114e-04
 3.520000e+00  3.680000e+00  9.353908e-04
 3.680000e+00  3.840000e+00  7.459598e-04
 3.840000e+00  4.000000e+00  5.846846e-04
 4.000000e+00  4.160000e+00  5.692376e-04
 4.160000e+00  4.320000e+00  5.815973e-04
 4.320000e+00  4.480000e+00  2.298229e-04
 4.480000e+00  4.640000e+00  6.480953e-04
 4.640000e+00  4.800000e+00  2.765495e-04
 4.800000e+00  4.960000e+00  3.388990e-04
 4.960000e+00  5.120000e+00  3.421617e-04
 5.120000e+00  5.280000e+00  2.486685e-04
 5.280000e+00  5.440000e+00  2.289348e-04
 5.440000e+00  5.600000e+00  1.916107e-04
 5.600000e+00  5.760000e+00  2.250184e-04
 5.760000e+00  5.920000e+00  1.627261e-04
 5.920000e+00  6.080000e+00  1.111794e-04
 6.080000e+00  6.240000e+00  1.631007e-04
 6.240000e+00  6.400000e+00  1.423892e-04
 6.400000e+00  6.560000e+00  7.230208e-05
 6.560000e+00  6.720000e+00  9.535495e-05
 6.720000e+00  6.880000e+00  8.908554e-05
 6.880000e+00  7.040000e+00  7.712783e-05
 7.040000e+00  7.200000e+00  6.752220e-05
 7.200000e+00  7.360000e+00  7.553469e-05
 7.360000e+00  7.520000e+00  5.038736e-05
 7.520000e+00  7.680000e+00  5.833953e-05
 7.680000e+00  7.840000e+00  5.801304e-05
 7.840000e+00  8.000000e+00  5.851058e-05
