-5.500000e+00 -5.390000e+00  0.000000e+00
-5.390000e+00 -5.280000e+00 -1.248225e-03
-5.280000e+00 -5.170000e+00 -3.152419e-03
-5.170000e+00 -5.060000e+00 -2.601484e-03
-5.060000e+00 -4.950000e+00 -1.562902e-03
-4.950000e+00 -4.840000e+00 -8.540254e-04
-4.840000e+00 -4.730000e+00 -1.771062e-04
-4.730000e+00 -4.620000e+00  4.610793e-04
-4.620000e+00 -4.510000e+00  8.316101e-04
-4.510000e+00 -4.400000e+00  1.768150e-03
-4.400000e+00 -4.290000e+00  2.581122e-03
-4.290000e+00 -4.180000e+00  3.962654e-03
-4.180000e+00 -4.070000e+00  4.497847e-03
-4.070000e+00 -3.960000e+00  6.330399e-03
-3.960000e+00 -3.850000e+00  6.802522e-03
-3.850000e+00 -3.740000e+00  7.573835e-03
-3.740000e+00 -3.630000e+00  8.418236e-03
-3.630000e+00 -3.520000e+00  9.296568e-03
-3.520000e+00 -3.410000e+00  9.557309e-03
-3.410000e+00 -3.300000e+00  9.852183e-03
-3.300000e+00 -3.190000e+00  1.000987e-02
-3.190000e+00 -3.080000e+00  9.798174e-03
-3.080000e+00 -2.970000e+00  9.451092e-03
-2.970000e+00 -2.860000e+00  8.993259e-03
-2.860000e+00 -2.750000e+00  8.605028e-03
-2.750000e+00 -2.640000e+00  7.953498e-03
-2.640000e+00 -2.530000e+00  7.455957e-03
-2.530000e+00 -2.420000e+00  6.775745e-03
-2.420000e+00 -2.310000e+00  6.252181e-03
-2.310000e+00 -2.200000e+00  5.629303e-03
-2.200000e+00 -2.090000e+00  4.978222e-03
-2.090000e+00 -1.980000e+00  4.647383e-03
-1.980000e+00 -1.870000e+00  4.095754e-03
-1.870000e+00 -1.760000e+00  3.598161e-03
-1.760000e+00 -1.650000e+00  3.241329e-03
-1.650000e+00 -1.540000e+00  2.974719e-03
-1.540000e+00 -1.430000e+00  2.614603e-03
-1.430000e+00 -1.320000e+00  2.253247e-03
-1.320000e+00 -1.210000e+00  2.045630e-03
-1.210000e+00 -1.100000e+00  1.781681e-03
-1.100000e+00 -9.900000e-01  1.571820e-03
-9.900000e-01 -8.800000e-01  1.442142e-03
-8.800000e-01 -7.700000e-01  1.183432e-03
-7.700000e-01 -6.600000e-01  1.064587e-03
-6.600000e-01 -5.500000e-01  9.697025e-04
-5.500000e-01 -4.400000e-01  7.946221e-04
-4.400000e-01 -3.300000e-01  7.040563e-04
-3.300000e-01 -2.200000e-01  5.940752e-04
-2.200000e-01 -1.100000e-01  5.419573e-04
-1.100000e-01  0.000000e+00  4.659703e-04
 0.000000e+00  1.100000e-01  4.234257e-04
 1.100000e-01  2.200000e-01  3.584992e-04
 2.200000e-01  3.300000e-01  2.948335e-04
 3.300000e-01  4.400000e-01  2.533608e-04
 4.400000e-01  5.500000e-01  2.281266e-04
 5.500000e-01  6.600000e-01  1.823689e-04
 6.600000e-01  7.700000e-01  1.757583e-04
 7.700000e-01  8.800000e-01  1.655592e-04
 8.800000e-01  9.900000e-01  1.310550e-04
 9.900000e-01  1.100000e+00  1.059312e-04
 1.100000e+00  1.210000e+00  8.593328e-05
 1.210000e+00  1.320000e+00  9.045076e-05
 1.320000e+00  1.430000e+00  5.606601e-05
 1.430000e+00  1.540000e+00  6.532265e-05
 1.540000e+00  1.650000e+00  4.808803e-05
 1.650000e+00  1.760000e+00  3.863155e-05
 1.760000e+00  1.870000e+00  3.670268e-05
 1.870000e+00  1.980000e+00  2.071556e-05
 1.980000e+00  2.090000e+00  2.599638e-05
 2.090000e+00  2.200000e+00  2.031719e-05
 2.200000e+00  2.310000e+00  1.660729e-05
 2.310000e+00  2.420000e+00  1.562761e-05
 2.420000e+00  2.530000e+00  1.062691e-05
 2.530000e+00  2.640000e+00  7.962165e-06
 2.640000e+00  2.750000e+00  4.498428e-06
 2.750000e+00  2.860000e+00  6.542865e-06
 2.860000e+00  2.970000e+00  4.587293e-06
 2.970000e+00  3.080000e+00  3.211140e-06
 3.080000e+00  3.190000e+00  3.675169e-06
 3.190000e+00  3.300000e+00  2.708068e-06
 3.300000e+00  3.410000e+00  2.207549e-06
 3.410000e+00  3.520000e+00  1.788334e-06
 3.520000e+00  3.630000e+00  9.039588e-07
 3.630000e+00  3.740000e+00  1.019294e-06
 3.740000e+00  3.850000e+00  2.344726e-08
 3.850000e+00  3.960000e+00  4.550126e-07
 3.960000e+00  4.070000e+00  2.533836e-07
 4.070000e+00  4.180000e+00  1.258057e-07
 4.180000e+00  4.290000e+00  1.122900e-07
 4.290000e+00  4.400000e+00 -1.877128e-08
 4.400000e+00  4.510000e+00  1.312735e-07
 4.510000e+00  4.620000e+00  1.673191e-07
 4.620000e+00  4.730000e+00  2.229848e-09
 4.730000e+00  4.840000e+00  1.548839e-08
 4.840000e+00  4.950000e+00  4.769964e-10
 4.950000e+00  5.060000e+00  1.354048e-10
 5.060000e+00  5.170000e+00  6.722542e-11
 5.170000e+00  5.280000e+00 -2.076821e-11
 5.280000e+00  5.390000e+00  4.109154e-14
 5.390000e+00  5.500000e+00  0.000000e+00
