 0.000000e+00  8.000000e-02  8.398772e-05
 8.000000e-02  1.600000e-01  2.513038e-04
 1.600000e-01  2.400000e-01  4.114440e-04
 2.400000e-01  3.200000e-01  5.611507e-04
 3.200000e-01  4.000000e-01  6.984471e-04
 4.000000e-01  4.800000e-01  8.214838e-04
 4.800000e-01  5.600000e-01  9.324697e-04
 5.600000e-01  6.400000e-01  1.018054e-03
 6.400000e-01  7.200000e-01  1.089552e-03
 7.200000e-01  8.000000e-01  1.151151e-03
 8.000000e-01  8.800000e-01  1.176393e-03
 8.800000e-01  9.600000e-01  1.205432e-03
 9.600000e-01  1.040000e+00  1.205673e-03
 1.040000e+00  1.120000e+00  1.191861e-03
 1.120000e+00  1.200000e+00  1.175857e-03
 1.200000e+00  1.280000e+00  1.143773e-03
 1.280000e+00  1.360000e+00  1.104058e-03
 1.360000e+00  1.440000e+00  1.066446e-03
 1.440000e+00  1.520000e+00  1.015095e-03
 1.520000e+00  1.600000e+00  9.629918e-04
 1.600000e+00  1.680000e+00  9.158898e-04
 1.680000e+00  1.760000e+00  8.517757e-04
 1.760000e+00  1.840000e+00  8.025977e-04
 1.840000e+00  1.920000e+00  7.420387e-04
 1.920000e+00  2.000000e+00  6.907003e-04
 2.000000e+00  2.080000e+00  6.425754e-04
 2.080000e+00  2.160000e+00  5.903497e-04
 2.160000e+00  2.240000e+00  5.456900e-04
 2.240000e+00  2.320000e+00  5.061331e-04
 2.320000e+00  2.400000e+00  4.619030e-04
 2.400000e+00  2.480000e+00  4.272366e-04
 2.480000e+00  2.560000e+00  3.876427e-04
 2.560000e+00  2.640000e+00  3.565048e-04
 2.640000e+00  2.720000e+00  3.260587e-04
 2.720000e+00  2.800000e+00  2.971210e-04
 2.800000e+00  2.880000e+00  2.727340e-04
 2.880000e+00  2.960000e+00  2.450565e-04
 2.960000e+00  3.040000e+00  2.256097e-04
 3.040000e+00  3.120000e+00  2.078845e-04
 3.120000e+00  3.200000e+00  1.857261e-04
 3.200000e+00  3.280000e+00  1.717438e-04
 3.280000e+00  3.360000e+00  1.533931e-04
 3.360000e+00  3.440000e+00  1.410662e-04
 3.440000e+00  3.520000e+00  1.272118e-04
 3.520000e+00  3.600000e+00  1.173247e-04
 3.600000e+00  3.680000e+00  1.075159e-04
 3.680000e+00  3.760000e+00  9.702511e-05
 3.760000e+00  3.840000e+00  8.841339e-05
 3.840000e+00  3.920000e+00  8.079579e-05
 3.920000e+00  4.000000e+00  7.409791e-05
 4.000000e+00  4.080000e+00  6.708226e-05
 4.080000e+00  4.160000e+00  6.107496e-05
 4.160000e+00  4.240000e+00  5.489918e-05
 4.240000e+00  4.320000e+00  5.133686e-05
 4.320000e+00  4.400000e+00  4.548508e-05
 4.400000e+00  4.480000e+00  4.222693e-05
 4.480000e+00  4.560000e+00  3.870698e-05
 4.560000e+00  4.640000e+00  3.523552e-05
 4.640000e+00  4.720000e+00  3.266395e-05
 4.720000e+00  4.800000e+00  2.997148e-05
 4.800000e+00  4.880000e+00  2.770840e-05
 4.880000e+00  4.960000e+00  2.455336e-05
 4.960000e+00  5.040000e+00  2.233903e-05
 5.040000e+00  5.120000e+00  2.069302e-05
 5.120000e+00  5.200000e+00  1.940491e-05
 5.200000e+00  5.280000e+00  1.704386e-05
 5.280000e+00  5.360000e+00  1.587773e-05
 5.360000e+00  5.440000e+00  1.419261e-05
 5.440000e+00  5.520000e+00  1.348111e-05
 5.520000e+00  5.600000e+00  1.180650e-05
 5.600000e+00  5.680000e+00  1.146416e-05
 5.680000e+00  5.760000e+00  1.035901e-05
 5.760000e+00  5.840000e+00  9.433287e-06
 5.840000e+00  5.920000e+00  8.524361e-06
 5.920000e+00  6.000000e+00  7.731029e-06
 6.000000e+00  6.080000e+00  7.365652e-06
 6.080000e+00  6.160000e+00  6.824395e-06
 6.160000e+00  6.240000e+00  6.157759e-06
 6.240000e+00  6.320000e+00  5.732167e-06
 6.320000e+00  6.400000e+00  5.256473e-06
 6.400000e+00  6.480000e+00  4.855470e-06
 6.480000e+00  6.560000e+00  4.357591e-06
 6.560000e+00  6.640000e+00  3.683830e-06
 6.640000e+00  6.720000e+00  3.960273e-06
 6.720000e+00  6.800000e+00  3.353285e-06
 6.800000e+00  6.880000e+00  3.223994e-06
 6.880000e+00  6.960000e+00  2.629034e-06
 6.960000e+00  7.040000e+00  2.679717e-06
 7.040000e+00  7.120000e+00  2.304249e-06
 7.120000e+00  7.200000e+00  2.142415e-06
 7.200000e+00  7.280000e+00  1.894160e-06
 7.280000e+00  7.360000e+00  1.807557e-06
 7.360000e+00  7.440000e+00  1.669262e-06
 7.440000e+00  7.520000e+00  1.421970e-06
 7.520000e+00  7.600000e+00  1.391223e-06
 7.600000e+00  7.680000e+00  1.288271e-06
 7.680000e+00  7.760000e+00  1.106604e-06
 7.760000e+00  7.840000e+00  1.112482e-06
 7.840000e+00  7.920000e+00  9.362985e-07
 7.920000e+00  8.000000e+00  9.420562e-07
