 0.000000e+00  8.000000e-02  9.052393e-05
 8.000000e-02  1.600000e-01  2.878374e-04
 1.600000e-01  2.400000e-01  4.995551e-04
 2.400000e-01  3.200000e-01  7.290361e-04
 3.200000e-01  4.000000e-01  9.278862e-04
 4.000000e-01  4.800000e-01  1.126304e-03
 4.800000e-01  5.600000e-01  1.313434e-03
 5.600000e-01  6.400000e-01  1.406242e-03
 6.400000e-01  7.200000e-01  1.557341e-03
 7.200000e-01  8.000000e-01  1.634685e-03
 8.000000e-01  8.800000e-01  1.632674e-03
 8.800000e-01  9.600000e-01  1.649962e-03
 9.600000e-01  1.040000e+00  1.625783e-03
 1.040000e+00  1.120000e+00  1.596105e-03
 1.120000e+00  1.200000e+00  1.515609e-03
 1.200000e+00  1.280000e+00  1.434060e-03
 1.280000e+00  1.360000e+00  1.358268e-03
 1.360000e+00  1.440000e+00  1.278419e-03
 1.440000e+00  1.520000e+00  1.187290e-03
 1.520000e+00  1.600000e+00  1.090940e-03
 1.600000e+00  1.680000e+00  1.014458e-03
 1.680000e+00  1.760000e+00  9.113854e-04
 1.760000e+00  1.840000e+00  8.542748e-04
 1.840000e+00  1.920000e+00  7.773165e-04
 1.920000e+00  2.000000e+00  6.885839e-04
 2.000000e+00  2.080000e+00  6.300824e-04
 2.080000e+00  2.160000e+00  5.944233e-04
 2.160000e+00  2.240000e+00  5.385336e-04
 2.240000e+00  2.320000e+00  4.695637e-04
 2.320000e+00  2.400000e+00  4.368648e-04
 2.400000e+00  2.480000e+00  3.844373e-04
 2.480000e+00  2.560000e+00  3.495668e-04
 2.560000e+00  2.640000e+00  3.069688e-04
 2.640000e+00  2.720000e+00  2.915470e-04
 2.720000e+00  2.800000e+00  2.568933e-04
 2.800000e+00  2.880000e+00  2.319237e-04
 2.880000e+00  2.960000e+00  2.194977e-04
 2.960000e+00  3.040000e+00  1.931199e-04
 3.040000e+00  3.120000e+00  1.660756e-04
 3.120000e+00  3.200000e+00  1.509476e-04
 3.200000e+00  3.280000e+00  1.453737e-04
 3.280000e+00  3.360000e+00  1.257898e-04
 3.360000e+00  3.440000e+00  1.168160e-04
 3.440000e+00  3.520000e+00  9.973781e-05
 3.520000e+00  3.600000e+00  9.330517e-05
 3.600000e+00  3.680000e+00  8.468632e-05
 3.680000e+00  3.760000e+00  7.867032e-05
 3.760000e+00  3.840000e+00  7.284704e-05
 3.840000e+00  3.920000e+00  6.002768e-05
 3.920000e+00  4.000000e+00  5.951222e-05
 4.000000e+00  4.080000e+00  4.718486e-05
 4.080000e+00  4.160000e+00  5.020055e-05
 4.160000e+00  4.240000e+00  4.372727e-05
 4.240000e+00  4.320000e+00  3.920852e-05
 4.320000e+00  4.400000e+00  3.374161e-05
 4.400000e+00  4.480000e+00  3.036423e-05
 4.480000e+00  4.560000e+00  2.700736e-05
 4.560000e+00  4.640000e+00  2.649447e-05
 4.640000e+00  4.720000e+00  2.496866e-05
 4.720000e+00  4.800000e+00  2.352132e-05
 4.800000e+00  4.880000e+00  1.891645e-05
 4.880000e+00  4.960000e+00  1.866180e-05
 4.960000e+00  5.040000e+00  1.587355e-05
 5.040000e+00  5.120000e+00  1.488667e-05
 5.120000e+00  5.200000e+00  1.424365e-05
 5.200000e+00  5.280000e+00  1.444340e-05
 5.280000e+00  5.360000e+00  1.080585e-05
 5.360000e+00  5.440000e+00  8.468944e-06
 5.440000e+00  5.520000e+00  7.824623e-06
 5.520000e+00  5.600000e+00  9.627626e-06
 5.600000e+00  5.680000e+00  7.519065e-06
 5.680000e+00  5.760000e+00  7.706634e-06
 5.760000e+00  5.840000e+00  7.282971e-06
 5.840000e+00  5.920000e+00  5.882857e-06
 5.920000e+00  6.000000e+00  5.453317e-06
 6.000000e+00  6.080000e+00  5.440284e-06
 6.080000e+00  6.160000e+00  3.679007e-06
 6.160000e+00  6.240000e+00  4.632455e-06
 6.240000e+00  6.320000e+00  3.631178e-06
 6.320000e+00  6.400000e+00  3.285516e-06
 6.400000e+00  6.480000e+00  3.361623e-06
 6.480000e+00  6.560000e+00  3.045426e-06
 6.560000e+00  6.640000e+00  2.559368e-06
 6.640000e+00  6.720000e+00  2.352915e-06
 6.720000e+00  6.800000e+00  1.884975e-06
 6.800000e+00  6.880000e+00  2.497844e-06
 6.880000e+00  6.960000e+00  1.622488e-06
 6.960000e+00  7.040000e+00  1.541991e-06
 7.040000e+00  7.120000e+00  1.991239e-06
 7.120000e+00  7.200000e+00  1.022766e-06
 7.200000e+00  7.280000e+00  1.463233e-06
 7.280000e+00  7.360000e+00  1.327742e-06
 7.360000e+00  7.440000e+00  1.216334e-06
 7.440000e+00  7.520000e+00  1.195307e-06
 7.520000e+00  7.600000e+00  6.848215e-07
 7.600000e+00  7.680000e+00  1.120959e-06
 7.680000e+00  7.760000e+00  7.276137e-07
 7.760000e+00  7.840000e+00  7.449784e-07
 7.840000e+00  7.920000e+00  5.273328e-07
 7.920000e+00  8.000000e+00  7.995159e-07
