-2.000000e+00 -1.933333e+00  0.000000e+00
-1.933333e+00 -1.866667e+00  0.000000e+00
-1.866667e+00 -1.800000e+00  1.379281e-08
-1.800000e+00 -1.733333e+00  4.699100e-06
-1.733333e+00 -1.666667e+00  2.101737e-05
-1.666667e+00 -1.600000e+00  3.756597e-05
-1.600000e+00 -1.533333e+00  4.984916e-05
-1.533333e+00 -1.466667e+00  5.888600e-05
-1.466667e+00 -1.400000e+00  6.483511e-05
-1.400000e+00 -1.333333e+00  6.871238e-05
-1.333333e+00 -1.266667e+00  7.173899e-05
-1.266667e+00 -1.200000e+00  7.304398e-05
-1.200000e+00 -1.133333e+00  7.380904e-05
-1.133333e+00 -1.066667e+00  7.337864e-05
-1.066667e+00 -1.000000e+00  7.257650e-05
-1.000000e+00 -9.333333e-01  7.112818e-05
-9.333333e-01 -8.666667e-01  6.953803e-05
-8.666667e-01 -8.000000e-01  6.764661e-05
-8.000000e-01 -7.333333e-01  6.508414e-05
-7.333333e-01 -6.666667e-01  6.198426e-05
-6.666667e-01 -6.000000e-01  5.869634e-05
-6.000000e-01 -5.333333e-01  5.579696e-05
-5.333333e-01 -4.666667e-01  5.233699e-05
-4.666667e-01 -4.000000e-01  4.860456e-05
-4.000000e-01 -3.333333e-01  4.520998e-05
-3.333333e-01 -2.666667e-01  4.180006e-05
-2.666667e-01 -2.000000e-01  3.809978e-05
-2.000000e-01 -1.333333e-01  3.462723e-05
-1.333333e-01 -6.666667e-02  3.152232e-05
-6.666667e-02  0.000000e+00  2.844371e-05
 0.000000e+00  6.666667e-02  2.501587e-05
 6.666667e-02  1.333333e-01  2.217411e-05
 1.333333e-01  2.000000e-01  1.937854e-05
 2.000000e-01  2.666667e-01  1.687483e-05
 2.666667e-01  3.333333e-01  1.456534e-05
 3.333333e-01  4.000000e-01  1.242028e-05
 4.000000e-01  4.666667e-01  1.044442e-05
 4.666667e-01  5.333333e-01  8.544607e-06
 5.333333e-01  6.000000e-01  6.967499e-06
 6.000000e-01  6.666667e-01  5.777631e-06
 6.666667e-01  7.333333e-01  4.560595e-06
 7.333333e-01  8.000000e-01  3.541061e-06
 8.000000e-01  8.666667e-01  2.636013e-06
 8.666667e-01  9.333333e-01  2.044632e-06
 9.333333e-01  1.000000e+00  1.451681e-06
 1.000000e+00  1.066667e+00  9.996245e-07
 1.066667e+00  1.133333e+00  6.737776e-07
 1.133333e+00  1.200000e+00  4.213395e-07
 1.200000e+00  1.266667e+00  2.792627e-07
 1.266667e+00  1.333333e+00  1.657631e-07
 1.333333e+00  1.400000e+00  1.066631e-07
 1.400000e+00  1.466667e+00  4.992075e-08
 1.466667e+00  1.533333e+00  1.893401e-08
 1.533333e+00  1.600000e+00  5.099320e-09
 1.600000e+00  1.666667e+00  1.188964e-09
 1.666667e+00  1.733333e+00  1.519090e-10
 1.733333e+00  1.800000e+00  5.854177e-12
 1.800000e+00  1.866667e+00  3.077097e-13
 1.866667e+00  1.933333e+00  0.000000e+00
 1.933333e+00  2.000000e+00  0.000000e+00
