-2.000000e+00 -1.960000e+00  0.000000e+00
-1.960000e+00 -1.920000e+00  0.000000e+00
-1.920000e+00 -1.880000e+00  0.000000e+00
-1.880000e+00 -1.840000e+00  0.000000e+00
-1.840000e+00 -1.800000e+00  1.306790e-08
-1.800000e+00 -1.760000e+00  7.623433e-07
-1.760000e+00 -1.720000e+00  3.306944e-06
-1.720000e+00 -1.680000e+00  6.911716e-06
-1.680000e+00 -1.640000e+00  1.021415e-05
-1.640000e+00 -1.600000e+00  1.334902e-05
-1.600000e+00 -1.560000e+00  1.528241e-05
-1.560000e+00 -1.520000e+00  1.706130e-05
-1.520000e+00 -1.480000e+00  1.800226e-05
-1.480000e+00 -1.440000e+00  1.881597e-05
-1.440000e+00 -1.400000e+00  1.918804e-05
-1.400000e+00 -1.360000e+00  1.906392e-05
-1.360000e+00 -1.320000e+00  1.930603e-05
-1.320000e+00 -1.280000e+00  1.894731e-05
-1.280000e+00 -1.240000e+00  1.785749e-05
-1.240000e+00 -1.200000e+00  1.750054e-05
-1.200000e+00 -1.160000e+00  1.784030e-05
-1.160000e+00 -1.120000e+00  1.710359e-05
-1.120000e+00 -1.080000e+00  1.778993e-05
-1.080000e+00 -1.040000e+00  1.773250e-05
-1.040000e+00 -1.000000e+00  2.069020e-05
-1.000000e+00 -9.600000e-01  2.101245e-05
-9.600000e-01 -9.200000e-01  2.360055e-05
-9.200000e-01 -8.800000e-01  2.574646e-05
-8.800000e-01 -8.400000e-01  2.731054e-05
-8.400000e-01 -8.000000e-01  3.013511e-05
-8.000000e-01 -7.600000e-01  3.084977e-05
-7.600000e-01 -7.200000e-01  3.397583e-05
-7.200000e-01 -6.800000e-01  3.461957e-05
-6.800000e-01 -6.400000e-01  3.769441e-05
-6.400000e-01 -6.000000e-01  3.939673e-05
-6.000000e-01 -5.600000e-01  3.962197e-05
-5.600000e-01 -5.200000e-01  4.199713e-05
-5.200000e-01 -4.800000e-01  4.244522e-05
-4.800000e-01 -4.400000e-01  4.285577e-05
-4.400000e-01 -4.000000e-01  4.416908e-05
-4.000000e-01 -3.600000e-01  4.460863e-05
-3.600000e-01 -3.200000e-01  4.464880e-05
-3.200000e-01 -2.800000e-01  4.425072e-05
-2.800000e-01 -2.400000e-01  4.452683e-05
-2.400000e-01 -2.000000e-01  4.386736e-05
-2.000000e-01 -1.600000e-01  4.396015e-05
-1.600000e-01 -1.200000e-01  4.222099e-05
-1.200000e-01 -8.000000e-02  4.167717e-05
-8.000000e-02 -4.000000e-02  4.129343e-05
-4.000000e-02  0.000000e+00  3.904935e-05
 0.000000e+00  4.000000e-02  3.797817e-05
 4.000000e-02  8.000000e-02  3.664697e-05
 8.000000e-02  1.200000e-01  3.459972e-05
 1.200000e-01  1.600000e-01  3.286928e-05
 1.600000e-01  2.000000e-01  3.058123e-05
 2.000000e-01  2.400000e-01  2.880121e-05
 2.400000e-01  2.800000e-01  2.702869e-05
 2.800000e-01  3.200000e-01  2.511630e-05
 3.200000e-01  3.600000e-01  2.236545e-05
 3.600000e-01  4.000000e-01  2.073697e-05
 4.000000e-01  4.400000e-01  1.900060e-05
 4.400000e-01  4.800000e-01  1.730363e-05
 4.800000e-01  5.200000e-01  1.535307e-05
 5.200000e-01  5.600000e-01  1.350203e-05
 5.600000e-01  6.000000e-01  1.199799e-05
 6.000000e-01  6.400000e-01  1.071465e-05
 6.400000e-01  6.800000e-01  9.116847e-06
 6.800000e-01  7.200000e-01  8.124622e-06
 7.200000e-01  7.600000e-01  6.815456e-06
 7.600000e-01  8.000000e-01  5.915118e-06
 8.000000e-01  8.400000e-01  5.189201e-06
 8.400000e-01  8.800000e-01  4.395543e-06
 8.800000e-01  9.200000e-01  3.682813e-06
 9.200000e-01  9.600000e-01  3.144145e-06
 9.600000e-01  1.000000e+00  2.518120e-06
 1.000000e+00  1.040000e+00  2.105165e-06
 1.040000e+00  1.080000e+00  1.754579e-06
 1.080000e+00  1.120000e+00  1.391584e-06
 1.120000e+00  1.160000e+00  1.047345e-06
 1.160000e+00  1.200000e+00  9.165853e-07
 1.200000e+00  1.240000e+00  4.735819e-07
 1.240000e+00  1.280000e+00  5.326540e-07
 1.280000e+00  1.320000e+00  3.471873e-07
 1.320000e+00  1.360000e+00  2.347324e-07
 1.360000e+00  1.400000e+00  1.475215e-07
 1.400000e+00  1.440000e+00  1.096076e-07
 1.440000e+00  1.480000e+00  7.540478e-08
 1.480000e+00  1.520000e+00  2.781491e-08
 1.520000e+00  1.560000e+00  2.369643e-08
 1.560000e+00  1.600000e+00  1.471256e-08
 1.600000e+00  1.640000e+00  4.689933e-09
 1.640000e+00  1.680000e+00  1.522319e-09
 1.680000e+00  1.720000e+00  3.268663e-10
 1.720000e+00  1.760000e+00  9.537146e-11
 1.760000e+00  1.800000e+00  1.049936e-11
 1.800000e+00  1.840000e+00  2.849930e-13
 1.840000e+00  1.880000e+00  0.000000e+00
 1.880000e+00  1.920000e+00  0.000000e+00
 1.920000e+00  1.960000e+00  0.000000e+00
 1.960000e+00  2.000000e+00  0.000000e+00
