 0.000000e+00  5.000000e-02  3.818486e-06
 5.000000e-02  1.000000e-01  1.158175e-05
 1.000000e-01  1.500000e-01  2.085779e-05
 1.500000e-01  2.000000e-01  2.947288e-05
 2.000000e-01  2.500000e-01  3.773991e-05
 2.500000e-01  3.000000e-01  4.683917e-05
 3.000000e-01  3.500000e-01  5.367771e-05
 3.500000e-01  4.000000e-01  5.955181e-05
 4.000000e-01  4.500000e-01  6.606986e-05
 4.500000e-01  5.000000e-01  6.920556e-05
 5.000000e-01  5.500000e-01  7.184702e-05
 5.500000e-01  6.000000e-01  7.431864e-05
 6.000000e-01  6.500000e-01  7.330098e-05
 6.500000e-01  7.000000e-01  7.439745e-05
 7.000000e-01  7.500000e-01  7.142647e-05
 7.500000e-01  8.000000e-01  7.115019e-05
 8.000000e-01  8.500000e-01  6.591166e-05
 8.500000e-01  9.000000e-01  6.542351e-05
 9.000000e-01  9.500000e-01  5.979215e-05
 9.500000e-01  1.000000e+00  5.591773e-05
 1.000000e+00  1.050000e+00  5.251418e-05
 1.050000e+00  1.100000e+00  4.939612e-05
 1.100000e+00  1.150000e+00  4.535248e-05
 1.150000e+00  1.200000e+00  4.069554e-05
 1.200000e+00  1.250000e+00  3.792928e-05
 1.250000e+00  1.300000e+00  3.476934e-05
 1.300000e+00  1.350000e+00  3.043010e-05
 1.350000e+00  1.400000e+00  2.815235e-05
 1.400000e+00  1.450000e+00  2.516256e-05
 1.450000e+00  1.500000e+00  2.260327e-05
 1.500000e+00  1.550000e+00  2.055471e-05
 1.550000e+00  1.600000e+00  1.824322e-05
 1.600000e+00  1.650000e+00  1.562104e-05
 1.650000e+00  1.700000e+00  1.479502e-05
 1.700000e+00  1.750000e+00  1.244471e-05
 1.750000e+00  1.800000e+00  1.095959e-05
 1.800000e+00  1.850000e+00  1.007482e-05
 1.850000e+00  1.900000e+00  8.998908e-06
 1.900000e+00  1.950000e+00  7.765003e-06
 1.950000e+00  2.000000e+00  6.944152e-06
 2.000000e+00  2.050000e+00  5.999323e-06
 2.050000e+00  2.100000e+00  5.206611e-06
 2.100000e+00  2.150000e+00  4.492697e-06
 2.150000e+00  2.200000e+00  4.349688e-06
 2.200000e+00  2.250000e+00  3.577589e-06
 2.250000e+00  2.300000e+00  3.056915e-06
 2.300000e+00  2.350000e+00  2.882217e-06
 2.350000e+00  2.400000e+00  2.320831e-06
 2.400000e+00  2.450000e+00  2.309500e-06
 2.450000e+00  2.500000e+00  1.786152e-06
 2.500000e+00  2.550000e+00  1.549211e-06
 2.550000e+00  2.600000e+00  1.308532e-06
 2.600000e+00  2.650000e+00  1.247519e-06
 2.650000e+00  2.700000e+00  1.089300e-06
 2.700000e+00  2.750000e+00  8.687301e-07
 2.750000e+00  2.800000e+00  8.619487e-07
 2.800000e+00  2.850000e+00  6.485646e-07
 2.850000e+00  2.900000e+00  6.263790e-07
 2.900000e+00  2.950000e+00  4.410006e-07
 2.950000e+00  3.000000e+00  3.750455e-07
 3.000000e+00  3.050000e+00  3.664419e-07
 3.050000e+00  3.100000e+00  2.792556e-07
 3.100000e+00  3.150000e+00  2.384551e-07
 3.150000e+00  3.200000e+00  2.158611e-07
 3.200000e+00  3.250000e+00  1.587206e-07
 3.250000e+00  3.300000e+00  1.312561e-07
 3.300000e+00  3.350000e+00  9.561806e-08
 3.350000e+00  3.400000e+00  1.003779e-07
 3.400000e+00  3.450000e+00  8.266989e-08
 3.450000e+00  3.500000e+00  5.402431e-08
 3.500000e+00  3.550000e+00  4.498501e-08
 3.550000e+00  3.600000e+00  2.483865e-08
 3.600000e+00  3.650000e+00  3.147697e-08
 3.650000e+00  3.700000e+00  1.519668e-08
 3.700000e+00  3.750000e+00  1.399164e-08
 3.750000e+00  3.800000e+00  1.023957e-08
 3.800000e+00  3.850000e+00  9.567932e-09
 3.850000e+00  3.900000e+00  5.417059e-09
 3.900000e+00  3.950000e+00  3.436450e-09
 3.950000e+00  4.000000e+00  2.507361e-09
 4.000000e+00  4.050000e+00  1.346366e-09
 4.050000e+00  4.100000e+00  7.903578e-10
 4.100000e+00  4.150000e+00  3.910635e-10
 4.150000e+00  4.200000e+00  2.480753e-10
 4.200000e+00  4.250000e+00  1.464643e-10
 4.250000e+00  4.300000e+00  3.421044e-11
 4.300000e+00  4.350000e+00  3.034461e-11
 4.350000e+00  4.400000e+00  2.176062e-11
 4.400000e+00  4.450000e+00  1.179453e-11
 4.450000e+00  4.500000e+00  6.316676e-12
 4.500000e+00  4.550000e+00  0.000000e+00
 4.550000e+00  4.600000e+00  0.000000e+00
 4.600000e+00  4.650000e+00  0.000000e+00
 4.650000e+00  4.700000e+00  0.000000e+00
 4.700000e+00  4.750000e+00  0.000000e+00
 4.750000e+00  4.800000e+00  0.000000e+00
 4.800000e+00  4.850000e+00  0.000000e+00
 4.850000e+00  4.900000e+00  0.000000e+00
 4.900000e+00  4.950000e+00  0.000000e+00
 4.950000e+00  5.000000e+00  0.000000e+00
