 0.000000e+00  8.000000e-02  7.875341e-05
 8.000000e-02  1.600000e-01  2.212799e-04
 1.600000e-01  2.400000e-01  4.248691e-04
 2.400000e-01  3.200000e-01  5.545841e-04
 3.200000e-01  4.000000e-01  6.877124e-04
 4.000000e-01  4.800000e-01  6.884982e-04
 4.800000e-01  5.600000e-01  9.058801e-04
 5.600000e-01  6.400000e-01  9.287248e-04
 6.400000e-01  7.200000e-01  1.016164e-03
 7.200000e-01  8.000000e-01  1.011714e-03
 8.000000e-01  8.800000e-01  9.344366e-04
 8.800000e-01  9.600000e-01  1.037116e-03
 9.600000e-01  1.040000e+00  1.093588e-03
 1.040000e+00  1.120000e+00  1.065585e-03
 1.120000e+00  1.200000e+00  9.038645e-04
 1.200000e+00  1.280000e+00  9.183141e-04
 1.280000e+00  1.360000e+00  9.006869e-04
 1.360000e+00  1.440000e+00  7.540587e-04
 1.440000e+00  1.520000e+00  8.801846e-04
 1.520000e+00  1.600000e+00  7.610030e-04
 1.600000e+00  1.680000e+00  6.007810e-04
 1.680000e+00  1.760000e+00  6.751065e-04
 1.760000e+00  1.840000e+00  5.743264e-04
 1.840000e+00  1.920000e+00  5.929634e-04
 1.920000e+00  2.000000e+00  5.427285e-04
 2.000000e+00  2.080000e+00  5.004964e-04
 2.080000e+00  2.160000e+00  4.345837e-04
 2.160000e+00  2.240000e+00  4.190259e-04
 2.240000e+00  2.320000e+00  4.112265e-04
 2.320000e+00  2.400000e+00  3.666956e-04
 2.400000e+00  2.480000e+00  3.600466e-04
 2.480000e+00  2.560000e+00  2.208344e-04
 2.560000e+00  2.640000e+00  2.871859e-04
 2.640000e+00  2.720000e+00  2.698456e-04
 2.720000e+00  2.800000e+00  2.310449e-04
 2.800000e+00  2.880000e+00  2.443554e-04
 2.880000e+00  2.960000e+00  1.960048e-04
 2.960000e+00  3.040000e+00  1.690716e-04
 3.040000e+00  3.120000e+00  1.782685e-04
 3.120000e+00  3.200000e+00  1.593422e-04
 3.200000e+00  3.280000e+00  1.280578e-04
 3.280000e+00  3.360000e+00  1.374668e-04
 3.360000e+00  3.440000e+00  1.268186e-04
 3.440000e+00  3.520000e+00  1.138893e-04
 3.520000e+00  3.600000e+00  9.036557e-05
 3.600000e+00  3.680000e+00  6.987159e-05
 3.680000e+00  3.760000e+00  8.939058e-05
 3.760000e+00  3.840000e+00  9.502505e-05
 3.840000e+00  3.920000e+00  7.453334e-05
 3.920000e+00  4.000000e+00  6.131166e-05
 4.000000e+00  4.080000e+00  5.823572e-05
 4.080000e+00  4.160000e+00  5.105372e-05
 4.160000e+00  4.240000e+00  4.858962e-05
 4.240000e+00  4.320000e+00  5.644505e-05
 4.320000e+00  4.400000e+00  4.330368e-05
 4.400000e+00  4.480000e+00  3.937271e-05
 4.480000e+00  4.560000e+00  3.990162e-05
 4.560000e+00  4.640000e+00  2.668396e-05
 4.640000e+00  4.720000e+00  3.385651e-05
 4.720000e+00  4.800000e+00  2.812418e-05
 4.800000e+00  4.880000e+00  2.134887e-05
 4.880000e+00  4.960000e+00  3.052585e-05
 4.960000e+00  5.040000e+00  2.146586e-05
 5.040000e+00  5.120000e+00  1.584658e-05
 5.120000e+00  5.200000e+00  2.140937e-05
 5.200000e+00  5.280000e+00  1.556354e-05
 5.280000e+00  5.360000e+00  2.172832e-05
 5.360000e+00  5.440000e+00  1.580964e-05
 5.440000e+00  5.520000e+00  9.816339e-06
 5.520000e+00  5.600000e+00  1.371514e-05
 5.600000e+00  5.680000e+00  1.129788e-05
 5.680000e+00  5.760000e+00  1.229577e-05
 5.760000e+00  5.840000e+00  7.821812e-06
 5.840000e+00  5.920000e+00  1.035458e-05
 5.920000e+00  6.000000e+00  6.852515e-06
 6.000000e+00  6.080000e+00  9.951738e-06
 6.080000e+00  6.160000e+00  7.217421e-06
 6.160000e+00  6.240000e+00  5.245478e-06
 6.240000e+00  6.320000e+00  7.474049e-06
 6.320000e+00  6.400000e+00  4.768274e-06
 6.400000e+00  6.480000e+00  6.126873e-06
 6.480000e+00  6.560000e+00  4.628581e-06
 6.560000e+00  6.640000e+00  6.131385e-06
 6.640000e+00  6.720000e+00  4.762407e-06
 6.720000e+00  6.800000e+00  1.697752e-06
 6.800000e+00  6.880000e+00  3.998602e-06
 6.880000e+00  6.960000e+00  2.579991e-06
 6.960000e+00  7.040000e+00  3.163747e-06
 7.040000e+00  7.120000e+00  4.133083e-06
 7.120000e+00  7.200000e+00  5.772904e-07
 7.200000e+00  7.280000e+00  2.642309e-06
 7.280000e+00  7.360000e+00  2.380436e-06
 7.360000e+00  7.440000e+00  2.287037e-06
 7.440000e+00  7.520000e+00  2.140444e-06
 7.520000e+00  7.600000e+00  8.815535e-07
 7.600000e+00  7.680000e+00  1.546161e-06
 7.680000e+00  7.760000e+00  1.853528e-06
 7.760000e+00  7.840000e+00  1.529807e-06
 7.840000e+00  7.920000e+00  6.327871e-07
 7.920000e+00  8.000000e+00  1.691670e-06
