 1.000000e-01	 1.211569e-02
 3.000000e-01	 3.410355e-02
 5.000000e-01	 5.034214e-02
 7.000000e-01	 5.953939e-02
 9.000000e-01	 6.243992e-02
 1.100000e+00	 6.081663e-02
 1.300000e+00	 5.652106e-02
 1.500000e+00	 5.099406e-02
 1.700000e+00	 4.517135e-02
 1.900000e+00	 3.957849e-02
 2.100000e+00	 3.446672e-02
 2.300000e+00	 2.992561e-02
 2.500000e+00	 2.595841e-02
 2.700000e+00	 2.252521e-02
 2.900000e+00	 1.956943e-02
 3.100000e+00	 1.703132e-02
 3.300000e+00	 1.485422e-02
 3.500000e+00	 1.298676e-02
 3.700000e+00	 1.138323e-02
 3.900000e+00	 1.000419e-02
 4.100000e+00	 8.816148e-03
 4.300000e+00	 7.790683e-03
 4.500000e+00	 6.903509e-03
 4.700000e+00	 6.133756e-03
 4.900000e+00	 5.464106e-03
 5.100000e+00	 4.880102e-03
 5.300000e+00	 4.369521e-03
 5.500000e+00	 3.922006e-03
 5.700000e+00	 3.528779e-03
 5.900000e+00	 3.182389e-03
 6.100000e+00	 2.876501e-03
 6.300000e+00	 2.605720e-03
 6.500000e+00	 2.365440e-03
 6.700000e+00	 2.151723e-03
 6.900000e+00	 1.961191e-03
 7.100000e+00	 1.790943e-03
 7.300000e+00	 1.638481e-03
 7.500000e+00	 1.501651e-03
 7.700000e+00	 1.378595e-03
 7.900000e+00	 1.267702e-03
 8.100000e+00	 1.167575e-03
 8.300000e+00	 1.076998e-03
 8.500000e+00	 9.949103e-04
 8.700000e+00	 9.203851e-04
 8.900000e+00	 8.526104e-04
 9.100000e+00	 7.908733e-04
 9.300000e+00	 7.345469e-04
 9.500000e+00	 6.830788e-04
 9.700000e+00	 6.359819e-04
 9.900000e+00	 5.928273e-04
 1.010000e+01	 5.532310e-04
 1.030000e+01	 5.168464e-04
 1.050000e+01	 4.833657e-04
 1.070000e+01	 4.525152e-04
 1.090000e+01	 4.240509e-04
 1.110000e+01	 3.977551e-04
 1.130000e+01	 3.734332e-04
 1.150000e+01	 3.509108e-04
 1.170000e+01	 3.300313e-04
 1.190000e+01	 3.106543e-04
 1.210000e+01	 2.926536e-04
 1.230000e+01	 2.759162e-04
 1.250000e+01	 2.603376e-04
 1.270000e+01	 2.458231e-04
 1.290000e+01	 2.322866e-04
 1.310000e+01	 2.196504e-04
 1.330000e+01	 2.078439e-04
 1.350000e+01	 1.968027e-04
 1.370000e+01	 1.864687e-04
 1.390000e+01	 1.767946e-04
 1.410000e+01	 1.677199e-04
 1.430000e+01	 1.592064e-04
 1.450000e+01	 1.512133e-04
 1.470000e+01	 1.437031e-04
 1.490000e+01	 1.366414e-04
 1.510000e+01	 1.299966e-04
 1.530000e+01	 1.237398e-04
 1.550000e+01	 1.178443e-04
 1.570000e+01	 1.122856e-04
 1.590000e+01	 1.070411e-04
 1.610000e+01	 1.020900e-04
 1.630000e+01	 9.741299e-05
 1.650000e+01	 9.299221e-05
 1.670000e+01	 8.881120e-05
 1.690000e+01	 8.485469e-05
 1.710000e+01	 8.110853e-05
 1.730000e+01	 7.755958e-05
 1.750000e+01	 7.419568e-05
 1.770000e+01	 7.100552e-05
 1.790000e+01	 6.797857e-05
 1.810000e+01	 6.510504e-05
 1.830000e+01	 6.237585e-05
 1.850000e+01	 5.978253e-05
 1.870000e+01	 5.731718e-05
 1.890000e+01	 5.497245e-05
 1.910000e+01	 5.274143e-05
 1.930000e+01	 5.061765e-05
 1.950000e+01	 4.859509e-05
 1.970000e+01	 4.666811e-05
