 0.000000e+00  5.000000e-02  1.177480e-09
 5.000000e-02  1.000000e-01  2.073785e-08
 1.000000e-01  1.500000e-01  9.887470e-08
 1.500000e-01  2.000000e-01  2.943052e-07
 2.000000e-01  2.500000e-01  6.428270e-07
 2.500000e-01  3.000000e-01  1.195885e-06
 3.000000e-01  3.500000e-01  1.995275e-06
 3.500000e-01  4.000000e-01  3.031929e-06
 4.000000e-01  4.500000e-01  4.254337e-06
 4.500000e-01  5.000000e-01  5.575384e-06
 5.000000e-01  5.500000e-01  6.932202e-06
 5.500000e-01  6.000000e-01  8.278678e-06
 6.000000e-01  6.500000e-01  9.606030e-06
 6.500000e-01  7.000000e-01  1.073894e-05
 7.000000e-01  7.500000e-01  1.173285e-05
 7.500000e-01  8.000000e-01  1.237464e-05
 8.000000e-01  8.500000e-01  1.286244e-05
 8.500000e-01  9.000000e-01  1.304501e-05
 9.000000e-01  9.500000e-01  1.299098e-05
 9.500000e-01  1.000000e+00  1.271207e-05
 1.000000e+00  1.050000e+00  1.230672e-05
 1.050000e+00  1.100000e+00  1.179438e-05
 1.100000e+00  1.150000e+00  1.099489e-05
 1.150000e+00  1.200000e+00  1.026670e-05
 1.200000e+00  1.250000e+00  9.444221e-06
 1.250000e+00  1.300000e+00  8.550748e-06
 1.300000e+00  1.350000e+00  7.669336e-06
 1.350000e+00  1.400000e+00  6.823697e-06
 1.400000e+00  1.450000e+00  6.025238e-06
 1.450000e+00  1.500000e+00  5.244994e-06
 1.500000e+00  1.550000e+00  4.571861e-06
 1.550000e+00  1.600000e+00  3.919677e-06
 1.600000e+00  1.650000e+00  3.309354e-06
 1.650000e+00  1.700000e+00  2.805594e-06
 1.700000e+00  1.750000e+00  2.351726e-06
 1.750000e+00  1.800000e+00  1.945349e-06
 1.800000e+00  1.850000e+00  1.607090e-06
 1.850000e+00  1.900000e+00  1.294305e-06
 1.900000e+00  1.950000e+00  1.046153e-06
 1.950000e+00  2.000000e+00  8.319396e-07
 2.000000e+00  2.050000e+00  6.747822e-07
 2.050000e+00  2.100000e+00  5.340541e-07
 2.100000e+00  2.150000e+00  4.006573e-07
 2.150000e+00  2.200000e+00  3.130600e-07
 2.200000e+00  2.250000e+00  2.353168e-07
 2.250000e+00  2.300000e+00  1.799103e-07
 2.300000e+00  2.350000e+00  1.275044e-07
 2.350000e+00  2.400000e+00  9.023606e-08
 2.400000e+00  2.450000e+00  6.495372e-08
 2.450000e+00  2.500000e+00  4.369584e-08
 2.500000e+00  2.550000e+00  3.121477e-08
 2.550000e+00  2.600000e+00  1.904457e-08
 2.600000e+00  2.650000e+00  1.301412e-08
 2.650000e+00  2.700000e+00  7.453751e-09
 2.700000e+00  2.750000e+00  4.510204e-09
 2.750000e+00  2.800000e+00  2.664835e-09
 2.800000e+00  2.850000e+00  1.223656e-09
 2.850000e+00  2.900000e+00  5.650592e-10
 2.900000e+00  2.950000e+00  2.409265e-10
 2.950000e+00  3.000000e+00  8.256101e-11
 3.000000e+00  3.050000e+00  2.393252e-11
 3.050000e+00  3.100000e+00  1.057686e-11
 3.100000e+00  3.150000e+00  4.634624e-12
 3.150000e+00  3.200000e+00  7.023191e-13
 3.200000e+00  3.250000e+00  0.000000e+00
 3.250000e+00  3.300000e+00  0.000000e+00
 3.300000e+00  3.350000e+00  0.000000e+00
 3.350000e+00  3.400000e+00  0.000000e+00
 3.400000e+00  3.450000e+00  0.000000e+00
 3.450000e+00  3.500000e+00  0.000000e+00
 3.500000e+00  3.550000e+00  0.000000e+00
 3.550000e+00  3.600000e+00  0.000000e+00
 3.600000e+00  3.650000e+00  0.000000e+00
 3.650000e+00  3.700000e+00  0.000000e+00
 3.700000e+00  3.750000e+00  0.000000e+00
 3.750000e+00  3.800000e+00  0.000000e+00
 3.800000e+00  3.850000e+00  0.000000e+00
 3.850000e+00  3.900000e+00  0.000000e+00
 3.900000e+00  3.950000e+00  0.000000e+00
 3.950000e+00  4.000000e+00  0.000000e+00
 4.000000e+00  4.050000e+00  0.000000e+00
 4.050000e+00  4.100000e+00  0.000000e+00
 4.100000e+00  4.150000e+00  0.000000e+00
 4.150000e+00  4.200000e+00  0.000000e+00
 4.200000e+00  4.250000e+00  0.000000e+00
 4.250000e+00  4.300000e+00  0.000000e+00
 4.300000e+00  4.350000e+00  0.000000e+00
 4.350000e+00  4.400000e+00  0.000000e+00
 4.400000e+00  4.450000e+00  0.000000e+00
 4.450000e+00  4.500000e+00  0.000000e+00
 4.500000e+00  4.550000e+00  0.000000e+00
 4.550000e+00  4.600000e+00  0.000000e+00
 4.600000e+00  4.650000e+00  0.000000e+00
 4.650000e+00  4.700000e+00  0.000000e+00
 4.700000e+00  4.750000e+00  0.000000e+00
 4.750000e+00  4.800000e+00  0.000000e+00
 4.800000e+00  4.850000e+00  0.000000e+00
 4.850000e+00  4.900000e+00  0.000000e+00
 4.900000e+00  4.950000e+00  0.000000e+00
 4.950000e+00  5.000000e+00  0.000000e+00
