-4.500000e+00 -4.410000e+00  0.000000e+00
-4.410000e+00 -4.320000e+00  0.000000e+00
-4.320000e+00 -4.230000e+00  0.000000e+00
-4.230000e+00 -4.140000e+00  4.957811e-07
-4.140000e+00 -4.050000e+00  8.169625e-06
-4.050000e+00 -3.960000e+00  2.448592e-05
-3.960000e+00 -3.870000e+00  3.707548e-05
-3.870000e+00 -3.780000e+00  3.692934e-05
-3.780000e+00 -3.690000e+00  2.562338e-05
-3.690000e+00 -3.600000e+00  2.801931e-05
-3.600000e+00 -3.510000e+00  6.706760e-05
-3.510000e+00 -3.420000e+00  6.169750e-05
-3.420000e+00 -3.330000e+00  7.115831e-05
-3.330000e+00 -3.240000e+00  1.045247e-04
-3.240000e+00 -3.150000e+00  1.508344e-04
-3.150000e+00 -3.060000e+00  2.137713e-04
-3.060000e+00 -2.970000e+00  3.060574e-04
-2.970000e+00 -2.880000e+00  4.267158e-04
-2.880000e+00 -2.790000e+00  5.119802e-04
-2.790000e+00 -2.700000e+00  6.228377e-04
-2.700000e+00 -2.610000e+00  7.373248e-04
-2.610000e+00 -2.520000e+00  8.076952e-04
-2.520000e+00 -2.430000e+00  8.901097e-04
-2.430000e+00 -2.340000e+00  9.392982e-04
-2.340000e+00 -2.250000e+00  9.484538e-04
-2.250000e+00 -2.160000e+00  9.294044e-04
-2.160000e+00 -2.070000e+00  9.322243e-04
-2.070000e+00 -1.980000e+00  8.746373e-04
-1.980000e+00 -1.890000e+00  8.130418e-04
-1.890000e+00 -1.800000e+00  7.105670e-04
-1.800000e+00 -1.710000e+00  6.404843e-04
-1.710000e+00 -1.620000e+00  5.595311e-04
-1.620000e+00 -1.530000e+00  4.591204e-04
-1.530000e+00 -1.440000e+00  3.886072e-04
-1.440000e+00 -1.350000e+00  3.216602e-04
-1.350000e+00 -1.260000e+00  2.543787e-04
-1.260000e+00 -1.170000e+00  2.078006e-04
-1.170000e+00 -1.080000e+00  1.670375e-04
-1.080000e+00 -9.900000e-01  1.300143e-04
-9.900000e-01 -9.000000e-01  9.944680e-05
-9.000000e-01 -8.100000e-01  8.076536e-05
-8.100000e-01 -7.200000e-01  6.358134e-05
-7.200000e-01 -6.300000e-01  4.647760e-05
-6.300000e-01 -5.400000e-01  3.933466e-05
-5.400000e-01 -4.500000e-01  3.040661e-05
-4.500000e-01 -3.600000e-01  2.348949e-05
-3.600000e-01 -2.700000e-01  1.878238e-05
-2.700000e-01 -1.800000e-01  1.531170e-05
-1.800000e-01 -9.000000e-02  1.209037e-05
-9.000000e-02  0.000000e+00  1.004637e-05
 0.000000e+00  9.000000e-02  7.773627e-06
 9.000000e-02  1.800000e-01  6.665466e-06
 1.800000e-01  2.700000e-01  5.654809e-06
 2.700000e-01  3.600000e-01  4.665986e-06
 3.600000e-01  4.500000e-01  4.074851e-06
 4.500000e-01  5.400000e-01  2.851755e-06
 5.400000e-01  6.300000e-01  2.775036e-06
 6.300000e-01  7.200000e-01  2.253565e-06
 7.200000e-01  8.100000e-01  1.904156e-06
 8.100000e-01  9.000000e-01  1.488820e-06
 9.000000e-01  9.900000e-01  1.335717e-06
 9.900000e-01  1.080000e+00  1.000887e-06
 1.080000e+00  1.170000e+00  8.511947e-07
 1.170000e+00  1.260000e+00  8.527860e-07
 1.260000e+00  1.350000e+00  5.861113e-07
 1.350000e+00  1.440000e+00  4.371043e-07
 1.440000e+00  1.530000e+00  4.795655e-07
 1.530000e+00  1.620000e+00  2.671159e-07
 1.620000e+00  1.710000e+00  3.136802e-07
 1.710000e+00  1.800000e+00  2.385387e-07
 1.800000e+00  1.890000e+00  2.497954e-07
 1.890000e+00  1.980000e+00  1.028152e-07
 1.980000e+00  2.070000e+00  3.699134e-07
 2.070000e+00  2.160000e+00  1.283978e-07
 2.160000e+00  2.250000e+00  6.264800e-08
 2.250000e+00  2.340000e+00  7.915009e-08
 2.340000e+00  2.430000e+00  3.522547e-08
 2.430000e+00  2.520000e+00  4.420080e-08
 2.520000e+00  2.610000e+00  1.486239e-08
 2.610000e+00  2.700000e+00  2.399050e-08
 2.700000e+00  2.790000e+00  3.595674e-08
 2.790000e+00  2.880000e+00  1.968667e-09
 2.880000e+00  2.970000e+00  1.409957e-09
 2.970000e+00  3.060000e+00  2.614248e-09
 3.060000e+00  3.150000e+00  2.916819e-09
 3.150000e+00  3.240000e+00  1.146399e-09
 3.240000e+00  3.330000e+00  7.267851e-11
 3.330000e+00  3.420000e+00  3.693856e-10
 3.420000e+00  3.510000e+00  7.217806e-12
 3.510000e+00  3.600000e+00  1.978650e-12
 3.600000e+00  3.690000e+00  1.790868e-12
 3.690000e+00  3.780000e+00  5.831472e-13
 3.780000e+00  3.870000e+00  4.987594e-13
 3.870000e+00  3.960000e+00  3.660769e-13
 3.960000e+00  4.050000e+00  5.545970e-14
 4.050000e+00  4.140000e+00 -2.678167e-18
 4.140000e+00  4.230000e+00 -1.531064e-20
 4.230000e+00  4.320000e+00  0.000000e+00
 4.320000e+00  4.410000e+00  0.000000e+00
 4.410000e+00  4.500000e+00  0.000000e+00
