 0.000000e+00  2.000000e-01  2.853695e-04
 2.000000e-01  4.000000e-01  8.633151e-04
 4.000000e-01  6.000000e-01  2.205146e-03
 6.000000e-01  8.000000e-01  1.288651e-03
 8.000000e-01  1.000000e+00  1.525074e-03
 1.000000e+00  1.200000e+00  1.396901e-03
 1.200000e+00  1.400000e+00  1.056492e-03
 1.400000e+00  1.600000e+00  2.392549e-03
 1.600000e+00  1.800000e+00  1.939690e-03
 1.800000e+00  2.000000e+00  1.910689e-03
 2.000000e+00  2.200000e+00  1.350433e-03
 2.200000e+00  2.400000e+00  1.361399e-03
 2.400000e+00  2.600000e+00  1.133296e-03
 2.600000e+00  2.800000e+00  1.048335e-03
 2.800000e+00  3.000000e+00  1.025814e-03
 3.000000e+00  3.200000e+00  1.086393e-03
 3.200000e+00  3.400000e+00  6.618469e-04
 3.400000e+00  3.600000e+00  5.929996e-04
 3.600000e+00  3.800000e+00  6.537767e-04
 3.800000e+00  4.000000e+00  7.743542e-04
 4.000000e+00  4.200000e+00  5.250617e-04
 4.200000e+00  4.400000e+00  4.300343e-04
 4.400000e+00  4.600000e+00  4.040823e-04
 4.600000e+00  4.800000e+00  3.031990e-04
 4.800000e+00  5.000000e+00  2.703108e-04
 5.000000e+00  5.200000e+00  2.545911e-04
 5.200000e+00  5.400000e+00  1.932238e-04
 5.400000e+00  5.600000e+00  2.946876e-04
 5.600000e+00  5.800000e+00  1.466099e-04
 5.800000e+00  6.000000e+00  1.146853e-04
 6.000000e+00  6.200000e+00  1.112858e-04
 6.200000e+00  6.400000e+00  1.166566e-04
 6.400000e+00  6.600000e+00  1.194270e-04
 6.600000e+00  6.800000e+00  6.464483e-05
 6.800000e+00  7.000000e+00  9.764729e-05
 7.000000e+00  7.200000e+00  6.534739e-05
 7.200000e+00  7.400000e+00  5.536932e-05
 7.400000e+00  7.600000e+00  6.725711e-05
 7.600000e+00  7.800000e+00  3.873569e-05
 7.800000e+00  8.000000e+00  4.209146e-05
 8.000000e+00  8.200000e+00  4.632768e-05
 8.200000e+00  8.400000e+00  3.201824e-05
 8.400000e+00  8.600000e+00  2.509852e-05
 8.600000e+00  8.800000e+00  2.490206e-05
 8.800000e+00  9.000000e+00  1.196848e-05
 9.000000e+00  9.200000e+00  2.941476e-05
 9.200000e+00  9.400000e+00  1.981450e-05
 9.400000e+00  9.600000e+00  2.036684e-05
 9.600000e+00  9.800000e+00  1.510269e-05
 9.800000e+00  1.000000e+01  1.320681e-05
 1.000000e+01  1.020000e+01  1.189217e-05
 1.020000e+01  1.040000e+01  1.717662e-05
 1.040000e+01  1.060000e+01  9.150554e-06
 1.060000e+01  1.080000e+01  8.903663e-06
 1.080000e+01  1.100000e+01  7.626354e-06
 1.100000e+01  1.120000e+01  8.957249e-06
 1.120000e+01  1.140000e+01  6.682740e-06
 1.140000e+01  1.160000e+01  6.273743e-06
 1.160000e+01  1.180000e+01  7.270654e-06
 1.180000e+01  1.200000e+01  5.975949e-06
 1.200000e+01  1.220000e+01  5.118951e-06
 1.220000e+01  1.240000e+01  5.022844e-06
 1.240000e+01  1.260000e+01  5.288521e-06
 1.260000e+01  1.280000e+01  3.500186e-06
 1.280000e+01  1.300000e+01  4.612071e-06
 1.300000e+01  1.320000e+01  2.655787e-06
 1.320000e+01  1.340000e+01  3.116222e-06
 1.340000e+01  1.360000e+01  3.614355e-06
 1.360000e+01  1.380000e+01  2.383619e-06
 1.380000e+01  1.400000e+01  2.591131e-06
 1.400000e+01  1.420000e+01  2.382622e-06
 1.420000e+01  1.440000e+01  2.308634e-06
 1.440000e+01  1.460000e+01  8.424604e-06
 1.460000e+01  1.480000e+01  1.952148e-06
 1.480000e+01  1.500000e+01  1.890698e-06
 1.500000e+01  1.520000e+01  1.430451e-06
 1.520000e+01  1.540000e+01  5.303723e-06
 1.540000e+01  1.560000e+01  1.804311e-06
 1.560000e+01  1.580000e+01  2.157606e-06
 1.580000e+01  1.600000e+01  1.479160e-06
 1.600000e+01  1.620000e+01  1.714338e-06
 1.620000e+01  1.640000e+01  8.108976e-07
 1.640000e+01  1.660000e+01  1.633098e-06
 1.660000e+01  1.680000e+01  1.220720e-06
 1.680000e+01  1.700000e+01  6.765265e-07
 1.700000e+01  1.720000e+01  8.335529e-07
 1.720000e+01  1.740000e+01  6.995679e-07
 1.740000e+01  1.760000e+01  1.080864e-06
 1.760000e+01  1.780000e+01  1.346719e-06
 1.780000e+01  1.800000e+01  5.563919e-07
 1.800000e+01  1.820000e+01  5.076097e-07
 1.820000e+01  1.840000e+01  6.926767e-07
 1.840000e+01  1.860000e+01  7.473928e-07
 1.860000e+01  1.880000e+01  5.713000e-07
 1.880000e+01  1.900000e+01  5.213111e-07
 1.900000e+01  1.920000e+01  8.147961e-07
 1.920000e+01  1.940000e+01  8.356079e-08
 1.940000e+01  1.960000e+01  2.823294e-07
 1.960000e+01  1.980000e+01  5.564720e-07
 1.980000e+01  2.000000e+01  2.634962e-07
