-3.500000e+00 -3.430000e+00  0.000000e+00
-3.430000e+00 -3.360000e+00  0.000000e+00
-3.360000e+00 -3.290000e+00  0.000000e+00
-3.290000e+00 -3.220000e+00  0.000000e+00
-3.220000e+00 -3.150000e+00  0.000000e+00
-3.150000e+00 -3.080000e+00  0.000000e+00
-3.080000e+00 -3.010000e+00  0.000000e+00
-3.010000e+00 -2.940000e+00  0.000000e+00
-2.940000e+00 -2.870000e+00  0.000000e+00
-2.870000e+00 -2.800000e+00  0.000000e+00
-2.800000e+00 -2.730000e+00  0.000000e+00
-2.730000e+00 -2.660000e+00  0.000000e+00
-2.660000e+00 -2.590000e+00  0.000000e+00
-2.590000e+00 -2.520000e+00  0.000000e+00
-2.520000e+00 -2.450000e+00  0.000000e+00
-2.450000e+00 -2.380000e+00  0.000000e+00
-2.380000e+00 -2.310000e+00  1.868367e-09
-2.310000e+00 -2.240000e+00  2.223961e-07
-2.240000e+00 -2.170000e+00  1.699782e-06
-2.170000e+00 -2.100000e+00  6.625923e-06
-2.100000e+00 -2.030000e+00  1.508618e-05
-2.030000e+00 -1.960000e+00  2.893638e-05
-1.960000e+00 -1.890000e+00  4.774035e-05
-1.890000e+00 -1.820000e+00  7.098217e-05
-1.820000e+00 -1.750000e+00  9.761698e-05
-1.750000e+00 -1.680000e+00  1.274674e-04
-1.680000e+00 -1.610000e+00  1.605262e-04
-1.610000e+00 -1.540000e+00  1.934430e-04
-1.540000e+00 -1.470000e+00  2.235771e-04
-1.470000e+00 -1.400000e+00  2.511466e-04
-1.400000e+00 -1.330000e+00  2.736179e-04
-1.330000e+00 -1.260000e+00  2.902077e-04
-1.260000e+00 -1.190000e+00  3.035604e-04
-1.190000e+00 -1.120000e+00  3.071116e-04
-1.120000e+00 -1.050000e+00  3.045813e-04
-1.050000e+00 -9.800000e-01  2.954077e-04
-9.800000e-01 -9.100000e-01  2.814553e-04
-9.100000e-01 -8.400000e-01  2.615906e-04
-8.400000e-01 -7.700000e-01  2.404055e-04
-7.700000e-01 -7.000000e-01  2.150893e-04
-7.000000e-01 -6.300000e-01  1.888288e-04
-6.300000e-01 -5.600000e-01  1.631528e-04
-5.600000e-01 -4.900000e-01  1.388618e-04
-4.900000e-01 -4.200000e-01  1.167407e-04
-4.200000e-01 -3.500000e-01  9.552462e-05
-3.500000e-01 -2.800000e-01  7.732148e-05
-2.800000e-01 -2.100000e-01  6.150374e-05
-2.100000e-01 -1.400000e-01  4.923662e-05
-1.400000e-01 -7.000000e-02  3.783429e-05
-7.000000e-02  0.000000e+00  2.890545e-05
 0.000000e+00  7.000000e-02  2.216403e-05
 7.000000e-02  1.400000e-01  1.659000e-05
 1.400000e-01  2.100000e-01  1.246706e-05
 2.100000e-01  2.800000e-01  8.975238e-06
 2.800000e-01  3.500000e-01  6.621348e-06
 3.500000e-01  4.200000e-01  4.736436e-06
 4.200000e-01  4.900000e-01  3.451820e-06
 4.900000e-01  5.600000e-01  2.583436e-06
 5.600000e-01  6.300000e-01  1.933182e-06
 6.300000e-01  7.000000e-01  1.348004e-06
 7.000000e-01  7.700000e-01  9.444479e-07
 7.700000e-01  8.400000e-01  6.409185e-07
 8.400000e-01  9.100000e-01  4.882286e-07
 9.100000e-01  9.800000e-01  3.785341e-07
 9.800000e-01  1.050000e+00  2.000840e-07
 1.050000e+00  1.120000e+00  1.637269e-07
 1.120000e+00  1.190000e+00  1.671033e-07
 1.190000e+00  1.260000e+00  1.035631e-07
 1.260000e+00  1.330000e+00  3.833235e-08
 1.330000e+00  1.400000e+00  4.158334e-08
 1.400000e+00  1.470000e+00  1.807269e-08
 1.470000e+00  1.540000e+00  2.947018e-08
 1.540000e+00  1.610000e+00  1.970465e-08
 1.610000e+00  1.680000e+00  1.352464e-08
 1.680000e+00  1.750000e+00  6.104377e-09
 1.750000e+00  1.820000e+00  7.318717e-09
 1.820000e+00  1.890000e+00  2.499586e-09
 1.890000e+00  1.960000e+00  2.523390e-09
 1.960000e+00  2.030000e+00  6.314944e-10
 2.030000e+00  2.100000e+00  3.680111e-10
 2.100000e+00  2.170000e+00  2.607189e-10
 2.170000e+00  2.240000e+00  1.180247e-10
 2.240000e+00  2.310000e+00  7.923460e-11
 2.310000e+00  2.380000e+00  5.643620e-11
 2.380000e+00  2.450000e+00  8.164979e-12
 2.450000e+00  2.520000e+00  5.334155e-12
 2.520000e+00  2.590000e+00  0.000000e+00
 2.590000e+00  2.660000e+00  0.000000e+00
 2.660000e+00  2.730000e+00  1.169927e-12
 2.730000e+00  2.800000e+00  1.771987e-15
 2.800000e+00  2.870000e+00  3.901552e-14
 2.870000e+00  2.940000e+00  0.000000e+00
 2.940000e+00  3.010000e+00  0.000000e+00
 3.010000e+00  3.080000e+00  0.000000e+00
 3.080000e+00  3.150000e+00  0.000000e+00
 3.150000e+00  3.220000e+00  0.000000e+00
 3.220000e+00  3.290000e+00  0.000000e+00
 3.290000e+00  3.360000e+00  0.000000e+00
 3.360000e+00  3.430000e+00  0.000000e+00
 3.430000e+00  3.500000e+00  0.000000e+00
