 0.000000e+00  8.000000e-02  5.035893e-06
 8.000000e-02  1.600000e-01  1.548201e-05
 1.600000e-01  2.400000e-01  2.769985e-05
 2.400000e-01  3.200000e-01  4.449653e-05
 3.200000e-01  4.000000e-01  6.660340e-05
 4.000000e-01  4.800000e-01  9.565145e-05
 4.800000e-01  5.600000e-01  1.296095e-04
 5.600000e-01  6.400000e-01  1.618799e-04
 6.400000e-01  7.200000e-01  1.991329e-04
 7.200000e-01  8.000000e-01  2.268929e-04
 8.000000e-01  8.800000e-01  2.534530e-04
 8.800000e-01  9.600000e-01  2.740853e-04
 9.600000e-01  1.040000e+00  2.845406e-04
 1.040000e+00  1.120000e+00  2.897678e-04
 1.120000e+00  1.200000e+00  2.855307e-04
 1.200000e+00  1.280000e+00  2.811407e-04
 1.280000e+00  1.360000e+00  2.728580e-04
 1.360000e+00  1.440000e+00  2.605241e-04
 1.440000e+00  1.520000e+00  2.431351e-04
 1.520000e+00  1.600000e+00  2.266235e-04
 1.600000e+00  1.680000e+00  2.173659e-04
 1.680000e+00  1.760000e+00  1.963721e-04
 1.760000e+00  1.840000e+00  1.808455e-04
 1.840000e+00  1.920000e+00  1.666118e-04
 1.920000e+00  2.000000e+00  1.436248e-04
 2.000000e+00  2.080000e+00  1.341289e-04
 2.080000e+00  2.160000e+00  1.303317e-04
 2.160000e+00  2.240000e+00  1.130353e-04
 2.240000e+00  2.320000e+00  9.790984e-05
 2.320000e+00  2.400000e+00  9.141845e-05
 2.400000e+00  2.480000e+00  7.996458e-05
 2.480000e+00  2.560000e+00  7.356636e-05
 2.560000e+00  2.640000e+00  6.160735e-05
 2.640000e+00  2.720000e+00  5.914725e-05
 2.720000e+00  2.800000e+00  5.224764e-05
 2.800000e+00  2.880000e+00  4.451753e-05
 2.880000e+00  2.960000e+00  4.212148e-05
 2.960000e+00  3.040000e+00  3.857952e-05
 3.040000e+00  3.120000e+00  3.041288e-05
 3.120000e+00  3.200000e+00  2.846509e-05
 3.200000e+00  3.280000e+00  2.996225e-05
 3.280000e+00  3.360000e+00  2.267193e-05
 3.360000e+00  3.440000e+00  2.154958e-05
 3.440000e+00  3.520000e+00  1.634238e-05
 3.520000e+00  3.600000e+00  1.924617e-05
 3.600000e+00  3.680000e+00  1.500286e-05
 3.680000e+00  3.760000e+00  1.466846e-05
 3.760000e+00  3.840000e+00  1.402062e-05
 3.840000e+00  3.920000e+00  9.382413e-06
 3.920000e+00  4.000000e+00  9.059106e-06
 4.000000e+00  4.080000e+00  9.267945e-06
 4.080000e+00  4.160000e+00  8.103821e-06
 4.160000e+00  4.240000e+00  7.994666e-06
 4.240000e+00  4.320000e+00  6.332331e-06
 4.320000e+00  4.400000e+00  6.004661e-06
 4.400000e+00  4.480000e+00  3.663341e-06
 4.480000e+00  4.560000e+00  3.978638e-06
 4.560000e+00  4.640000e+00  4.991411e-06
 4.640000e+00  4.720000e+00  4.136163e-06
 4.720000e+00  4.800000e+00  3.618366e-06
 4.800000e+00  4.880000e+00  2.704202e-06
 4.880000e+00  4.960000e+00  2.912858e-06
 4.960000e+00  5.040000e+00  2.628852e-06
 5.040000e+00  5.120000e+00  2.252587e-06
 5.120000e+00  5.200000e+00  1.997350e-06
 5.200000e+00  5.280000e+00  1.847065e-06
 5.280000e+00  5.360000e+00  1.980643e-06
 5.360000e+00  5.440000e+00  1.200980e-06
 5.440000e+00  5.520000e+00  9.263322e-07
 5.520000e+00  5.600000e+00  1.146251e-06
 5.600000e+00  5.680000e+00  1.023370e-06
 5.680000e+00  5.760000e+00  1.174774e-06
 5.760000e+00  5.840000e+00  7.735020e-07
 5.840000e+00  5.920000e+00  7.414200e-07
 5.920000e+00  6.000000e+00  9.709989e-07
 6.000000e+00  6.080000e+00  7.199859e-07
 6.080000e+00  6.160000e+00  4.615428e-07
 6.160000e+00  6.240000e+00  6.520501e-07
 6.240000e+00  6.320000e+00  4.907085e-07
 6.320000e+00  6.400000e+00  3.858889e-07
 6.400000e+00  6.480000e+00  4.234322e-07
 6.480000e+00  6.560000e+00  3.393668e-07
 6.560000e+00  6.640000e+00  3.747216e-07
 6.640000e+00  6.720000e+00  3.109687e-07
 6.720000e+00  6.800000e+00  2.543625e-07
 6.800000e+00  6.880000e+00  2.779131e-07
 6.880000e+00  6.960000e+00  2.271869e-07
 6.960000e+00  7.040000e+00  1.736605e-07
 7.040000e+00  7.120000e+00  2.073174e-07
 7.120000e+00  7.200000e+00  1.427074e-07
 7.200000e+00  7.280000e+00  1.266716e-07
 7.280000e+00  7.360000e+00  1.049501e-07
 7.360000e+00  7.440000e+00  1.440785e-07
 7.440000e+00  7.520000e+00  1.198189e-07
 7.520000e+00  7.600000e+00  1.126260e-07
 7.600000e+00  7.680000e+00  9.108716e-08
 7.680000e+00  7.760000e+00  7.472824e-08
 7.760000e+00  7.840000e+00  9.050642e-08
 7.840000e+00  7.920000e+00  7.100567e-08
 7.920000e+00  8.000000e+00  5.024870e-08
