 0.000000e+00  8.000000e-02  7.094701e-08
 8.000000e-02  1.600000e-01  1.256870e-06
 1.600000e-01  2.400000e-01  6.095635e-06
 2.400000e-01  3.200000e-01  1.722143e-05
 3.200000e-01  4.000000e-01  3.703317e-05
 4.000000e-01  4.800000e-01  6.513235e-05
 4.800000e-01  5.600000e-01  9.926980e-05
 5.600000e-01  6.400000e-01  1.382055e-04
 6.400000e-01  7.200000e-01  1.762345e-04
 7.200000e-01  8.000000e-01  2.114858e-04
 8.000000e-01  8.800000e-01  2.404737e-04
 8.800000e-01  9.600000e-01  2.614325e-04
 9.600000e-01  1.040000e+00  2.736885e-04
 1.040000e+00  1.120000e+00  2.791026e-04
 1.120000e+00  1.200000e+00  2.774782e-04
 1.200000e+00  1.280000e+00  2.678133e-04
 1.280000e+00  1.360000e+00  2.555040e-04
 1.360000e+00  1.440000e+00  2.389146e-04
 1.440000e+00  1.520000e+00  2.197735e-04
 1.520000e+00  1.600000e+00  2.018428e-04
 1.600000e+00  1.680000e+00  1.820402e-04
 1.680000e+00  1.760000e+00  1.636323e-04
 1.760000e+00  1.840000e+00  1.460801e-04
 1.840000e+00  1.920000e+00  1.286912e-04
 1.920000e+00  2.000000e+00  1.133836e-04
 2.000000e+00  2.080000e+00  9.989987e-05
 2.080000e+00  2.160000e+00  8.744878e-05
 2.160000e+00  2.240000e+00  7.660140e-05
 2.240000e+00  2.320000e+00  6.664616e-05
 2.320000e+00  2.400000e+00  5.832385e-05
 2.400000e+00  2.480000e+00  5.007328e-05
 2.480000e+00  2.560000e+00  4.302741e-05
 2.560000e+00  2.640000e+00  3.772081e-05
 2.640000e+00  2.720000e+00  3.243465e-05
 2.720000e+00  2.800000e+00  2.836205e-05
 2.800000e+00  2.880000e+00  2.426781e-05
 2.880000e+00  2.960000e+00  2.088602e-05
 2.960000e+00  3.040000e+00  1.811366e-05
 3.040000e+00  3.120000e+00  1.572915e-05
 3.120000e+00  3.200000e+00  1.381590e-05
 3.200000e+00  3.280000e+00  1.206318e-05
 3.280000e+00  3.360000e+00  1.012959e-05
 3.360000e+00  3.440000e+00  8.721174e-06
 3.440000e+00  3.520000e+00  7.557626e-06
 3.520000e+00  3.600000e+00  6.501888e-06
 3.600000e+00  3.680000e+00  5.568583e-06
 3.680000e+00  3.760000e+00  4.908842e-06
 3.760000e+00  3.840000e+00  4.363181e-06
 3.840000e+00  3.920000e+00  3.572586e-06
 3.920000e+00  4.000000e+00  3.300162e-06
 4.000000e+00  4.080000e+00  2.915493e-06
 4.080000e+00  4.160000e+00  2.369372e-06
 4.160000e+00  4.240000e+00  2.201105e-06
 4.240000e+00  4.320000e+00  1.875406e-06
 4.320000e+00  4.400000e+00  1.665420e-06
 4.400000e+00  4.480000e+00  1.411811e-06
 4.480000e+00  4.560000e+00  1.236800e-06
 4.560000e+00  4.640000e+00  1.002319e-06
 4.640000e+00  4.720000e+00  8.997175e-07
 4.720000e+00  4.800000e+00  8.493548e-07
 4.800000e+00  4.880000e+00  6.913759e-07
 4.880000e+00  4.960000e+00  7.041320e-07
 4.960000e+00  5.040000e+00  5.109811e-07
 5.040000e+00  5.120000e+00  4.709455e-07
 5.120000e+00  5.200000e+00  4.097586e-07
 5.200000e+00  5.280000e+00  3.130894e-07
 5.280000e+00  5.360000e+00  3.083572e-07
 5.360000e+00  5.440000e+00  2.716444e-07
 5.440000e+00  5.520000e+00  2.321175e-07
 5.520000e+00  5.600000e+00  2.331044e-07
 5.600000e+00  5.680000e+00  1.793027e-07
 5.680000e+00  5.760000e+00  1.500328e-07
 5.760000e+00  5.840000e+00  1.239925e-07
 5.840000e+00  5.920000e+00  1.130148e-07
 5.920000e+00  6.000000e+00  1.049590e-07
 6.000000e+00  6.080000e+00  9.016499e-08
 6.080000e+00  6.160000e+00  6.999147e-08
 6.160000e+00  6.240000e+00  6.135815e-08
 6.240000e+00  6.320000e+00  5.688662e-08
 6.320000e+00  6.400000e+00  5.700717e-08
 6.400000e+00  6.480000e+00  4.494413e-08
 6.480000e+00  6.560000e+00  3.423290e-08
 6.560000e+00  6.640000e+00  3.014547e-08
 6.640000e+00  6.720000e+00  2.992547e-08
 6.720000e+00  6.800000e+00  2.331884e-08
 6.800000e+00  6.880000e+00  1.931170e-08
 6.880000e+00  6.960000e+00  1.664434e-08
 6.960000e+00  7.040000e+00  1.585536e-08
 7.040000e+00  7.120000e+00  1.208454e-08
 7.120000e+00  7.200000e+00  1.184293e-08
 7.200000e+00  7.280000e+00  7.690458e-09
 7.280000e+00  7.360000e+00  9.753051e-09
 7.360000e+00  7.440000e+00  7.039486e-09
 7.440000e+00  7.520000e+00  6.413722e-09
 7.520000e+00  7.600000e+00  4.631609e-09
 7.600000e+00  7.680000e+00  5.129338e-09
 7.680000e+00  7.760000e+00  3.670900e-09
 7.760000e+00  7.840000e+00  3.701535e-09
 7.840000e+00  7.920000e+00  3.182951e-09
 7.920000e+00  8.000000e+00  2.473545e-09
