 0.000000e+00  5.000000e-02  7.061390e-08
 5.000000e-02  1.000000e-01  2.322401e-07
 1.000000e-01  1.500000e-01  4.849460e-07
 1.500000e-01  2.000000e-01  6.434152e-07
 2.000000e-01  2.500000e-01  1.161361e-06
 2.500000e-01  3.000000e-01  1.379033e-06
 3.000000e-01  3.500000e-01  2.262932e-06
 3.500000e-01  4.000000e-01  2.619911e-06
 4.000000e-01  4.500000e-01  3.556140e-06
 4.500000e-01  5.000000e-01  4.769984e-06
 5.000000e-01  5.500000e-01  5.487400e-06
 5.500000e-01  6.000000e-01  5.956031e-06
 6.000000e-01  6.500000e-01  6.907924e-06
 6.500000e-01  7.000000e-01  8.914102e-06
 7.000000e-01  7.500000e-01  8.410469e-06
 7.500000e-01  8.000000e-01  1.073454e-05
 8.000000e-01  8.500000e-01  1.106358e-05
 8.500000e-01  9.000000e-01  1.115531e-05
 9.000000e-01  9.500000e-01  1.215906e-05
 9.500000e-01  1.000000e+00  1.235089e-05
 1.000000e+00  1.050000e+00  1.466101e-05
 1.050000e+00  1.100000e+00  1.360701e-05
 1.100000e+00  1.150000e+00  1.448279e-05
 1.150000e+00  1.200000e+00  1.386094e-05
 1.200000e+00  1.250000e+00  1.454465e-05
 1.250000e+00  1.300000e+00  1.245495e-05
 1.300000e+00  1.350000e+00  1.325036e-05
 1.350000e+00  1.400000e+00  1.188408e-05
 1.400000e+00  1.450000e+00  1.246162e-05
 1.450000e+00  1.500000e+00  1.473073e-05
 1.500000e+00  1.550000e+00  1.275039e-05
 1.550000e+00  1.600000e+00  1.032087e-05
 1.600000e+00  1.650000e+00  7.807760e-06
 1.650000e+00  1.700000e+00  9.207243e-06
 1.700000e+00  1.750000e+00  9.771974e-06
 1.750000e+00  1.800000e+00  7.568807e-06
 1.800000e+00  1.850000e+00  7.602252e-06
 1.850000e+00  1.900000e+00  7.326964e-06
 1.900000e+00  1.950000e+00  5.076862e-06
 1.950000e+00  2.000000e+00  6.818633e-06
 2.000000e+00  2.050000e+00  4.905063e-06
 2.050000e+00  2.100000e+00  4.815409e-06
 2.100000e+00  2.150000e+00  4.711572e-06
 2.150000e+00  2.200000e+00  5.111801e-06
 2.200000e+00  2.250000e+00  3.045322e-06
 2.250000e+00  2.300000e+00  3.150869e-06
 2.300000e+00  2.350000e+00  2.236394e-06
 2.350000e+00  2.400000e+00  2.461331e-06
 2.400000e+00  2.450000e+00  2.141980e-06
 2.450000e+00  2.500000e+00  1.900485e-06
 2.500000e+00  2.550000e+00  1.559237e-06
 2.550000e+00  2.600000e+00  1.718914e-06
 2.600000e+00  2.650000e+00  8.799990e-07
 2.650000e+00  2.700000e+00  1.212329e-06
 2.700000e+00  2.750000e+00  9.260450e-07
 2.750000e+00  2.800000e+00  8.286238e-07
 2.800000e+00  2.850000e+00  5.444944e-07
 2.850000e+00  2.900000e+00  5.117557e-07
 2.900000e+00  2.950000e+00  4.426838e-07
 2.950000e+00  3.000000e+00  4.906468e-07
 3.000000e+00  3.050000e+00  2.374475e-07
 3.050000e+00  3.100000e+00  4.552396e-07
 3.100000e+00  3.150000e+00  1.862434e-07
 3.150000e+00  3.200000e+00  1.949828e-07
 3.200000e+00  3.250000e+00  1.068664e-07
 3.250000e+00  3.300000e+00  1.182550e-07
 3.300000e+00  3.350000e+00  7.604446e-08
 3.350000e+00  3.400000e+00  9.235132e-08
 3.400000e+00  3.450000e+00  7.181668e-08
 3.450000e+00  3.500000e+00  6.090901e-08
 3.500000e+00  3.550000e+00  1.961519e-08
 3.550000e+00  3.600000e+00  1.805908e-08
 3.600000e+00  3.650000e+00  2.094895e-08
 3.650000e+00  3.700000e+00  2.089787e-08
 3.700000e+00  3.750000e+00  1.337756e-08
 3.750000e+00  3.800000e+00  8.303757e-09
 3.800000e+00  3.850000e+00  2.969747e-09
 3.850000e+00  3.900000e+00  3.839280e-09
 3.900000e+00  3.950000e+00  2.459311e-09
 3.950000e+00  4.000000e+00  5.268112e-10
 4.000000e+00  4.050000e+00  1.385617e-09
 4.050000e+00  4.100000e+00  5.079359e-10
 4.100000e+00  4.150000e+00  2.424423e-10
 4.150000e+00  4.200000e+00  1.888495e-10
 4.200000e+00  4.250000e+00  4.098062e-11
 4.250000e+00  4.300000e+00  8.772297e-12
 4.300000e+00  4.350000e+00  1.482944e-11
 4.350000e+00  4.400000e+00  1.252474e-11
 4.400000e+00  4.450000e+00  6.415788e-12
 4.450000e+00  4.500000e+00  2.229535e-12
 4.500000e+00  4.550000e+00  0.000000e+00
 4.550000e+00  4.600000e+00  0.000000e+00
 4.600000e+00  4.650000e+00  0.000000e+00
 4.650000e+00  4.700000e+00  0.000000e+00
 4.700000e+00  4.750000e+00  0.000000e+00
 4.750000e+00  4.800000e+00  0.000000e+00
 4.800000e+00  4.850000e+00  0.000000e+00
 4.850000e+00  4.900000e+00  0.000000e+00
 4.900000e+00  4.950000e+00  0.000000e+00
 4.950000e+00  5.000000e+00  0.000000e+00
