 0.000000e+00  1.500000e-01  2.211029e-06
 1.500000e-01  3.000000e-01  3.881305e-05
 3.000000e-01  4.500000e-01  1.750237e-04
 4.500000e-01  6.000000e-01  4.289896e-04
 6.000000e-01  7.500000e-01  7.456602e-04
 7.500000e-01  9.000000e-01  1.039097e-03
 9.000000e-01  1.050000e+00  1.240843e-03
 1.050000e+00  1.200000e+00  1.318170e-03
 1.200000e+00  1.350000e+00  1.298747e-03
 1.350000e+00  1.500000e+00  1.208567e-03
 1.500000e+00  1.650000e+00  1.074401e-03
 1.650000e+00  1.800000e+00  9.355523e-04
 1.800000e+00  1.950000e+00  7.900217e-04
 1.950000e+00  2.100000e+00  6.576677e-04
 2.100000e+00  2.250000e+00  5.422030e-04
 2.250000e+00  2.400000e+00  4.459155e-04
 2.400000e+00  2.550000e+00  3.626425e-04
 2.550000e+00  2.700000e+00  2.943675e-04
 2.700000e+00  2.850000e+00  2.403212e-04
 2.850000e+00  3.000000e+00  1.957347e-04
 3.000000e+00  3.150000e+00  1.587321e-04
 3.150000e+00  3.300000e+00  1.292444e-04
 3.300000e+00  3.450000e+00  1.056051e-04
 3.450000e+00  3.600000e+00  8.646400e-05
 3.600000e+00  3.750000e+00  7.039901e-05
 3.750000e+00  3.900000e+00  5.886754e-05
 3.900000e+00  4.050000e+00  4.829041e-05
 4.050000e+00  4.200000e+00  4.000060e-05
 4.200000e+00  4.350000e+00  3.314802e-05
 4.350000e+00  4.500000e+00  2.780137e-05
 4.500000e+00  4.650000e+00  2.411318e-05
 4.650000e+00  4.800000e+00  1.978235e-05
 4.800000e+00  4.950000e+00  1.647348e-05
 4.950000e+00  5.100000e+00  1.364065e-05
 5.100000e+00  5.250000e+00  1.173442e-05
 5.250000e+00  5.400000e+00  9.942757e-06
 5.400000e+00  5.550000e+00  8.282758e-06
 5.550000e+00  5.700000e+00  7.167396e-06
 5.700000e+00  5.850000e+00  5.919830e-06
 5.850000e+00  6.000000e+00  5.243656e-06
 6.000000e+00  6.150000e+00  4.539601e-06
 6.150000e+00  6.300000e+00  3.721748e-06
 6.300000e+00  6.450000e+00  3.226890e-06
 6.450000e+00  6.600000e+00  2.921508e-06
 6.600000e+00  6.750000e+00  2.505356e-06
 6.750000e+00  6.900000e+00  2.003019e-06
 6.900000e+00  7.050000e+00  1.969553e-06
 7.050000e+00  7.200000e+00  1.675411e-06
 7.200000e+00  7.350000e+00  1.482245e-06
 7.350000e+00  7.500000e+00  1.194677e-06
 7.500000e+00  7.650000e+00  9.265743e-07
 7.650000e+00  7.800000e+00  8.965470e-07
 7.800000e+00  7.950000e+00  9.281451e-07
 7.950000e+00  8.100000e+00  7.894079e-07
 8.100000e+00  8.250000e+00  5.751879e-07
 8.250000e+00  8.400000e+00  4.921814e-07
 8.400000e+00  8.550000e+00  4.740562e-07
 8.550000e+00  8.700000e+00  5.000792e-07
 8.700000e+00  8.850000e+00  3.988120e-07
 8.850000e+00  9.000000e+00  3.105838e-07
 9.000000e+00  9.150000e+00  2.876834e-07
 9.150000e+00  9.300000e+00  2.651670e-07
 9.300000e+00  9.450000e+00  2.053211e-07
 9.450000e+00  9.600000e+00  1.791340e-07
 9.600000e+00  9.750000e+00  2.269905e-07
 9.750000e+00  9.900000e+00  1.450904e-07
 9.900000e+00  1.005000e+01  1.592190e-07
 1.005000e+01  1.020000e+01  1.118643e-07
 1.020000e+01  1.035000e+01  1.284160e-07
 1.035000e+01  1.050000e+01  9.739021e-08
 1.050000e+01  1.065000e+01  1.117714e-07
 1.065000e+01  1.080000e+01  8.554787e-08
 1.080000e+01  1.095000e+01  8.333994e-08
 1.095000e+01  1.110000e+01  7.263789e-08
 1.110000e+01  1.125000e+01  6.032032e-08
 1.125000e+01  1.140000e+01  5.248800e-08
 1.140000e+01  1.155000e+01  4.809126e-08
 1.155000e+01  1.170000e+01  3.407396e-08
 1.170000e+01  1.185000e+01  4.336590e-08
 1.185000e+01  1.200000e+01  4.118956e-08
 1.200000e+01  1.215000e+01  3.186371e-08
 1.215000e+01  1.230000e+01  3.013031e-08
 1.230000e+01  1.245000e+01  3.304162e-08
 1.245000e+01  1.260000e+01  1.996731e-08
 1.260000e+01  1.275000e+01  2.288954e-08
 1.275000e+01  1.290000e+01  2.342423e-08
 1.290000e+01  1.305000e+01  1.446718e-08
 1.305000e+01  1.320000e+01  1.415779e-08
 1.320000e+01  1.335000e+01  1.479048e-08
 1.335000e+01  1.350000e+01  1.488270e-08
 1.350000e+01  1.365000e+01  1.323739e-08
 1.365000e+01  1.380000e+01  1.089102e-08
 1.380000e+01  1.395000e+01  1.096720e-08
 1.395000e+01  1.410000e+01  1.017426e-08
 1.410000e+01  1.425000e+01  9.607695e-09
 1.425000e+01  1.440000e+01  6.837594e-09
 1.440000e+01  1.455000e+01  7.499216e-09
 1.455000e+01  1.470000e+01  6.230775e-09
 1.470000e+01  1.485000e+01  6.486536e-09
 1.485000e+01  1.500000e+01  3.991572e-09
