 0.000000e+00  1.600000e-01 -7.741663e-06
 1.600000e-01  3.200000e-01 -6.934566e-05
 3.200000e-01  4.800000e-01 -2.197595e-04
 4.800000e-01  6.400000e-01 -4.379054e-04
 6.400000e-01  8.000000e-01 -6.912680e-04
 8.000000e-01  9.600000e-01 -9.160814e-04
 9.600000e-01  1.120000e+00 -7.553510e-04
 1.120000e+00  1.280000e+00 -9.909314e-04
 1.280000e+00  1.440000e+00 -5.675771e-04
 1.440000e+00  1.600000e+00 -2.364638e-04
 1.600000e+00  1.760000e+00  1.997089e-04
 1.760000e+00  1.920000e+00  4.610820e-04
 1.920000e+00  2.080000e+00  8.513169e-04
 2.080000e+00  2.240000e+00  8.005984e-04
 2.240000e+00  2.400000e+00  1.036307e-03
 2.400000e+00  2.560000e+00  2.115623e-03
 2.560000e+00  2.720000e+00  1.658363e-03
 2.720000e+00  2.880000e+00  1.837334e-03
 2.880000e+00  3.040000e+00  2.295681e-03
 3.040000e+00  3.200000e+00  1.616311e-03
 3.200000e+00  3.360000e+00  2.515192e-03
 3.360000e+00  3.520000e+00  2.184789e-03
 3.520000e+00  3.680000e+00  2.042755e-03
 3.680000e+00  3.840000e+00  1.726671e-03
 3.840000e+00  4.000000e+00  1.695454e-03
 4.000000e+00  4.160000e+00  1.917376e-03
 4.160000e+00  4.320000e+00  1.469845e-03
 4.320000e+00  4.480000e+00  1.682736e-03
 4.480000e+00  4.640000e+00  1.451416e-03
 4.640000e+00  4.800000e+00  1.410775e-03
 4.800000e+00  4.960000e+00  1.189662e-03
 4.960000e+00  5.120000e+00  1.279847e-03
 5.120000e+00  5.280000e+00  7.146220e-04
 5.280000e+00  5.440000e+00  1.112026e-03
 5.440000e+00  5.600000e+00  8.758256e-04
 5.600000e+00  5.760000e+00  7.583377e-04
 5.760000e+00  5.920000e+00  7.193316e-04
 5.920000e+00  6.080000e+00  9.298447e-04
 6.080000e+00  6.240000e+00  6.369040e-04
 6.240000e+00  6.400000e+00  6.110323e-04
 6.400000e+00  6.560000e+00  5.829888e-04
 6.560000e+00  6.720000e+00  4.533966e-04
 6.720000e+00  6.880000e+00  4.079766e-04
 6.880000e+00  7.040000e+00  3.082960e-04
 7.040000e+00  7.200000e+00  3.728816e-04
 7.200000e+00  7.360000e+00  2.613743e-04
 7.360000e+00  7.520000e+00  2.017044e-04
 7.520000e+00  7.680000e+00  3.721180e-04
 7.680000e+00  7.840000e+00  2.674103e-04
 7.840000e+00  8.000000e+00  2.176292e-04
