 1.000000e-03	 4.112683e-03	 4.565995e-17	 8.320830e-07	 9.237977e-21	 4.111775e-03	 4.564988e-17	 4.854693e-03	 5.389792e-17	 7.429174e-04	 8.248040e-18	 4.111775e-03	 4.564988e-17	 1.321590e-19	 1.439180e-18	-1.303334e-20	 1.439170e-18	 0.000000e+00	 0.000000e+00
 1.148154e-03	 4.406945e-03	 4.892692e-17	 1.023603e-06	 1.136427e-20	 4.405829e-03	 4.891453e-17	 5.201994e-03	 5.775374e-17	 7.961649e-04	 8.839206e-18	 4.405829e-03	 4.891453e-17	 1.448050e-19	 1.652239e-18	-9.414637e-20	 1.652226e-18	 0.000000e+00	 0.000000e+00
 1.318257e-03	 4.722282e-03	 5.242787e-17	 1.259189e-06	 1.397981e-20	 4.720909e-03	 5.241262e-17	 5.574156e-03	 6.188557e-17	 8.532470e-04	 9.472945e-18	 4.720909e-03	 5.241262e-17	 4.387346e-19	 1.896813e-18	-1.700107e-19	 1.896795e-18	 0.000000e+00	 0.000000e+00
 1.513561e-03	 5.060208e-03	 5.617959e-17	 1.548975e-06	 1.719708e-20	 5.058519e-03	 5.616084e-17	 5.972963e-03	 6.631321e-17	 9.144440e-04	 1.015237e-17	 5.058519e-03	 5.616084e-17	 1.644173e-19	 2.177553e-18	-1.354039e-19	 2.177530e-18	 0.000000e+00	 0.000000e+00
 1.737801e-03	 5.422345e-03	 6.020012e-17	 1.905422e-06	 2.115443e-20	 5.420267e-03	 6.017706e-17	 6.400325e-03	 7.105788e-17	 9.800576e-04	 1.088082e-17	 5.420267e-03	 6.017706e-17	-1.996553e-20	 2.499797e-18	 7.235122e-20	 2.499767e-18	 0.000000e+00	 0.000000e+00
 1.995262e-03	 5.810436e-03	 6.450880e-17	 2.343850e-06	 2.602196e-20	 5.807880e-03	 6.448042e-17	 6.858293e-03	 7.614235e-17	 1.050413e-03	 1.166192e-17	 5.807880e-03	 6.448042e-17	 4.396440e-20	 2.869666e-18	 1.489812e-19	 2.869627e-18	 0.000000e+00	 0.000000e+00
 2.290868e-03	 6.226349e-03	 6.912636e-17	 2.883099e-06	 3.200882e-20	 6.223205e-03	 6.909146e-17	 7.349066e-03	 8.159102e-17	 1.125860e-03	 1.249956e-17	 6.223205e-03	 6.909146e-17	-1.024888e-19	 3.294178e-18	-5.008670e-20	 3.294127e-18	 0.000000e+00	 0.000000e+00
 2.630268e-03	 6.672089e-03	 7.407507e-17	 3.546327e-06	 3.937214e-20	 6.668222e-03	 7.403214e-17	 7.875000e-03	 8.743006e-17	 1.206777e-03	 1.339792e-17	 6.668222e-03	 7.403214e-17	-1.046311e-19	 3.781380e-18	-2.626537e-20	 3.781312e-18	 0.000000e+00	 0.000000e+00
 3.019952e-03	 7.149808e-03	 7.937882e-17	 4.362004e-06	 4.842797e-20	 7.145052e-03	 7.932601e-17	 8.438625e-03	 9.368756e-17	 1.293573e-03	 1.436155e-17	 7.145052e-03	 7.932601e-17	-2.882691e-19	 4.340496e-18	-3.643496e-20	 4.340406e-18	 0.000000e+00	 0.000000e+00
 3.467369e-03	 7.661816e-03	 8.506324e-17	 5.365123e-06	 5.956483e-20	 7.655965e-03	 8.499829e-17	 9.042654e-03	 1.003936e-16	 1.386688e-03	 1.539533e-17	 7.655965e-03	 8.499829e-17	-1.505309e-19	 4.982093e-18	 1.916167e-19	 4.981975e-18	 0.000000e+00	 0.000000e+00
 3.981072e-03	 8.210592e-03	 9.115588e-17	 6.598687e-06	 7.326015e-20	 8.203396e-03	 9.107599e-17	 9.689998e-03	 1.075806e-16	 1.486601e-03	 1.650458e-17	 8.203396e-03	 9.107599e-17	 1.354525e-19	 5.718282e-18	 4.973521e-20	 5.718126e-18	 0.000000e+00	 0.000000e+00
 4.570882e-03	 8.798800e-03	 9.768631e-17	 8.115539e-06	 9.010058e-20	 8.789950e-03	 9.758804e-17	 1.038378e-02	 1.152831e-16	 1.593828e-03	 1.769505e-17	 8.789950e-03	 9.758804e-17	 3.453555e-19	 6.562928e-18	-9.916074e-20	 6.562722e-18	 0.000000e+00	 0.000000e+00
 5.248075e-03	 9.429303e-03	 1.046863e-16	 9.980596e-06	 1.108069e-19	 9.418418e-03	 1.045654e-16	 1.112735e-02	 1.235384e-16	 1.708932e-03	 1.897296e-17	 9.418418e-03	 1.045654e-16	 2.707799e-19	 7.531907e-18	-1.612248e-19	 7.531635e-18	 0.000000e+00	 0.000000e+00
 6.025596e-03	 1.010518e-02	 1.121900e-16	 1.227360e-05	 1.362643e-19	 1.009179e-02	 1.120414e-16	 1.192432e-02	 1.323865e-16	 1.832524e-03	 2.034510e-17	 1.009179e-02	 1.120414e-16	 8.059491e-20	 8.643383e-18	 5.991854e-19	 8.643025e-18	 0.000000e+00	 0.000000e+00
 6.918310e-03	 1.082973e-02	 1.202341e-16	 1.509245e-05	 1.675599e-19	 1.081326e-02	 1.200513e-16	 1.277854e-02	 1.418703e-16	 1.965269e-03	 2.181887e-17	 1.081326e-02	 1.200513e-16	-2.623770e-19	 9.918134e-18	-2.040397e-19	 9.917661e-18	 0.000000e+00	 0.000000e+00
 7.943282e-03	 1.160651e-02	 1.288581e-16	 1.855738e-05	 2.060283e-19	 1.158627e-02	 1.286334e-16	 1.369417e-02	 1.520358e-16	 2.107893e-03	 2.340232e-17	 1.158627e-02	 1.286334e-16	-7.687410e-19	 1.137991e-17	 2.501313e-19	 1.137928e-17	 0.000000e+00	 0.000000e+00
 9.120108e-03	 1.243936e-02	 1.381046e-16	 2.281589e-05	 2.533073e-19	 1.241447e-02	 1.378283e-16	 1.467567e-02	 1.629327e-16	 2.261191e-03	 2.510427e-17	 1.241447e-02	 1.378283e-16	 2.352668e-19	 1.305583e-17	-6.031368e-20	 1.305501e-17	 0.000000e+00	 0.000000e+00
 1.047129e-02	 1.333239e-02	 1.480192e-16	 2.804898e-05	 3.114062e-19	 1.330179e-02	 1.476795e-16	 1.572784e-02	 1.746141e-16	 2.426034e-03	 2.693439e-17	 1.330179e-02	 1.476795e-16	 3.794622e-19	 1.497688e-17	-4.015052e-19	 1.497579e-17	 0.000000e+00	 0.000000e+00
 1.202264e-02	 1.429005e-02	 1.586514e-16	 3.447859e-05	 3.827893e-19	 1.425242e-02	 1.582337e-16	 1.685583e-02	 1.871373e-16	 2.603380e-03	 2.890332e-17	 1.425242e-02	 1.582337e-16	 5.973609e-19	 1.717835e-17	-2.641675e-19	 1.717692e-17	 0.000000e+00	 0.000000e+00
 1.380384e-02	 1.531712e-02	 1.700542e-16	 4.237677e-05	 4.704767e-19	 1.527087e-02	 1.695408e-16	 1.806519e-02	 2.005639e-16	 2.794284e-03	 3.102278e-17	 1.527087e-02	 1.695408e-16	-9.453437e-19	 1.970049e-17	 4.123219e-19	 1.969861e-17	 0.000000e+00	 0.000000e+00
 1.584893e-02	 1.641877e-02	 1.822849e-16	 5.207678e-05	 5.781684e-19	 1.636193e-02	 1.816539e-16	 1.936189e-02	 2.149602e-16	 2.999913e-03	 3.330573e-17	 1.636193e-02	 1.816539e-16	-2.466997e-19	 2.258909e-17	-4.537133e-19	 2.258660e-17	 0.000000e+00	 0.000000e+00
 1.819701e-02	 1.760057e-02	 1.954056e-16	 6.398663e-05	 7.103943e-19	 1.753073e-02	 1.946302e-16	 2.075235e-02	 2.303974e-16	 3.221563e-03	 3.576654e-17	 1.753073e-02	 1.946302e-16	-1.063827e-18	 2.589617e-17	 4.822339e-19	 2.589289e-17	 0.000000e+00	 0.000000e+00
 2.089296e-02	 1.886856e-02	 2.094831e-16	 7.860550e-05	 8.726963e-19	 1.878274e-02	 2.085303e-16	 2.224351e-02	 2.469525e-16	 3.460676e-03	 3.842122e-17	 1.878274e-02	 2.085303e-16	 1.556356e-19	 2.968078e-17	 4.886260e-20	 2.967644e-17	 0.000000e+00	 0.000000e+00
 2.398833e-02	 2.022924e-02	 2.245896e-16	 9.654355e-05	 1.071849e-18	 2.012381e-02	 2.234192e-16	 2.384280e-02	 2.647082e-16	 3.718859e-03	 4.128763e-17	 2.012381e-02	 2.234192e-16	 3.270954e-19	 3.400979e-17	 1.298977e-18	 3.400407e-17	 0.000000e+00	 0.000000e+00
 2.754229e-02	 2.168965e-02	 2.408035e-16	 1.185460e-04	 1.316125e-18	 2.156017e-02	 2.393660e-16	 2.555827e-02	 2.837538e-16	 3.997917e-03	 4.438580e-17	 2.156017e-02	 2.393660e-16	 5.543202e-19	 3.895880e-17	-4.767608e-19	 3.895125e-17	 0.000000e+00	 0.000000e+00
 3.162278e-02	 2.325744e-02	 2.582094e-16	 1.455218e-04	 1.615616e-18	 2.309845e-02	 2.564443e-16	 2.739858e-02	 3.041853e-16	 4.299878e-03	 4.773823e-17	 2.309845e-02	 2.564443e-16	-1.475271e-19	 4.461306e-17	 1.242833e-18	 4.460309e-17	 0.000000e+00	 0.000000e+00
 3.630781e-02	 2.494085e-02	 2.768991e-16	 1.785785e-04	 1.982620e-18	 2.474568e-02	 2.747323e-16	 2.937307e-02	 3.261066e-16	 4.627029e-03	 5.137034e-17	 2.474568e-02	 2.747323e-16	-6.475094e-20	 5.106843e-17	-5.303069e-19	 5.105526e-17	 0.000000e+00	 0.000000e+00
 4.168694e-02	 2.674885e-02	 2.969719e-16	 2.190637e-04	 2.432096e-18	 2.650935e-02	 2.943129e-16	 3.149181e-02	 3.496293e-16	 4.981960e-03	 5.531087e-17	 2.650935e-02	 2.943129e-16	-1.214789e-18	 5.843238e-17	 1.177228e-18	 5.841498e-17	 0.000000e+00	 0.000000e+00
 4.786301e-02	 2.869113e-02	 3.185356e-16	 2.686142e-04	 2.982217e-18	 2.839734e-02	 3.152739e-16	 3.376566e-02	 3.748742e-16	 5.367614e-03	 5.959248e-17	 2.839734e-02	 3.152739e-16	 1.249997e-19	 6.682494e-17	-1.394659e-18	 6.680194e-17	 0.000000e+00	 0.000000e+00
 5.495409e-02	 3.077823e-02	 3.417070e-16	 3.292143e-04	 3.655013e-18	 3.041799e-02	 3.377075e-16	 3.620632e-02	 4.019709e-16	 5.787338e-03	 6.425236e-17	 3.041799e-02	 3.377075e-16	 1.765692e-18	 7.637959e-17	-1.778362e-18	 7.634919e-17	 0.000000e+00	 0.000000e+00
 6.309573e-02	 3.302153e-02	 3.666126e-16	 4.032646e-04	 4.477136e-18	 3.258002e-02	 3.617109e-16	 3.882638e-02	 4.310594e-16	 6.244957e-03	 6.933295e-17	 3.258002e-02	 3.617109e-16	 1.804287e-18	 8.724403e-17	-1.962822e-18	 8.720384e-17	 0.000000e+00	 0.000000e+00
 7.244360e-02	 3.543336e-02	 3.933893e-16	 4.936622e-04	 5.480751e-18	 3.489254e-02	 3.873850e-16	 4.163936e-02	 4.622898e-16	 6.744847e-03	 7.488285e-17	 3.489254e-02	 3.873850e-16	 4.005467e-19	 9.958072e-17	 2.047994e-18	 9.952756e-17	 0.000000e+00	 0.000000e+00
 8.317638e-02	 3.802703e-02	 4.221849e-16	 6.038932e-04	 6.704561e-18	 3.736498e-02	 4.148346e-16	 4.465978e-02	 4.958232e-16	 7.292022e-03	 8.095771e-17	 3.736498e-02	 4.148346e-16	-8.292163e-19	 1.135672e-16	-2.840513e-19	 1.134968e-16	 0.000000e+00	 0.000000e+00
 9.549926e-02	 4.081689e-02	 4.531585e-16	 7.381392e-04	 8.194991e-18	 4.000699e-02	 4.441668e-16	 4.790313e-02	 5.318316e-16	 7.892232e-03	 8.762137e-17	 4.000699e-02	 4.441668e-16	 3.033001e-18	 1.293956e-16	 1.761050e-19	 1.293025e-16	 0.000000e+00	 0.000000e+00
 1.096478e-01	 4.381831e-02	 4.864810e-16	 9.013969e-04	 1.000752e-17	 4.282834e-02	 4.754901e-16	 5.138592e-02	 5.704983e-16	 8.552076e-03	 9.494712e-17	 4.282834e-02	 4.754901e-16	-2.242717e-19	 1.472725e-16	-2.898361e-18	 1.471491e-16	 0.000000e+00	 0.000000e+00
 1.258925e-01	 4.704771e-02	 5.223345e-16	 1.099612e-03	 1.220814e-17	 4.583871e-02	 5.089120e-16	 5.512558e-02	 6.120169e-16	 9.279121e-03	 1.030189e-16	 4.583871e-02	 5.089120e-16	-9.902610e-19	 1.674165e-16	-8.005232e-19	 1.672529e-16	 0.000000e+00	 0.000000e+00
 1.445440e-01	 5.052246e-02	 5.609120e-16	 1.339824e-03	 1.487503e-17	 4.904750e-02	 5.445366e-16	 5.914042e-02	 6.565905e-16	 1.008203e-02	 1.119331e-16	 4.904750e-02	 5.445366e-16	 1.638233e-18	 1.900563e-16	 1.145993e-18	 1.898393e-16	 0.000000e+00	 0.000000e+00
 1.659587e-01	 5.426078e-02	 6.024157e-16	 1.630320e-03	 1.810019e-17	 5.246341e-02	 5.824608e-16	 6.344941e-02	 7.044300e-16	 1.097071e-02	 1.217994e-16	 5.246341e-02	 5.824608e-16	 1.832425e-19	 2.154267e-16	-1.204992e-19	 2.151387e-16	 0.000000e+00	 0.000000e+00
 1.905461e-01	 5.828152e-02	 6.470548e-16	 1.980795e-03	 2.199124e-17	 5.609409e-02	 6.227695e-16	 6.807197e-02	 7.557507e-16	 1.195642e-02	 1.327429e-16	 5.609409e-02	 6.227695e-16	-1.341729e-18	 2.437634e-16	 2.502392e-20	 2.433807e-16	 0.000000e+00	 0.000000e+00
 2.187762e-01	 6.260381e-02	 6.950419e-16	 2.402499e-03	 2.667310e-17	 5.994556e-02	 6.655294e-16	 7.302756e-02	 8.107688e-16	 1.305192e-02	 1.449055e-16	 5.994556e-02	 6.655294e-16	 6.787901e-19	 2.752957e-16	-1.794969e-18	 2.747871e-16	 0.000000e+00	 0.000000e+00
 2.511886e-01	 6.724663e-02	 7.465875e-16	 2.908379e-03	 3.228950e-17	 6.402147e-02	 7.107811e-16	 7.833515e-02	 8.696949e-16	 1.427157e-02	 1.584462e-16	 6.402147e-02	 7.107811e-16	 1.975762e-18	 3.102381e-16	 1.503331e-18	 3.095615e-16	 0.000000e+00	 0.000000e+00
 2.884032e-01	 7.222811e-02	 8.018932e-16	 3.513176e-03	 3.900409e-17	 6.832226e-02	 7.585295e-16	 8.401253e-02	 9.327264e-16	 1.563137e-02	 1.735431e-16	 6.832226e-02	 7.585295e-16	 4.232292e-18	 3.487788e-16	-2.168260e-18	 3.478781e-16	 0.000000e+00	 0.000000e+00
 3.311311e-01	 7.756475e-02	 8.611417e-16	 4.233474e-03	 4.700101e-17	 7.284410e-02	 8.087320e-16	 9.007535e-02	 1.000037e-15	 1.714899e-02	 1.903921e-16	 7.284410e-02	 8.087320e-16	 7.989552e-18	 3.910671e-16	-3.425270e-18	 3.898672e-16	 0.000000e+00	 0.000000e+00
 3.801894e-01	 8.327023e-02	 9.244853e-16	 5.087661e-03	 5.648438e-17	 7.757764e-02	 8.612848e-16	 9.653597e-02	 1.071765e-15	 1.884367e-02	 2.092068e-16	 7.757764e-02	 8.612848e-16	-6.946172e-18	 4.371975e-16	 2.026682e-18	 4.355980e-16	 0.000000e+00	 0.000000e+00
 4.365158e-01	 8.935415e-02	 9.920304e-16	 6.095769e-03	 6.767663e-17	 8.250653e-02	 9.160065e-16	 1.034021e-01	 1.147993e-15	 2.073597e-02	 2.302156e-16	 8.250653e-02	 9.160065e-16	-1.148396e-18	 4.871929e-16	-6.614842e-19	 4.850596e-16	 0.000000e+00	 0.000000e+00
 5.011872e-01	 9.582035e-02	 1.063820e-15	 7.279159e-03	 8.081490e-17	 8.760588e-02	 9.726206e-16	 1.106748e-01	 1.228737e-15	 2.284742e-02	 2.536573e-16	 8.760588e-02	 9.726206e-16	 4.363385e-18	 5.409866e-16	-4.901849e-18	 5.381400e-16	 0.000000e+00	 0.000000e+00
 5.754399e-01	 1.026651e-01	 1.139811e-15	 8.659988e-03	 9.614518e-17	 9.284047e-02	 1.030736e-15	 1.183471e-01	 1.313917e-15	 2.519984e-02	 2.797744e-16	 9.284047e-02	 1.030736e-15	 9.679551e-19	 5.984029e-16	 6.422689e-19	 5.946039e-16	 0.000000e+00	 0.000000e+00
 6.606934e-01	 1.098748e-01	 1.219856e-15	 1.026042e-02	 1.139136e-16	 9.816303e-02	 1.089829e-15	 1.264013e-01	 1.403336e-15	 2.781448e-02	 3.088027e-16	 9.816303e-02	 1.089829e-15	-2.703563e-18	 6.591391e-16	 7.108260e-19	 6.540693e-16	 0.000000e+00	 0.000000e+00
 7.585776e-01	 1.174242e-01	 1.303671e-15	 1.210155e-02	 1.343542e-16	 1.035125e-01	 1.149220e-15	 1.348068e-01	 1.496656e-15	 3.071078e-02	 3.409581e-16	 1.035125e-01	 1.149220e-15	 7.703213e-18	 7.227498e-16	 7.130407e-18	 7.159865e-16	 0.000000e+00	 0.000000e+00
 8.709636e-01	 1.252736e-01	 1.390816e-15	 1.420193e-02	 1.576731e-16	 1.088127e-01	 1.208063e-15	 1.435179e-01	 1.593369e-15	 3.390473e-02	 3.764181e-16	 1.088127e-01	 1.208063e-15	 2.755811e-18	 7.886341e-16	-1.056104e-17	 7.796185e-16	 0.000000e+00	 0.000000e+00
 1.000000e+00	 1.333669e-01	 1.480670e-15	 1.657575e-02	 1.840278e-16	 1.139709e-01	 1.265331e-15	 1.524715e-01	 1.692774e-15	 3.740686e-02	 4.152996e-16	 1.139709e-01	 1.265331e-15	 3.525687e-18	 8.560294e-16	-1.028621e-17	 8.440264e-16	 0.000000e+00	 0.000000e+00
 1.148154e+00	 1.416298e-01	 1.572407e-15	 1.923067e-02	 2.135033e-16	 1.188777e-01	 1.319807e-15	 1.615852e-01	 1.793957e-15	 4.121981e-02	 4.576319e-16	 1.188777e-01	 1.319807e-15	-1.148660e-17	 9.240133e-16	 5.660202e-18	 9.080612e-16	 0.000000e+00	 0.000000e+00
 1.318257e+00	 1.499685e-01	 1.664985e-15	 2.216528e-02	 2.460841e-16	 1.234074e-01	 1.436022e-15	 1.707562e-01	 1.895775e-15	 4.533551e-02	 5.033253e-16	 1.234074e-01	 1.436022e-15	 1.169783e-18	 9.915151e-16	-1.648084e-18	 9.703654e-16	 0.000000e+00	 0.000000e+00
 1.513561e+00	 1.582691e-01	 1.846450e-15	 2.536637e-02	 2.816233e-16	 1.274192e-01	 3.082395e-15	 1.798605e-01	 1.996853e-15	 4.973211e-02	 5.521373e-16	 1.274192e-01	 3.082395e-15	-4.817076e-18	 1.057339e-15	 7.119038e-19	 1.029385e-15	 0.000000e+00	 0.000000e+00
 1.737801e+00	 1.663982e-01	 4.065163e-14	 2.880616e-02	 3.198126e-16	 1.307606e-01	 6.092323e-14	 1.887539e-01	 3.856705e-14	 5.437090e-02	 1.139495e-15	 1.307606e-01	 6.092323e-14	 1.752379e-17	 1.120204e-15	-2.745159e-17	 1.083399e-15	 0.000000e+00	 0.000000e+00
 1.995262e+00	 1.742051e-01	 2.004753e-13	 3.243974e-02	 1.492331e-15	 1.332711e-01	 2.821703e-13	 1.972741e-01	 1.940039e-13	 5.919343e-02	 4.588531e-15	 1.332711e-01	 2.821703e-13	-1.297521e-17	 1.178789e-15	 6.802616e-18	 1.130559e-15	 0.000000e+00	 0.000000e+00
 2.290868e+00	 1.815251e-01	 3.971280e-13	 3.620316e-02	 5.077771e-15	 1.347888e-01	 5.187385e-13	 2.052445e-01	 3.929790e-13	 6.411929e-02	 6.727363e-15	 1.347888e-01	 5.187385e-13	-8.222864e-18	 1.231802e-15	 5.219969e-18	 1.168952e-15	 0.000000e+00	 0.000000e+00
 2.630268e+00	 1.881855e-01	 2.089278e-15	 4.001248e-02	 6.738445e-15	 1.351577e-01	 2.830623e-14	 2.124798e-01	 2.358999e-15	 6.904499e-02	 3.626083e-15	 1.351577e-01	 2.830623e-14	-1.804574e-17	 1.278048e-15	 1.131864e-17	 1.196683e-15	 0.000000e+00	 0.000000e+00
 3.019952e+00	 1.940119e-01	 4.985823e-12	 4.376438e-02	 1.868557e-15	 1.342369e-01	 7.018819e-12	 2.187936e-01	 4.734774e-12	 7.384461e-02	 1.299259e-13	 1.342369e-01	 7.018819e-12	-8.178903e-18	 1.316513e-15	 7.504317e-18	 1.211964e-15	 0.000000e+00	 0.000000e+00
 3.467369e+00	 1.988378e-01	 3.045959e-11	 4.733864e-02	 8.507306e-14	 1.319112e-01	 4.099801e-11	 2.240073e-01	 2.958204e-11	 7.837254e-02	 6.187669e-13	 1.319112e-01	 4.099801e-11	-2.167099e-17	 1.346432e-15	 5.929245e-19	 1.213231e-15	 0.000000e+00	 0.000000e+00
 3.981072e+00	 2.025136e-01	 7.974089e-11	 5.060294e-02	 3.834097e-13	 1.281010e-01	 1.034162e-10	 2.279604e-01	 7.870704e-11	 8.246884e-02	 1.262671e-12	 1.281010e-01	 1.034162e-10	 3.441276e-18	 1.367358e-15	 2.204903e-18	 1.199254e-15	 0.000000e+00	 0.000000e+00
 4.570882e+00	 2.049167e-01	 6.896128e-11	 5.341990e-02	 7.933626e-13	 1.227729e-01	 7.829922e-11	 2.305207e-01	 7.113515e-11	 8.596738e-02	 4.123838e-13	 1.227729e-01	 7.829922e-11	-1.110904e-18	 1.379201e-15	-5.748686e-18	 1.169257e-15	 0.000000e+00	 0.000000e+00
 5.248075e+00	 2.059606e-01	 1.155575e-10	 5.565627e-02	 5.369689e-13	 1.159478e-01	 2.210900e-10	 2.315940e-01	 1.036635e-10	 8.870633e-02	 5.360225e-12	 1.159478e-01	 2.210900e-10	-8.745301e-18	 1.382247e-15	 1.229943e-17	 1.123018e-15	 0.000000e+00	 0.000000e+00
 6.025596e+00	 2.056024e-01	 1.631562e-09	 5.719340e-02	 8.977526e-13	 1.077070e-01	 2.655187e-09	 2.311316e-01	 1.562696e-09	 9.054049e-02	 3.882206e-11	 1.077070e-01	 2.655187e-09	 2.816983e-17	 1.377127e-15	-2.730526e-17	 1.060944e-15	 0.000000e+00	 0.000000e+00
 6.918310e+00	 2.038465e-01	 6.066813e-09	 5.793809e-02	 1.006076e-11	 9.819401e-02	 9.847347e-09	 2.291354e-01	 5.911046e-09	 9.135410e-02	 1.104045e-10	 9.819401e-02	 9.847347e-09	 2.538850e-17	 1.364762e-15	-3.154472e-17	 9.841122e-16	 0.000000e+00	 0.000000e+00
 7.943282e+00	 2.007457e-01	 1.150814e-08	 5.783231e-02	 3.204437e-11	 8.761120e-02	 1.848690e-08	 2.256582e-01	 1.137104e-08	 9.107258e-02	 1.457958e-10	 8.761120e-02	 1.848690e-08	 1.497253e-18	 1.346263e-15	-1.517448e-18	 8.942592e-16	 0.000000e+00	 0.000000e+00
 9.120108e+00	 1.963968e-01	 8.415375e-09	 5.686039e-02	 5.431017e-11	 7.621238e-02	 1.115311e-08	 2.208004e-01	 8.671034e-09	 8.967159e-02	 8.702346e-12	 7.621238e-02	 1.115311e-08	 1.890797e-17	 1.322820e-15	-2.748254e-17	 7.937181e-16	 0.000000e+00	 0.000000e+00
 1.047129e+01	 1.909340e-01	 6.543269e-09	 5.505238e-02	 3.999353e-11	 6.428987e-02	 2.571384e-08	 2.147025e-01	 5.592286e-09	 8.718169e-02	 6.348735e-10	 6.428987e-02	 2.571384e-08	 4.823156e-18	 1.295575e-15	-8.857360e-18	 6.853028e-16	 0.000000e+00	 0.000000e+00
 1.202264e+01	 1.845178e-01	 9.802421e-08	 5.248287e-02	 1.040265e-11	 5.215801e-02	 2.703752e-07	 2.075351e-01	 9.322968e-08	 8.368780e-02	 3.189114e-09	 5.215801e-02	 2.703752e-07	 6.925450e-17	 1.265521e-15	-9.434674e-17	 5.721479e-16	 0.000000e+00	 0.000000e+00
 1.380384e+01	 1.773238e-01	 3.367388e-07	 4.926511e-02	 2.432103e-10	 4.013443e-02	 9.314767e-07	 1.994860e-01	 3.272678e-07	 7.932307e-02	 7.487349e-09	 4.013443e-02	 9.314767e-07	 1.535914e-17	 1.233413e-15	-2.043403e-17	 4.880163e-16	 0.000000e+00	 0.000000e+00
 1.584893e+01	 1.695303e-01	 6.642780e-07	 4.554123e-02	 8.033362e-10	 2.852110e-02	 1.862267e-06	 1.907484e-01	 6.561547e-07	 7.425799e-02	 9.491231e-09	 2.852110e-02	 1.862267e-06	 8.671466e-17	 1.199743e-15	-9.848676e-17	 4.486166e-16	 0.000000e+00	 0.000000e+00
 1.819701e+01	 1.613087e-01	 7.973376e-07	 4.146993e-02	 1.493325e-09	 1.758713e-02	 2.095027e-06	 1.815099e-01	 8.044073e-07	 6.868621e-02	 3.107642e-09	 1.758713e-02	 2.095027e-06	-4.800728e-18	 1.164738e-15	 3.625747e-17	 4.352626e-16	 0.000000e+00	 0.000000e+00
 2.089296e+01	 1.528152e-01	 3.803931e-07	 3.721328e-02	 1.743160e-09	 7.555036e-03	 4.079569e-07	 1.719441e-01	 4.103759e-07	 6.280892e-02	 1.204796e-08	 7.555036e-03	 4.079569e-07	-3.277091e-17	 1.128416e-15	 5.284045e-17	 4.360528e-16	 0.000000e+00	 0.000000e+00
 2.398833e+01	 1.441867e-01	 3.228339e-07	 3.292457e-02	 1.004127e-09	-1.408246e-03	 4.230078e-06	 1.622052e-01	 2.704343e-07	 5.682010e-02	 7.769495e-08	-1.408246e-03	 4.230078e-06	 1.139460e-16	 1.090651e-15	-1.160499e-16	 4.461292e-16	 0.000000e+00	 0.000000e+00
 2.754229e+01	 1.355383e-01	 3.280821e-06	 2.873836e-02	 9.297888e-11	-9.195131e-03	 6.259096e-09	 1.524256e-01	 3.130347e-06	 5.089413e-02	 1.973804e-07	-9.195131e-03	 6.259096e-09	 7.061459e-17	 1.051265e-15	-7.239256e-17	 4.601711e-16	 0.000000e+00	 0.000000e+00
 3.162278e+01	 1.269645e-01	 2.193067e-09	 2.476397e-02	 3.071335e-09	-1.575623e-02	 1.303151e-08	 1.427158e-01	 2.184335e-09	 4.517704e-02	 2.983334e-07	-1.575623e-02	 1.303151e-08	 2.400928e-17	 1.010102e-15	 2.180335e-18	 4.670499e-16	 0.000000e+00	 0.000000e+00
 3.630781e+01	 1.185410e-01	 2.205247e-09	 2.108224e-02	 9.120284e-09	-2.109505e-02	 1.000566e-08	 1.331661e-01	 2.268548e-09	 3.978180e-02	 2.347598e-07	-2.109505e-02	 1.000566e-08	 1.932474e-17	 9.670905e-16	-3.620696e-17	 4.798428e-16	 0.000000e+00	 0.000000e+00
 4.168694e+01	 1.103276e-01	 1.955072e-11	 1.774561e-02	 1.607250e-08	-2.525962e-02	 9.279376e-09	 1.238492e-01	 6.469298e-11	 3.478736e-02	 1.266246e-09	-2.525962e-02	 9.279376e-09	 3.738596e-17	 9.222825e-16	-1.468109e-17	 4.820223e-16	 0.000000e+00	 0.000000e+00
 4.786301e+01	 1.023714e-01	 8.032077e-09	 1.478057e-02	 2.033115e-08	-2.833261e-02	 1.352505e-07	 1.148230e-01	 7.661304e-09	 3.024077e-02	 7.419414e-07	-2.833261e-02	 1.352505e-07	-5.136047e-17	 8.758639e-16	 3.526888e-17	 4.803920e-16	 0.000000e+00	 0.000000e+00
 5.495409e+01	 9.470918e-02	 3.420500e-08	 1.219184e-02	 1.875314e-08	-3.042089e-02	 4.655905e-07	 1.061330e-01	 3.387145e-08	 2.616144e-02	 2.639525e-06	-3.042089e-02	 4.655905e-07	-1.295958e-17	 8.281451e-16	 5.128755e-18	 4.781104e-16	 0.000000e+00	 0.000000e+00
 6.309573e+01	 8.736951e-02	 1.375760e-06	 9.967159e-03	 1.104287e-08	-3.164564e-02	 8.939764e-07	 9.781443e-02	 2.248952e-06	 2.254653e-02	 4.740495e-06	-3.164564e-02	 8.939764e-07	 4.403453e-17	 7.795353e-16	-3.982758e-17	 4.664189e-16	 0.000000e+00	 0.000000e+00
 7.244360e+01	 8.037422e-02	 1.084626e-07	 8.082316e-03	 1.509347e-09	-3.213381e-02	 9.708702e-07	 8.989401e-02	 1.124770e-07	 1.937659e-02	 1.438315e-09	-3.213381e-02	 9.708702e-07	-3.133656e-17	 7.305084e-16	 8.849695e-17	 4.479126e-16	 0.000000e+00	 0.000000e+00
 8.317638e+01	 7.373932e-02	 8.870184e-08	 6.505590e-03	 6.069675e-09	-3.201106e-02	 2.317907e-07	 8.239079e-02	 9.560970e-08	 1.662094e-02	 2.870566e-06	-3.201106e-02	 2.317907e-07	 1.983554e-16	 6.815661e-16	-2.288832e-16	 4.350981e-16	 0.000000e+00	 0.000000e+00
 9.549926e+01	 6.747563e-02	 7.666328e-09	 5.201537e-03	 2.339987e-08	-3.139663e-02	 1.340618e-06	 7.531715e-02	 1.162801e-08	 1.424225e-02	 8.723222e-09	-3.139663e-02	 1.340618e-06	 1.383635e-16	 6.332043e-16	-2.106896e-16	 4.164994e-16	 0.000000e+00	 0.000000e+00
 1.096478e+02	 6.158913e-02	 1.590373e-07	 4.133897e-03	 4.366019e-08	-3.039966e-02	 3.864982e-06	 6.867934e-02	 1.527013e-07	 1.220024e-02	 1.735237e-08	-3.039966e-02	 3.864982e-06	 1.036023e-16	 5.858856e-16	-1.864077e-16	 3.935744e-16	 0.000000e+00	 0.000000e+00
 1.258925e+02	 5.608134e-02	 7.185170e-07	 3.267681e-03	 5.966698e-08	-2.911720e-02	 4.926756e-09	 6.247810e-02	 7.294132e-07	 1.045446e-02	 4.194080e-09	-2.911720e-02	 4.926756e-09	 1.764489e-17	 5.400188e-16	-2.506841e-17	 3.676513e-16	 0.000000e+00	 0.000000e+00
 1.445440e+02	 5.094962e-02	 1.715391e-06	 2.570511e-03	 6.612757e-08	-2.763324e-02	 3.900366e-09	 5.670922e-02	 1.783365e-06	 8.966184e-03	 1.908401e-08	-2.763324e-02	 3.900366e-09	-9.033152e-17	 4.959464e-16	 1.295428e-16	 3.432199e-16	 0.000000e+00	 0.000000e+00
 1.659587e+02	 4.618761e-02	 2.953319e-06	 2.013386e-03	 6.127854e-08	-2.601870e-02	 2.245344e-09	 5.136409e-02	 3.123115e-06	 7.699616e-03	 1.037387e-07	-2.601870e-02	 2.245344e-09	-3.765321e-17	 4.539392e-16	 6.375606e-17	 3.217478e-16	 0.000000e+00	 0.000000e+00
 1.905461e+02	 4.178563e-02	 3.894685e-06	 1.570974e-03	 4.714232e-08	-2.433211e-02	 3.946584e-08	 4.643037e-02	 4.181916e-06	 6.622517e-03	 2.454972e-07	-2.433211e-02	 3.946584e-08	-8.727231e-17	 4.141960e-16	 2.436182e-16	 2.990667e-16	 0.000000e+00	 0.000000e+00
 2.187762e+02	 3.773122e-02	 3.766880e-06	 1.221612e-03	 2.843822e-08	-2.262058e-02	 2.681933e-06	 4.189261e-02	 4.116794e-06	 5.706439e-03	 3.827384e-07	-2.262058e-02	 2.681933e-06	 1.184798e-19	 3.768475e-16	 3.947942e-17	 2.758244e-16	 0.000000e+00	 0.000000e+00
 2.511886e+02	 3.400966e-02	 2.050141e-06	 9.470861e-04	 1.088537e-08	-2.092114e-02	 2.623837e-07	 3.773296e-02	 2.320675e-06	 4.926670e-03	 4.038619e-07	-2.092114e-02	 2.623837e-07	 1.230320e-16	 3.419632e-16	-1.593394e-16	 2.525622e-16	 0.000000e+00	 0.000000e+00
 2.884032e+02	 3.060448e-02	 8.284161e-08	 7.323001e-04	 2.658573e-10	-1.926202e-02	 2.863628e-07	 3.393171e-02	 4.046459e-08	 4.262001e-03	 2.224455e-07	-1.926202e-02	 2.863628e-07	-8.933024e-17	 3.095601e-16	 1.170795e-16	 2.297215e-16	 0.000000e+00	 0.000000e+00
 3.311311e+02	 2.749799e-02	 2.771131e-06	 5.648957e-04	 7.055627e-09	-1.766405e-02	 7.825051e-08	 3.046797e-02	 2.864692e-06	 3.694401e-03	 2.098672e-08	-1.766405e-02	 7.825051e-08	-1.598820e-16	 2.796106e-16	 3.128849e-16	 2.076515e-16	 0.000000e+00	 0.000000e+00
 3.801894e+02	 2.467173e-02	 1.178386e-08	 4.348589e-04	 1.853316e-08	-1.614187e-02	 3.381035e-07	 2.732013e-02	 1.324976e-08	 3.208650e-03	 7.249065e-07	-1.614187e-02	 3.381035e-07	-9.161396e-17	 2.520523e-16	 1.250363e-17	 1.902926e-16	 0.000000e+00	 0.000000e+00
 4.365158e+02	 2.210690e-02	 5.374912e-09	 3.341466e-04	 2.862960e-08	-1.470506e-02	 2.039124e-06	 2.446637e-02	 5.107866e-09	 2.791960e-03	 2.390251e-06	-1.470506e-02	 2.039124e-06	-1.246162e-16	 2.267956e-16	 2.496754e-16	 1.738127e-16	 0.000000e+00	 0.000000e+00
 5.011872e+02	 1.978471e-02	 8.010177e-08	 2.563481e-04	 3.497427e-08	-1.335921e-02	 2.626741e-06	 2.188501e-02	 8.442201e-08	 2.433626e-03	 4.961402e-06	-1.335921e-02	 2.626741e-06	-9.641517e-17	 2.037311e-16	 9.746760e-17	 1.580673e-16	 0.000000e+00	 0.000000e+00
 5.754399e+02	 1.768668e-02	 2.628737e-07	 1.963867e-04	 3.690311e-08	-1.210672e-02	 4.509809e-06	 1.955484e-02	 2.814687e-07	 2.124701e-03	 3.993698e-06	-1.210672e-02	 4.509809e-06	 1.037183e-16	 1.827360e-16	-1.078326e-16	 1.431395e-16	 0.000000e+00	 0.000000e+00
 6.606934e+02	 1.579485e-02	 5.498363e-07	 1.502651e-04	 3.492530e-08	-1.094759e-02	 4.736747e-10	 1.745537e-02	 5.934637e-07	 1.857714e-03	 3.760614e-08	-1.094759e-02	 4.736747e-10	-1.181699e-16	 1.636796e-16	 1.278756e-16	 1.290868e-16	 0.000000e+00	 0.000000e+00
 7.585776e+02	 1.409200e-02	 8.508880e-07	 1.148508e-04	 3.019516e-08	-9.879979e-03	 4.484540e-07	 1.556701e-02	 9.236059e-07	 1.626421e-03	 6.814494e-08	-9.879979e-03	 4.484540e-07	 5.708455e-18	 1.464273e-16	 4.221583e-17	 1.159462e-16	 0.000000e+00	 0.000000e+00
 8.709636e+02	 1.256174e-02	 9.778939e-07	 8.769963e-05	 2.404571e-08	-8.900723e-03	 9.140777e-07	 1.387119e-02	 1.066971e-06	 1.425598e-03	 8.927514e-08	-8.900723e-03	 9.140777e-07	 1.168481e-16	 1.308443e-16	-1.523568e-16	 1.037369e-16	 0.000000e+00	 0.000000e+00
 1.000000e+03	 1.118862e-02	 7.228812e-07	 6.691150e-05	 1.765699e-08	-8.005769e-03	 4.862880e-06	 1.235046e-02	 7.945687e-07	 1.250864e-03	 2.970945e-06	-8.005769e-03	 4.862880e-06	 1.639035e-17	 1.167984e-16	-1.218816e-16	 9.246309e-17	 0.000000e+00	 0.000000e+00
