 1.000000e-03	 2.816618e-02	 2.805068e-05	 8.828209e-07	 1.007747e-09	 2.808559e-02	 2.795767e-05	 5.103052e+00	 5.081438e-03	 5.074966e+00	 5.053481e-03	 2.808559e-02	 2.795767e-05	-2.651468e-06	 2.559659e-06	 2.649007e-06	 2.557006e-06	 0.000000e+00	 0.000000e+00
 1.148154e-03	 2.962834e-02	 2.778201e-05	 1.065313e-06	 1.073036e-09	 2.948890e-02	 2.908205e-05	 5.358903e+00	 5.284111e-03	 5.329414e+00	 5.255029e-03	 2.948890e-02	 2.908205e-05	 2.224219e-06	 2.887424e-06	 5.880781e-07	 2.890344e-06	 0.000000e+00	 0.000000e+00
 1.318257e-03	 3.114420e-02	 3.129449e-05	 1.288932e-06	 1.241513e-09	 3.102656e-02	 3.118048e-05	 5.629398e+00	 5.464876e-03	 5.608346e+00	 5.635786e-03	 3.100813e-02	 3.063778e-05	-2.115483e-06	 3.261546e-06	 2.112294e-06	 3.257250e-06	 0.000000e+00	 0.000000e+00
 1.513561e-03	 3.274646e-02	 3.948413e-05	 1.558646e-06	 1.460039e-09	 3.260411e-02	 3.384507e-05	 5.927799e+00	 6.826244e-03	 5.897208e+00	 5.828781e-03	 3.268989e-02	 5.065362e-05	-1.372375e-07	 3.700672e-06	-1.202535e-06	 3.679330e-06	 0.000000e+00	 0.000000e+00
 1.737801e-03	 3.442884e-02	 3.361840e-05	 1.878314e-06	 1.784591e-09	 3.423365e-02	 3.323053e-05	 6.229408e+00	 6.083469e-03	 6.190945e+00	 6.008454e-03	 3.423262e-02	 3.375212e-05	 1.362288e-06	 4.159520e-06	 1.984948e-06	 4.157105e-06	 0.000000e+00	 0.000000e+00
 1.995262e-03	 3.615380e-02	 3.535354e-05	 2.272027e-06	 2.204094e-09	 3.597276e-02	 3.549773e-05	 6.539152e+00	 7.465446e-03	 6.510227e+00	 8.351726e-03	 3.597276e-02	 3.549773e-05	-4.744179e-06	 4.682320e-06	-5.617139e-06	 5.132627e-06	 0.000000e+00	 0.000000e+00
 2.290868e-03	 3.795786e-02	 5.472524e-05	 2.736437e-06	 3.729361e-09	 3.768111e-02	 3.820111e-05	 6.859859e+00	 6.877283e-03	 6.817718e+00	 7.152681e-03	 3.770071e-02	 5.119294e-05	-7.699544e-06	 6.418699e-06	 1.258838e-05	 5.294311e-06	 0.000000e+00	 0.000000e+00
 2.630268e-03	 3.978448e-02	 3.994229e-05	 3.301747e-06	 3.216424e-09	 3.956316e-02	 4.200423e-05	 7.185118e+00	 7.259177e-03	 7.152467e+00	 7.211583e-03	 3.958944e-02	 3.910574e-05	 2.545035e-06	 7.383308e-06	-2.535806e-06	 7.363321e-06	 0.000000e+00	 0.000000e+00
 3.019952e-03	 4.174643e-02	 5.982495e-05	 3.979600e-06	 4.234710e-09	 4.147266e-02	 4.256911e-05	 7.555809e+00	 7.517135e-03	 7.510791e+00	 7.712545e-03	 4.151135e-02	 4.110880e-05	 3.103682e-07	 8.592363e-06	-4.083136e-06	 6.677980e-06	 0.000000e+00	 0.000000e+00
 3.467369e-03	 4.379463e-02	 4.693825e-05	 4.792645e-06	 4.748817e-09	 4.353426e-02	 6.518614e-05	 7.907663e+00	 8.173053e-03	 7.864123e+00	 8.121176e-03	 4.336247e-02	 4.646176e-05	-2.131406e-06	 8.880645e-06	-6.279279e-07	 7.501252e-06	 0.000000e+00	 0.000000e+00
 3.981072e-03	 4.585217e-02	 6.925288e-05	 5.766783e-06	 6.013233e-09	 4.541273e-02	 5.359830e-05	 8.284621e+00	 8.617210e-03	 8.235322e+00	 8.578305e-03	 4.538316e-02	 4.797971e-05	 1.171244e-06	 9.336166e-06	 1.496425e-06	 1.076387e-05	 0.000000e+00	 0.000000e+00
 4.570882e-03	 4.816979e-02	 5.174824e-05	 6.961627e-06	 1.081324e-08	 4.753986e-02	 7.365798e-05	 8.673896e+00	 9.014724e-03	 8.644026e+00	 8.898388e-03	 4.762071e-02	 5.074499e-05	 1.148939e-06	 9.534768e-06	-2.467690e-06	 9.509656e-06	 0.000000e+00	 0.000000e+00
 5.248075e-03	 5.044550e-02	 5.349937e-05	 8.349448e-06	 8.625644e-09	 4.968411e-02	 6.077090e-05	 9.071484e+00	 1.312330e-02	 9.007455e+00	 1.057127e-02	 4.979170e-02	 5.364955e-05	-3.013854e-06	 1.071475e-05	-2.171629e-06	 1.070188e-05	 0.000000e+00	 0.000000e+00
 6.025596e-03	 5.286640e-02	 5.589840e-05	 1.004678e-05	 1.170871e-08	 5.197518e-02	 5.570530e-05	 9.486700e+00	 1.056117e-02	 9.444037e+00	 1.016637e-02	 5.197383e-02	 5.532857e-05	 9.177916e-06	 1.504008e-05	 6.841740e-06	 1.199630e-05	 0.000000e+00	 0.000000e+00
 6.918310e-03	 5.534913e-02	 5.991981e-05	 1.203915e-05	 1.336689e-08	 5.428247e-02	 5.790739e-05	 9.926491e+00	 1.109575e-02	 9.871490e+00	 1.171215e-02	 5.428198e-02	 5.772291e-05	-7.835138e-07	 1.657318e-05	-5.388634e-06	 1.342542e-05	 0.000000e+00	 0.000000e+00
 7.943282e-03	 5.792702e-02	 6.372387e-05	 1.448154e-05	 2.019458e-08	 5.651774e-02	 6.253052e-05	 1.034879e+01	 1.174934e-02	 1.031822e+01	 1.723108e-02	 5.659624e-02	 6.173579e-05	 1.311495e-05	 1.523765e-05	-2.280886e-06	 1.541054e-05	 0.000000e+00	 0.000000e+00
 9.120108e-03	 6.051527e-02	 7.828240e-05	 1.729367e-05	 2.769400e-08	 5.883998e-02	 6.593857e-05	 1.080403e+01	 1.239689e-02	 1.074888e+01	 1.247355e-02	 5.876480e-02	 9.349278e-05	 3.531564e-05	 1.703171e-05	 2.230637e-05	 1.684160e-05	 0.000000e+00	 0.000000e+00
 1.047129e-02	 6.324048e-02	 9.322895e-05	 2.065604e-05	 2.270673e-08	 6.126025e-02	 7.197131e-05	 1.126042e+01	 1.258920e-02	 1.118634e+01	 1.293464e-02	 6.138559e-02	 7.472751e-05	 4.276548e-06	 1.906730e-05	 3.238621e-05	 2.432776e-05	 0.000000e+00	 0.000000e+00
 1.202264e-02	 6.599451e-02	 7.507768e-05	 2.473813e-05	 2.785101e-08	 6.377739e-02	 9.204413e-05	 1.171884e+01	 1.347273e-02	 1.167786e+01	 1.320161e-02	 6.376774e-02	 1.070829e-04	 1.980474e-05	 2.134908e-05	-2.810730e-06	 2.131824e-05	 0.000000e+00	 0.000000e+00
 1.380384e-02	 6.893336e-02	 1.162092e-04	 2.949068e-05	 3.315787e-08	 6.614448e-02	 7.647213e-05	 1.220349e+01	 1.412297e-02	 1.213889e+01	 1.386881e-02	 6.616524e-02	 1.160292e-04	 3.715310e-05	 3.051405e-05	-1.202544e-05	 2.974996e-05	 0.000000e+00	 0.000000e+00
 1.584893e-02	 7.170594e-02	 8.580090e-05	 3.516793e-05	 4.074537e-08	 6.876413e-02	 1.140362e-04	 1.265873e+01	 1.499544e-02	 1.261245e+01	 1.479469e-02	 6.856862e-02	 1.119372e-04	 9.708321e-06	 2.666079e-05	 8.851821e-06	 2.763725e-05	 0.000000e+00	 0.000000e+00
 1.819701e-02	 7.504618e-02	 9.091996e-05	 4.181936e-05	 6.756885e-08	 7.098540e-02	 8.469193e-05	 1.318059e+01	 1.568200e-02	 1.313336e+01	 1.523022e-02	 7.106142e-02	 8.415777e-05	-3.558328e-05	 3.778301e-05	 2.805251e-05	 3.868074e-05	 0.000000e+00	 0.000000e+00
 2.089296e-02	 7.834414e-02	 9.381555e-05	 4.978140e-05	 5.588411e-08	 7.343373e-02	 8.987870e-05	 1.368256e+01	 1.634175e-02	 1.357976e+01	 1.793309e-02	 7.350176e-02	 8.849534e-05	 1.361334e-05	 3.320262e-05	-5.733500e-05	 3.247708e-05	 0.000000e+00	 0.000000e+00
 2.398833e-02	 8.117191e-02	 1.000486e-04	 5.903284e-05	 6.827151e-08	 7.567188e-02	 9.335564e-05	 1.412812e+01	 1.735514e-02	 1.406922e+01	 1.704635e-02	 7.565248e-02	 1.410131e-04	 3.260075e-05	 4.380923e-05	-1.805636e-07	 4.711738e-05	 0.000000e+00	 0.000000e+00
 2.754229e-02	 8.467030e-02	 1.050329e-04	 6.965007e-05	 8.568679e-08	 7.819630e-02	 1.556424e-04	 1.460735e+01	 2.254774e-02	 1.457004e+01	 1.782283e-02	 7.794892e-02	 9.883641e-05	 3.961266e-06	 5.377909e-05	-1.412281e-05	 4.005936e-05	 0.000000e+00	 0.000000e+00
 3.162278e-02	 8.788419e-02	 1.132620e-04	 8.220497e-05	 1.002705e-07	 8.013880e-02	 1.657292e-04	 1.511868e+01	 1.994372e-02	 1.501612e+01	 1.898884e-02	 8.028508e-02	 1.012348e-04	 3.171815e-05	 6.071601e-05	 2.116774e-05	 5.285922e-05	 0.000000e+00	 0.000000e+00
 3.630781e-02	 9.144664e-02	 1.317511e-04	 9.667670e-05	 1.191442e-07	 8.222342e-02	 1.102683e-04	 1.552028e+01	 2.927800e-02	 1.545774e+01	 2.047491e-02	 8.234192e-02	 1.062835e-04	 3.648532e-05	 5.069051e-05	 5.766826e-05	 5.278896e-05	 0.000000e+00	 0.000000e+00
 4.168694e-02	 9.472823e-02	 1.392329e-04	 1.136940e-04	 1.438578e-07	 8.398181e-02	 1.121115e-04	 1.596385e+01	 2.146769e-02	 1.589480e+01	 2.116179e-02	 8.387051e-02	 1.138569e-04	 1.483739e-04	 6.482540e-05	 4.109332e-05	 5.374419e-05	 0.000000e+00	 0.000000e+00
 4.786301e-02	 9.808559e-02	 1.913292e-04	 1.329439e-04	 1.651700e-07	 8.568618e-02	 1.151812e-04	 1.644605e+01	 2.468006e-02	 1.638242e+01	 2.600986e-02	 8.594788e-02	 1.142667e-04	-1.431222e-05	 7.002229e-05	-1.920077e-04	 7.811862e-05	 0.000000e+00	 0.000000e+00
 5.495409e-02	 1.018931e-01	 1.386600e-04	 1.543890e-04	 1.991705e-07	 8.727315e-02	 1.180181e-04	 1.684543e+01	 2.313672e-02	 1.677198e+01	 2.279483e-02	 8.726418e-02	 1.570416e-04	-5.312610e-05	 9.558076e-05	 3.654855e-05	 6.471638e-05	 0.000000e+00	 0.000000e+00
 6.309573e-02	 1.053852e-01	 1.467270e-04	 1.794361e-04	 2.327817e-07	 8.821869e-02	 1.438841e-04	 1.728956e+01	 2.920549e-02	 1.715557e+01	 2.576519e-02	 8.820813e-02	 1.233782e-04	-1.678163e-04	 8.389333e-05	-1.792501e-05	 1.024156e-04	 0.000000e+00	 0.000000e+00
 7.244360e-02	 1.089917e-01	 1.607857e-04	 2.076065e-04	 2.703539e-07	 8.887646e-02	 1.518927e-04	 1.762973e+01	 2.488684e-02	 1.752240e+01	 2.503175e-02	 8.920107e-02	 1.264972e-04	-1.364236e-04	 1.141321e-04	 1.220932e-04	 7.768115e-05	 0.000000e+00	 0.000000e+00
 8.317638e-02	 1.128069e-01	 2.609143e-04	 2.386904e-04	 3.439511e-07	 8.940512e-02	 1.304073e-04	 1.791687e+01	 2.607072e-02	 1.785212e+01	 2.593888e-02	 8.921447e-02	 2.105709e-04	 1.976239e-05	 1.232486e-04	-3.441032e-05	 1.119524e-04	 0.000000e+00	 0.000000e+00
 9.549926e-02	 1.161902e-01	 1.736119e-04	 2.718012e-04	 6.386399e-07	 8.950733e-02	 1.980134e-04	 1.822138e+01	 3.859182e-02	 1.809892e+01	 2.747809e-02	 8.956126e-02	 1.334743e-04	-8.166574e-05	 1.247013e-04	 7.528281e-05	 8.927028e-05	 0.000000e+00	 0.000000e+00
 1.096478e-01	 1.199698e-01	 1.794287e-04	 3.080187e-04	 7.108377e-07	 8.900778e-02	 1.350635e-04	 1.846456e+01	 3.748468e-02	 1.829546e+01	 2.757947e-02	 8.880840e-02	 1.370711e-04	-1.686484e-05	 1.560119e-04	-9.449704e-05	 1.131927e-04	 0.000000e+00	 0.000000e+00
 1.258925e-01	 1.234057e-01	 1.853972e-04	 3.479808e-04	 4.981220e-07	 8.762085e-02	 1.380473e-04	 1.859081e+01	 3.808944e-02	 1.843194e+01	 2.856534e-02	 8.769191e-02	 1.517875e-04	-9.317454e-05	 1.172857e-04	-6.169877e-05	 1.018907e-04	 0.000000e+00	 0.000000e+00
 1.445440e-01	 1.261953e-01	 1.966392e-04	 3.889526e-04	 5.708494e-07	 8.585813e-02	 2.149251e-04	 1.863785e+01	 2.934229e-02	 1.853173e+01	 2.925159e-02	 8.599014e-02	 1.683715e-04	-4.265723e-04	 1.259731e-04	-1.271321e-05	 1.079241e-04	 0.000000e+00	 0.000000e+00
 1.659587e-01	 1.288406e-01	 2.092706e-04	 4.324339e-04	 6.420208e-07	 8.377329e-02	 1.395036e-04	 1.865492e+01	 4.126832e-02	 1.851224e+01	 4.333011e-02	 8.353683e-02	 1.396006e-04	-1.819191e-04	 1.873754e-04	 2.038973e-04	 1.308891e-04	 0.000000e+00	 0.000000e+00
 1.905461e-01	 1.315555e-01	 2.409274e-04	 4.738580e-04	 7.265024e-07	 8.073827e-02	 1.752886e-04	 1.851561e+01	 3.104691e-02	 1.840656e+01	 3.128649e-02	 8.087583e-02	 1.375544e-04	-2.494403e-04	 2.181630e-04	 7.141796e-05	 1.190369e-04	 0.000000e+00	 0.000000e+00
 2.187762e-01	 1.331057e-01	 2.238831e-04	 5.152983e-04	 7.915034e-07	 7.689990e-02	 1.364420e-04	 1.827023e+01	 3.959554e-02	 1.829075e+01	 3.931891e-02	 7.730047e-02	 1.348876e-04	 4.506985e-05	 1.550277e-04	-1.795481e-04	 1.225309e-04	 0.000000e+00	 0.000000e+00
 2.511886e-01	 1.350241e-01	 2.297852e-04	 5.521343e-04	 8.949400e-07	 7.246475e-02	 1.340190e-04	 1.808071e+01	 3.194820e-02	 1.802033e+01	 3.174501e-02	 7.222821e-02	 1.557527e-04	-1.878203e-04	 1.732122e-04	-4.609128e-05	 1.253142e-04	 0.000000e+00	 0.000000e+00
 2.884032e-01	 1.359136e-01	 2.392257e-04	 5.840473e-04	 9.652939e-07	 6.735821e-02	 1.300373e-04	 1.769721e+01	 3.283065e-02	 1.763600e+01	 3.760766e-02	 6.736069e-02	 2.066286e-04	-1.969040e-04	 2.359081e-04	 4.554494e-05	 1.570925e-04	 0.000000e+00	 0.000000e+00
 3.311311e-01	 1.356144e-01	 2.448996e-04	 6.109649e-04	 1.237140e-06	 6.164561e-02	 1.298001e-04	 1.725881e+01	 3.360313e-02	 1.711091e+01	 4.644740e-02	 6.125198e-02	 1.257579e-04	 2.333679e-04	 1.814184e-04	-3.527154e-05	 1.427380e-04	 0.000000e+00	 0.000000e+00
 3.801894e-01	 1.345371e-01	 2.547335e-04	 6.270961e-04	 1.086902e-06	 5.520408e-02	 1.967783e-04	 1.667023e+01	 3.328714e-02	 1.658333e+01	 3.582419e-02	 5.522624e-02	 1.260236e-04	-2.360059e-04	 2.824167e-04	-2.270167e-04	 1.769645e-04	 0.000000e+00	 0.000000e+00
 4.365158e-01	 1.324286e-01	 2.569515e-04	 6.309142e-04	 1.399969e-06	 4.842581e-02	 1.452782e-04	 1.589313e+01	 3.208742e-02	 1.585140e+01	 3.191227e-02	 4.837474e-02	 1.091004e-04	-3.011531e-06	 2.058979e-04	 9.912095e-05	 1.335455e-04	 0.000000e+00	 0.000000e+00
 5.011872e-01	 1.285713e-01	 2.588277e-04	 6.276103e-04	 1.205435e-06	 4.097517e-02	 1.016994e-04	 1.517232e+01	 4.048107e-02	 1.507599e+01	 3.164128e-02	 4.098472e-02	 1.030214e-04	 5.416624e-04	 2.840654e-04	-1.114809e-05	 1.171047e-04	 0.000000e+00	 0.000000e+00
 5.754399e-01	 1.244994e-01	 2.778048e-04	 6.083032e-04	 1.183273e-06	 3.345073e-02	 9.414160e-05	 1.415690e+01	 3.108217e-02	 1.412961e+01	 3.102876e-02	 3.341129e-02	 9.450997e-05	 8.497252e-06	 2.982241e-04	 5.512865e-06	 1.510415e-04	 0.000000e+00	 0.000000e+00
 6.606934e-01	 1.181070e-01	 2.572067e-04	 5.752525e-04	 1.724712e-06	 2.551426e-02	 9.735014e-05	 1.318404e+01	 3.014054e-02	 1.316547e+01	 2.983670e-02	 2.573078e-02	 9.382360e-05	 2.235917e-04	 2.042193e-04	-1.633335e-05	 1.009417e-04	 0.000000e+00	 0.000000e+00
 7.585776e-01	 1.112110e-01	 2.628213e-04	 5.321023e-04	 1.145248e-06	 1.790619e-02	 1.121435e-04	 1.212328e+01	 2.892363e-02	 1.207375e+01	 2.876871e-02	 1.778374e-02	 9.863545e-05	-2.343245e-04	 2.045404e-04	 6.796609e-05	 1.292867e-04	 0.000000e+00	 0.000000e+00
 8.709636e-01	 1.031265e-01	 2.431267e-04	 4.800498e-04	 1.216884e-06	 1.044733e-02	 1.180067e-04	 1.096757e+01	 3.592546e-02	 1.093347e+01	 2.787716e-02	 1.040905e-02	 1.037009e-04	 1.265901e-04	 2.671916e-04	 6.466286e-05	 1.053658e-04	 0.000000e+00	 0.000000e+00
 1.000000e+00	 9.328184e-02	 2.338404e-04	 4.101788e-04	 1.035077e-06	 3.283715e-03	 1.077256e-04	 9.705548e+00	 2.609714e-02	 9.725557e+00	 2.585753e-02	 3.245043e-03	 1.160589e-04	 1.967161e-04	 1.962595e-04	-2.369577e-04	 1.061409e-04	 0.000000e+00	 0.000000e+00
 1.148154e+00	 8.331683e-02	 2.210774e-04	 3.407215e-04	 9.174750e-07	-3.446274e-03	 1.685112e-04	 8.430549e+00	 2.458818e-02	 8.354099e+00	 3.120173e-02	-3.680650e-03	 1.289252e-04	 1.871213e-04	 1.897057e-04	 7.457207e-05	 9.500639e-05	 0.000000e+00	 0.000000e+00
 1.318257e+00	 7.197421e-02	 2.075824e-04	 2.633977e-04	 8.131673e-07	-9.426256e-03	 1.107510e-04	 7.065926e+00	 3.514374e-02	 7.042152e+00	 2.245516e-02	-9.433812e-03	 1.112263e-04	 1.130392e-04	 2.105512e-04	-3.690934e-06	 1.160206e-04	 0.000000e+00	 0.000000e+00
 1.513561e+00	 6.013043e-02	 1.919455e-04	 1.858345e-04	 6.956176e-07	-1.487524e-02	 1.187732e-04	 5.741230e+00	 2.050342e-02	 5.655415e+00	 2.081860e-02	-1.473874e-02	 1.101222e-04	-5.238500e-05	 1.690663e-04	-1.263137e-05	 7.676325e-05	 0.000000e+00	 0.000000e+00
 1.737801e+00	 4.786501e-02	 1.739307e-04	 1.101708e-04	 5.394157e-07	-1.922218e-02	 1.078844e-04	 4.311661e+00	 1.847452e-02	 4.365635e+00	 2.138647e-02	-1.944185e-02	 1.333412e-04	-1.571424e-04	 1.563740e-04	 1.555897e-04	 1.064091e-04	 0.000000e+00	 0.000000e+00
 1.995262e+00	 3.504452e-02	 2.117715e-04	 3.605810e-05	 4.031811e-07	-2.319399e-02	 1.044663e-04	 2.966817e+00	 1.655654e-02	 2.944369e+00	 1.887762e-02	-2.300679e-02	 1.334232e-04	 4.112842e-05	 1.557857e-04	 1.994214e-04	 1.029145e-04	 0.000000e+00	 0.000000e+00
 2.290868e+00	 2.278508e-02	 1.572453e-04	-3.062664e-05	 3.414668e-07	-2.590165e-02	 1.110848e-04	 1.585740e+00	 1.573356e-02	 1.564348e+00	 1.596381e-02	-2.574747e-02	 1.011583e-04	 1.280653e-04	 1.260301e-04	 1.060788e-04	 9.746706e-05	 0.000000e+00	 0.000000e+00
 2.630268e+00	 1.055081e-02	 1.452067e-04	-9.272492e-05	 3.025073e-07	-2.766546e-02	 9.770060e-05	 2.636466e-01	 1.715068e-02	 2.295924e-01	 1.569728e-02	-2.760907e-02	 9.892236e-05	 6.255486e-05	 1.100075e-04	-9.311302e-05	 1.130831e-04	 0.000000e+00	 0.000000e+00
 3.019952e+00	-1.669840e-03	 1.730696e-04	-1.468230e-04	 2.605786e-07	-2.869324e-02	 9.327717e-05	-1.068453e+00	 1.585216e-02	-1.096490e+00	 1.576406e-02	-2.861680e-02	 1.071659e-04	 1.085569e-05	 9.618923e-05	-6.817356e-05	 8.797899e-05	 0.000000e+00	 0.000000e+00
 3.467369e+00	-1.321569e-02	 1.487422e-04	-1.931929e-04	 3.047761e-07	-2.916544e-02	 1.292147e-04	-2.343450e+00	 1.602036e-02	-2.352519e+00	 1.629280e-02	-2.908667e-02	 8.825780e-05	-1.131966e-04	 8.643142e-05	-6.741302e-05	 8.147286e-05	 0.000000e+00	 0.000000e+00
 3.981072e+00	-2.452755e-02	 1.508571e-04	-2.338402e-04	 2.424571e-07	-2.862711e-02	 8.393522e-05	-3.581356e+00	 1.605345e-02	-3.590363e+00	 1.794434e-02	-2.880132e-02	 8.332643e-05	-4.525121e-05	 8.369993e-05	-9.268340e-05	 8.066998e-05	 0.000000e+00	 0.000000e+00
 4.570882e+00	-3.541370e-02	 1.493849e-04	-2.672024e-04	 1.677497e-07	-2.777531e-02	 8.331417e-05	-4.802532e+00	 1.588737e-02	-4.784944e+00	 1.608697e-02	-2.783068e-02	 7.942912e-05	-1.973384e-04	 8.563549e-05	-2.516819e-06	 7.912343e-05	 0.000000e+00	 0.000000e+00
 5.248075e+00	-4.527737e-02	 1.706126e-04	-2.951471e-04	 1.546674e-07	-2.632314e-02	 7.523120e-05	-5.942402e+00	 1.576651e-02	-5.919455e+00	 1.569863e-02	-2.637675e-02	 7.506550e-05	 1.670337e-05	 9.333091e-05	-1.151444e-04	 8.686650e-05	 0.000000e+00	 0.000000e+00
 6.025596e+00	-5.565929e-02	 1.901946e-04	-3.182024e-04	 1.618079e-07	-2.472976e-02	 7.107862e-05	-7.058922e+00	 1.544208e-02	-7.005630e+00	 2.419736e-02	-2.475815e-02	 9.651637e-05	-1.514406e-04	 1.388121e-04	 2.261804e-05	 7.397490e-05	 0.000000e+00	 0.000000e+00
 6.918310e+00	-6.466305e-02	 1.499701e-04	-3.373956e-04	 4.129096e-07	-2.284617e-02	 1.165500e-04	-8.101926e+00	 1.517370e-02	-8.047670e+00	 1.514631e-02	-2.275259e-02	 6.760611e-05	-1.428933e-04	 1.068716e-04	 4.604953e-05	 7.136859e-05	 0.000000e+00	 0.000000e+00
 7.943282e+00	-7.354069e-02	 1.394977e-04	-3.527666e-04	 1.655315e-07	-2.060351e-02	 7.857761e-05	-9.089258e+00	 1.496274e-02	-9.062819e+00	 1.527788e-02	-2.070616e-02	 6.443435e-05	-2.145040e-04	 1.165452e-04	 1.225580e-04	 6.926759e-05	 0.000000e+00	 0.000000e+00
 9.120108e+00	-8.173964e-02	 1.373287e-04	-3.657884e-04	 2.249208e-07	-1.825895e-02	 7.078440e-05	-1.000442e+01	 2.322654e-02	-9.956401e+00	 1.441122e-02	-1.829032e-02	 7.108156e-05	 1.544690e-04	 1.270290e-04	 3.556178e-05	 6.289922e-05	 0.000000e+00	 0.000000e+00
 1.047129e+01	-8.944128e-02	 1.501712e-04	-3.767097e-04	 1.903044e-07	-1.601612e-02	 6.099827e-05	-1.088925e+01	 1.423964e-02	-1.084092e+01	 1.423254e-02	-1.601071e-02	 8.350330e-05	 2.196786e-04	 1.371110e-04	 4.957330e-05	 5.916825e-05	 0.000000e+00	 0.000000e+00
 1.202264e+01	-9.657990e-02	 1.353032e-04	-3.858948e-04	 2.252047e-07	-1.387349e-02	 6.164235e-05	-1.171124e+01	 1.417960e-02	-1.166738e+01	 1.765591e-02	-1.385675e-02	 5.967174e-05	 2.194786e-05	 1.479062e-04	-5.820937e-05	 5.580416e-05	 0.000000e+00	 0.000000e+00
 1.380384e+01	-1.033315e-01	 1.403458e-04	-3.934652e-04	 2.185584e-07	-1.162808e-02	 5.828333e-05	-1.249580e+01	 1.391941e-02	-1.244428e+01	 1.407155e-02	-1.165976e-02	 5.829570e-05	-3.172147e-04	 2.377256e-04	-6.030701e-05	 5.264448e-05	 0.000000e+00	 0.000000e+00
 1.584893e+01	-1.097693e-01	 1.418885e-04	-3.971014e-04	 1.489706e-07	-9.498347e-03	 5.696728e-05	-1.321116e+01	 1.444417e-02	-1.312566e+01	 2.495048e-02	-9.592795e-03	 5.947089e-05	-1.142217e-04	 1.686824e-04	-2.583255e-05	 4.999164e-05	 0.000000e+00	 0.000000e+00
 1.819701e+01	-1.155246e-01	 1.307380e-04	-4.038864e-04	 1.644283e-07	-7.628592e-03	 5.616188e-05	-1.388865e+01	 1.402405e-02	-1.381489e+01	 1.362394e-02	-7.678198e-03	 5.550909e-05	 1.353222e-04	 1.855261e-04	-5.772592e-05	 4.738485e-05	 0.000000e+00	 0.000000e+00
 2.089296e+01	-1.211497e-01	 1.366897e-04	-4.104287e-04	 3.996009e-07	-5.894410e-03	 5.406687e-05	-1.452249e+01	 1.490435e-02	-1.445399e+01	 1.400190e-02	-5.894250e-03	 5.406359e-05	 5.326052e-05	 1.885736e-04	-5.447809e-06	 4.545557e-05	 0.000000e+00	 0.000000e+00
 2.398833e+01	-1.261093e-01	 2.290047e-04	-4.148360e-04	 1.409941e-07	-4.428896e-03	 5.334029e-05	-1.513472e+01	 1.348093e-02	-1.462882e+01	 1.698361e-02	-4.393986e-03	 5.233882e-05	 1.097226e-04	 2.598631e-04	-4.604215e-05	 4.374591e-05	 0.000000e+00	 0.000000e+00
 2.754229e+01	-1.312085e-01	 1.361749e-04	-4.198740e-04	 1.674442e-07	-2.840069e-03	 5.104424e-05	-1.567465e+01	 1.420276e-02	-1.556344e+01	 1.748698e-02	-2.910991e-03	 5.057196e-05	 3.920787e-04	 3.014664e-04	-1.682343e-05	 4.655470e-05	 0.000000e+00	 0.000000e+00
 3.162278e+01	-1.354552e-01	 1.599351e-04	-4.237204e-04	 1.880577e-07	-1.533250e-03	 4.868747e-05	-1.619520e+01	 1.504880e-02	-1.610696e+01	 1.424133e-02	-1.631718e-03	 5.210413e-05	-5.053455e-05	 3.037030e-04	-2.403968e-05	 3.932179e-05	 0.000000e+00	 0.000000e+00
 3.630781e+01	-1.398106e-01	 1.528984e-04	-4.280884e-04	 1.523961e-07	-5.365745e-04	 4.733376e-05	-1.664077e+01	 1.430117e-02	-1.655522e+01	 1.569818e-02	-5.369161e-04	 4.649123e-05	-2.235770e-04	 2.256811e-04	 1.327205e-05	 4.222059e-05	 0.000000e+00	 0.000000e+00
 4.168694e+01	-1.436422e-01	 1.427947e-04	-4.316571e-04	 2.576433e-07	 5.000815e-04	 4.456935e-05	-1.709273e+01	 2.023195e-02	-1.697017e+01	 3.129035e-02	 4.021880e-04	 4.528213e-05	 7.539925e-05	 2.328055e-04	 6.811647e-06	 3.586470e-05	 0.000000e+00	 0.000000e+00
 4.786301e+01	-1.470400e-01	 1.618073e-04	-4.346258e-04	 1.567917e-07	 1.168697e-03	 4.211070e-05	-1.748884e+01	 1.794932e-02	-1.734591e+01	 1.677554e-02	 1.188986e-03	 4.292311e-05	-2.808572e-04	 3.354647e-04	-2.977127e-05	 3.425880e-05	 0.000000e+00	 0.000000e+00
 5.495409e+01	-1.503020e-01	 2.507709e-04	-4.373440e-04	 1.595209e-07	 1.864808e-03	 3.997984e-05	-1.783433e+01	 1.764212e-02	-1.777268e+01	 1.389476e-02	 1.806823e-03	 4.038155e-05	 4.379890e-05	 2.518218e-04	 4.507420e-05	 3.260870e-05	 0.000000e+00	 0.000000e+00
 6.309573e+01	-1.518944e-01	 1.804092e-04	-4.401130e-04	 1.885985e-07	 2.372803e-03	 3.745038e-05	-1.800208e+01	 1.339584e-02	-1.804928e+01	 1.564058e-02	 2.378452e-03	 3.780012e-05	 1.494419e-04	 2.938005e-04	-8.380473e-06	 3.254173e-05	 0.000000e+00	 0.000000e+00
 7.244360e+01	-1.559142e-01	 1.705151e-04	-4.424425e-04	 1.639309e-07	 2.863325e-03	 3.517803e-05	-1.834213e+01	 1.975393e-02	-1.836592e+01	 1.568500e-02	 2.878816e-03	 3.509221e-05	-6.849067e-04	 3.038739e-04	-1.889199e-05	 2.946134e-05	 0.000000e+00	 0.000000e+00
 8.317638e+01	-1.572151e-01	 1.427605e-04	-4.440324e-04	 1.673426e-07	 3.176959e-03	 3.409447e-05	-1.868560e+01	 2.341653e-02	-1.852587e+01	 1.353081e-02	 3.164463e-03	 4.071422e-05	 2.843638e-04	 2.911039e-04	-2.050405e-05	 2.791853e-05	 0.000000e+00	 0.000000e+00
 9.549926e+01	-1.599932e-01	 2.505347e-04	-4.463073e-04	 1.782910e-07	 3.486809e-03	 3.110197e-05	-1.890412e+01	 1.651664e-02	-1.877560e+01	 1.478318e-02	 3.407872e-03	 3.067851e-05	-2.934680e-04	 3.763360e-04	 8.878463e-06	 2.654729e-05	 0.000000e+00	 0.000000e+00
 1.096478e+02	-1.627783e-01	 1.932030e-04	-4.481748e-04	 1.774050e-07	 3.598859e-03	 2.854614e-05	-1.922234e+01	 2.188575e-02	-1.904371e+01	 1.425066e-02	 3.629000e-03	 2.868602e-05	-5.747145e-05	 4.069902e-04	-2.443447e-05	 2.521316e-05	 0.000000e+00	 0.000000e+00
 1.258925e+02	-1.643421e-01	 2.293221e-04	-4.493911e-04	 1.745404e-07	 3.700393e-03	 2.694859e-05	-1.937885e+01	 1.391134e-02	-1.941559e+01	 2.123223e-02	 3.698201e-03	 2.669073e-05	-3.358979e-04	 3.105685e-04	 2.640392e-05	 2.437261e-05	 0.000000e+00	 0.000000e+00
 1.445440e+02	-1.659609e-01	 1.624270e-04	-4.510616e-04	 1.939838e-07	 3.766386e-03	 2.453369e-05	-1.958923e+01	 2.155142e-02	-1.946620e+01	 1.451837e-02	 3.725503e-03	 2.456653e-05	-3.735631e-04	 3.269949e-04	-4.181877e-06	 2.207212e-05	 0.000000e+00	 0.000000e+00
 1.659587e+02	-1.680794e-01	 2.236296e-04	-4.521284e-04	 1.996456e-07	 3.767917e-03	 2.269289e-05	-1.987618e+01	 2.887411e-02	-1.968454e+01	 1.949162e-02	 3.776265e-03	 2.263703e-05	-6.033970e-05	 3.164994e-04	-1.679066e-05	 2.077731e-05	 0.000000e+00	 0.000000e+00
 1.905461e+02	-1.693958e-01	 2.322189e-04	-4.531754e-04	 2.008809e-07	 3.724765e-03	 2.094635e-05	-1.996245e+01	 1.979541e-02	-1.983707e+01	 1.627274e-02	 3.740324e-03	 2.103125e-05	 3.582765e-04	 2.913168e-04	-1.535789e-05	 1.941361e-05	 0.000000e+00	 0.000000e+00
 2.187762e+02	-1.712179e-01	 1.802792e-04	-4.542407e-04	 1.863173e-07	 3.638461e-03	 1.955684e-05	-2.013122e+01	 1.948108e-02	-2.003938e+01	 1.848358e-02	 3.656703e-03	 1.946507e-05	-3.248879e-04	 3.225773e-04	-1.545185e-05	 1.813957e-05	 0.000000e+00	 0.000000e+00
 2.511886e+02	-1.720593e-01	 1.634103e-04	-4.551854e-04	 2.051721e-07	 3.561263e-03	 1.780113e-05	-2.025891e+01	 1.670665e-02	-2.018373e+01	 2.293016e-02	 3.549236e-03	 1.792734e-05	 4.282820e-04	 3.466603e-04	-1.660991e-05	 1.699711e-05	 0.000000e+00	 0.000000e+00
 2.884032e+02	-1.736155e-01	 2.495425e-04	-4.555970e-04	 2.253529e-07	 3.434598e-03	 1.627366e-05	-2.042737e+01	 2.941395e-02	-2.031178e+01	 2.310313e-02	 3.436132e-03	 1.636085e-05	 6.580441e-04	 3.804396e-04	-1.104300e-05	 1.579314e-05	 0.000000e+00	 0.000000e+00
 3.311311e+02	-1.744479e-01	 2.005990e-04	-4.567730e-04	 2.119157e-07	 3.301806e-03	 1.511502e-05	-2.050885e+01	 1.666611e-02	-2.039527e+01	 1.571259e-02	 3.298152e-03	 1.489433e-05	 5.265591e-04	 3.044090e-04	 9.815291e-06	 1.464235e-05	 0.000000e+00	 0.000000e+00
 3.801894e+02	-1.755072e-01	 2.283234e-04	-4.572515e-04	 2.290942e-07	 3.190996e-03	 1.367080e-05	-2.061671e+01	 1.896627e-02	-2.046791e+01	 1.642943e-02	 3.175183e-03	 1.371306e-05	-5.266615e-04	 3.121669e-04	-9.676993e-06	 1.366739e-05	 0.000000e+00	 0.000000e+00
 4.365158e+02	-1.764279e-01	 1.801119e-04	-4.580674e-04	 2.266967e-07	 3.010623e-03	 1.245695e-05	-2.068658e+01	 1.708572e-02	-2.055979e+01	 1.707928e-02	 3.003685e-03	 1.253833e-05	 3.773985e-04	 3.359091e-04	 2.308422e-06	 1.276792e-05	 0.000000e+00	 0.000000e+00
 5.011872e+02	-1.766704e-01	 1.813793e-04	-4.582653e-04	 1.929912e-07	 2.879926e-03	 1.133981e-05	-2.079651e+01	 1.941609e-02	-2.064849e+01	 1.755941e-02	 2.863807e-03	 1.146563e-05	 1.897395e-04	 3.046875e-04	 6.036776e-06	 1.171212e-05	 0.000000e+00	 0.000000e+00
 5.754399e+02	-1.778177e-01	 1.746923e-04	-4.585819e-04	 2.399749e-07	 2.705874e-03	 1.037152e-05	-2.082887e+01	 1.700758e-02	-2.073465e+01	 1.689446e-02	 2.695318e-03	 1.040422e-05	-1.523674e-04	 3.147133e-04	 5.587402e-06	 1.083617e-05	 0.000000e+00	 0.000000e+00
 6.606934e+02	-1.782819e-01	 2.249078e-04	-4.590995e-04	 1.951943e-07	 2.518703e-03	 9.477673e-06	-2.091786e+01	 1.816121e-02	-2.078665e+01	 1.787855e-02	 2.546703e-03	 9.458146e-06	-3.112357e-05	 3.087564e-04	 1.143442e-05	 1.014655e-05	 0.000000e+00	 0.000000e+00
 7.585776e+02	-1.789903e-01	 2.116106e-04	-4.591458e-04	 2.653378e-07	 2.378290e-03	 8.670392e-06	-2.100095e+01	 1.812242e-02	-2.089660e+01	 1.780403e-02	 2.386195e-03	 8.626456e-06	-3.720251e-04	 3.110183e-04	 3.048602e-06	 9.203168e-06	 0.000000e+00	 0.000000e+00
 8.709636e+02	-1.796607e-01	 1.863314e-04	-4.592972e-04	 2.394644e-07	 2.240870e-03	 7.879006e-06	-2.107134e+01	 1.819472e-02	-2.094934e+01	 1.885459e-02	 2.225578e-03	 7.841163e-06	 2.885763e-04	 3.754578e-04	-3.890935e-06	 8.468480e-06	 0.000000e+00	 0.000000e+00
 1.000000e+03	-1.800505e-01	 1.894595e-04	-4.598846e-04	 2.468761e-07	 2.092673e-03	 7.113279e-06	-2.113020e+01	 1.868476e-02	-2.098098e+01	 1.849157e-02	 2.077638e-03	 7.226689e-06	-2.345989e-04	 3.133931e-04	-1.827096e-06	 7.806407e-06	 0.000000e+00	 0.000000e+00
