 1.000000e-03	 2.552840e-02	 2.517959e-05	 8.063465e-07	 7.698797e-10	 2.545477e-02	 2.510940e-05	 4.625081e+00	 4.562139e-03	 4.599627e+00	 4.537030e-03	 2.545477e-02	 2.510940e-05	-2.259372e-06	 2.350879e-06	 2.254529e-06	 2.348588e-06	 0.000000e+00	 0.000000e+00
 1.148154e-03	 2.678581e-02	 2.667530e-05	 9.745613e-07	 1.118205e-09	 2.675379e-02	 3.174296e-05	 4.861857e+00	 5.768506e-03	 4.835103e+00	 5.736737e-03	 2.675379e-02	 3.174296e-05	-7.087389e-07	 2.654359e-06	 7.073255e-07	 2.651134e-06	 0.000000e+00	 0.000000e+00
 1.318257e-03	 2.815193e-02	 2.804573e-05	 1.176456e-06	 1.285226e-09	 2.808003e-02	 3.128138e-05	 5.103919e+00	 5.685176e-03	 5.075839e+00	 5.653894e-03	 2.800751e-02	 3.000169e-05	-1.916564e-06	 2.982801e-06	 1.913453e-06	 2.978669e-06	 0.000000e+00	 0.000000e+00
 1.513561e-03	 2.950728e-02	 3.220142e-05	 1.420162e-06	 1.611760e-09	 2.946232e-02	 3.604101e-05	 5.359712e+00	 8.781394e-03	 5.324597e+00	 5.992640e-03	 2.946232e-02	 3.604101e-05	 3.078664e-07	 3.356502e-06	-1.670348e-06	 4.040509e-06	 0.000000e+00	 0.000000e+00
 1.737801e-03	 3.100580e-02	 3.168630e-05	 1.709400e-06	 1.819035e-09	 3.079836e-02	 3.179517e-05	 5.605783e+00	 6.017799e-03	 5.578350e+00	 6.103703e-03	 3.084567e-02	 3.375339e-05	-1.365900e-06	 3.796741e-06	 7.777981e-07	 3.770922e-06	 0.000000e+00	 0.000000e+00
 1.995262e-03	 3.247677e-02	 3.387611e-05	 2.059371e-06	 2.041089e-09	 3.231812e-02	 3.644291e-05	 5.873266e+00	 6.126954e-03	 5.841439e+00	 8.023968e-03	 3.232085e-02	 4.154598e-05	 5.361356e-06	 4.695211e-06	-2.885198e-06	 4.686894e-06	 0.000000e+00	 0.000000e+00
 2.290868e-03	 3.403111e-02	 4.073882e-05	 2.477047e-06	 2.560597e-09	 3.377555e-02	 3.667577e-05	 6.148035e+00	 6.677672e-03	 6.105441e+00	 9.479449e-03	 3.386365e-02	 5.594164e-05	-8.129211e-06	 4.791008e-06	 1.846609e-06	 4.778577e-06	 0.000000e+00	 0.000000e+00
 2.630268e-03	 3.566947e-02	 3.712824e-05	 2.983485e-06	 3.078181e-09	 3.534567e-02	 4.171395e-05	 6.437973e+00	 6.890990e-03	 6.400424e+00	 8.256396e-03	 3.530678e-02	 5.492456e-05	-4.743508e-07	 5.384218e-06	 3.543205e-06	 5.375678e-06	 0.000000e+00	 0.000000e+00
 3.019952e-03	 3.725522e-02	 4.000302e-05	 3.593364e-06	 3.662769e-09	 3.694006e-02	 4.345115e-05	 6.733093e+00	 7.246222e-03	 6.703099e+00	 7.032702e-03	 3.692935e-02	 4.175376e-05	 3.151427e-06	 7.859940e-06	 1.513415e-06	 6.051582e-06	 0.000000e+00	 0.000000e+00
 3.467369e-03	 3.921604e-02	 7.241526e-05	 4.320987e-06	 4.691636e-09	 3.861105e-02	 4.200153e-05	 7.044872e+00	 7.508216e-03	 7.004759e+00	 7.570847e-03	 3.862434e-02	 4.732851e-05	-1.229713e-05	 8.689816e-06	 1.430977e-05	 8.651070e-06	 0.000000e+00	 0.000000e+00
 3.981072e-03	 4.078743e-02	 4.471624e-05	 5.178515e-06	 5.537884e-09	 4.032009e-02	 4.437389e-05	 7.346510e+00	 8.050871e-03	 7.311793e+00	 8.525922e-03	 4.028096e-02	 4.477001e-05	 1.654654e-06	 7.661027e-06	-8.024376e-06	 7.588138e-06	 0.000000e+00	 0.000000e+00
 4.570882e-03	 4.259929e-02	 6.989218e-05	 6.224524e-06	 6.635967e-09	 4.203014e-02	 7.024074e-05	 7.667553e+00	 1.258481e-02	 7.626926e+00	 8.508031e-03	 4.206123e-02	 4.680378e-05	 1.185477e-06	 1.025204e-05	-8.159100e-07	 1.054485e-05	 0.000000e+00	 0.000000e+00
 5.248075e-03	 4.464448e-02	 7.663518e-05	 7.480066e-06	 1.027724e-08	 4.384408e-02	 4.986513e-05	 8.015947e+00	 1.147152e-02	 7.960206e+00	 8.797183e-03	 4.392444e-02	 4.832766e-05	-1.760873e-05	 1.303253e-05	-3.147459e-06	 9.832290e-06	 0.000000e+00	 0.000000e+00
 6.025596e-03	 4.638782e-02	 6.108961e-05	 8.928767e-06	 1.471072e-08	 4.567652e-02	 5.205085e-05	 8.335749e+00	 1.275420e-02	 8.300265e+00	 9.456446e-03	 4.565458e-02	 5.138891e-05	-7.090852e-06	 1.076518e-05	-9.513863e-06	 1.093952e-05	 0.000000e+00	 0.000000e+00
 6.918310e-03	 4.853256e-02	 5.504797e-05	 1.071029e-05	 1.189530e-08	 4.754262e-02	 5.490262e-05	 8.703361e+00	 1.048879e-02	 8.658247e+00	 1.212065e-02	 4.745437e-02	 5.860773e-05	-1.249704e-05	 1.208142e-05	 1.872544e-05	 1.195525e-05	 0.000000e+00	 0.000000e+00
 7.943282e-03	 5.055014e-02	 5.901232e-05	 1.279702e-05	 1.899594e-08	 4.930679e-02	 5.782131e-05	 9.049639e+00	 1.149968e-02	 9.002205e+00	 1.168532e-02	 4.947188e-02	 9.227485e-05	 1.366458e-06	 1.472334e-05	-1.843880e-05	 1.691661e-05	 0.000000e+00	 0.000000e+00
 9.120108e-03	 5.264424e-02	 6.436292e-05	 1.531171e-05	 1.700627e-08	 5.110074e-02	 6.304182e-05	 9.345444e+00	 1.529751e-02	 9.318265e+00	 1.117767e-02	 5.130520e-02	 6.032076e-05	 1.017347e-05	 1.511136e-05	-1.318353e-05	 1.494187e-05	 0.000000e+00	 0.000000e+00
 1.047129e-02	 5.471142e-02	 6.686714e-05	 1.823667e-05	 2.111009e-08	 5.308706e-02	 6.553065e-05	 9.768908e+00	 1.756534e-02	 9.688312e+00	 1.186340e-02	 5.305831e-02	 6.461937e-05	 1.097129e-05	 1.688964e-05	-8.357140e-06	 1.709580e-05	 0.000000e+00	 0.000000e+00
 1.202264e-02	 5.694157e-02	 7.184126e-05	 2.171013e-05	 2.782500e-08	 5.498719e-02	 7.192538e-05	 1.010377e+01	 1.570503e-02	 1.005943e+01	 1.252500e-02	 5.498484e-02	 6.678917e-05	 3.378869e-06	 2.066935e-05	 2.019560e-05	 1.857484e-05	 0.000000e+00	 0.000000e+00
 1.380384e-02	 5.907750e-02	 1.157589e-04	 2.585408e-05	 3.109939e-08	 5.685144e-02	 7.000049e-05	 1.047897e+01	 1.324737e-02	 1.043029e+01	 1.300020e-02	 5.690097e-02	 6.975657e-05	-6.144935e-06	 2.093663e-05	 4.710387e-05	 2.571091e-05	 0.000000e+00	 0.000000e+00
 1.584893e-02	 6.148467e-02	 7.728950e-05	 3.063668e-05	 3.682843e-08	 5.856885e-02	 7.835046e-05	 1.085791e+01	 1.578801e-02	 1.079222e+01	 1.575174e-02	 5.866465e-02	 7.435196e-05	-5.502875e-05	 2.869144e-05	-6.685862e-06	 2.298279e-05	 0.000000e+00	 0.000000e+00
 1.819701e-02	 6.371350e-02	 1.215957e-04	 3.639472e-05	 4.499440e-08	 6.041082e-02	 7.727598e-05	 1.121963e+01	 1.433122e-02	 1.117421e+01	 1.957596e-02	 6.029292e-02	 7.831851e-05	-7.838973e-06	 2.601760e-05	 9.797879e-07	 3.424888e-05	 0.000000e+00	 0.000000e+00
 2.089296e-02	 6.616893e-02	 8.668721e-05	 4.302773e-05	 7.836526e-08	 6.221481e-02	 8.098459e-05	 1.156966e+01	 1.502475e-02	 1.148630e+01	 1.512134e-02	 6.214131e-02	 8.260539e-05	 3.652459e-05	 4.061495e-05	-2.343273e-05	 2.880381e-05	 0.000000e+00	 0.000000e+00
 2.398833e-02	 6.863797e-02	 9.522100e-05	 5.083026e-05	 6.291446e-08	 6.368754e-02	 8.613658e-05	 1.189293e+01	 1.605126e-02	 1.182442e+01	 1.598110e-02	 6.368237e-02	 8.578199e-05	 4.371730e-05	 3.220228e-05	 2.140288e-05	 3.125575e-05	 0.000000e+00	 0.000000e+00
 2.754229e-02	 7.087645e-02	 1.480726e-04	 5.982293e-05	 7.671041e-08	 6.527697e-02	 9.529368e-05	 1.219683e+01	 2.185166e-02	 1.215298e+01	 1.675282e-02	 6.529078e-02	 1.186619e-04	 4.812156e-05	 3.544552e-05	-3.181302e-05	 3.439636e-05	 0.000000e+00	 0.000000e+00
 3.162278e-02	 7.319741e-02	 1.031621e-04	 7.021307e-05	 9.325513e-08	 6.648596e-02	 9.621918e-05	 1.251650e+01	 1.776329e-02	 1.250772e+01	 2.610215e-02	 6.649115e-02	 9.978588e-05	-9.048397e-06	 3.974776e-05	-6.236406e-05	 3.834565e-05	 0.000000e+00	 0.000000e+00
 3.630781e-02	 7.566437e-02	 1.056267e-04	 8.245870e-05	 1.613297e-07	 6.787056e-02	 9.672188e-05	 1.284277e+01	 1.819403e-02	 1.279361e+01	 2.863667e-02	 6.787058e-02	 1.022819e-04	 1.267986e-04	 5.952712e-05	-2.620881e-05	 4.176637e-05	 0.000000e+00	 0.000000e+00
 4.168694e-02	 7.765345e-02	 1.255643e-04	 9.583548e-05	 1.369752e-07	 6.890755e-02	 1.039232e-04	 1.314203e+01	 2.916393e-02	 1.305512e+01	 1.906214e-02	 6.880306e-02	 1.002162e-04	-5.393168e-05	 6.690895e-05	-1.348226e-05	 4.578858e-05	 0.000000e+00	 0.000000e+00
 4.786301e-02	 8.026751e-02	 1.282854e-04	 1.111969e-04	 1.564384e-07	 6.933417e-02	 1.066255e-04	 1.338606e+01	 2.993884e-02	 1.330599e+01	 2.718166e-02	 6.931434e-02	 1.043986e-04	-3.789007e-05	 5.516444e-05	 1.126685e-05	 5.238877e-05	 0.000000e+00	 0.000000e+00
 5.495409e-02	 8.253854e-02	 1.293274e-04	 1.291340e-04	 1.818814e-07	 6.986182e-02	 1.083033e-04	 1.357417e+01	 2.082792e-02	 1.351781e+01	 2.282010e-02	 7.000171e-02	 1.299268e-04	 1.328055e-05	 7.282038e-05	 1.628603e-05	 5.453525e-05	 0.000000e+00	 0.000000e+00
 6.309573e-02	 8.436607e-02	 1.321176e-04	 1.484366e-04	 3.025940e-07	 7.038129e-02	 1.552378e-04	 1.371310e+01	 2.415049e-02	 1.368112e+01	 2.316777e-02	 7.009790e-02	 1.511496e-04	 1.295529e-04	 7.918276e-05	-1.090088e-04	 7.112226e-05	 0.000000e+00	 0.000000e+00
 7.244360e-02	 8.673520e-02	 1.366590e-04	 1.706245e-04	 2.477212e-07	 7.008985e-02	 1.136575e-04	 1.389732e+01	 3.468458e-02	 1.381126e+01	 2.222047e-02	 6.999158e-02	 1.139858e-04	 7.185306e-05	 7.165354e-05	-5.486686e-05	 9.372905e-05	 0.000000e+00	 0.000000e+00
 8.317638e-02	 8.881881e-02	 2.164941e-04	 1.947462e-04	 2.872744e-07	 6.948492e-02	 1.188257e-04	 1.400292e+01	 3.034689e-02	 1.393937e+01	 2.344831e-02	 6.955070e-02	 1.163985e-04	-9.086723e-05	 7.483032e-05	-3.508299e-05	 8.265106e-05	 0.000000e+00	 0.000000e+00
 9.549926e-02	 9.051796e-02	 1.672832e-04	 2.206765e-04	 3.330877e-07	 6.863554e-02	 1.179998e-04	 1.403620e+01	 2.525954e-02	 1.394438e+01	 2.384861e-02	 6.863075e-02	 1.175061e-04	 8.451069e-05	 8.469342e-05	 7.517178e-06	 1.022838e-04	 0.000000e+00	 0.000000e+00
 1.096478e-01	 9.204708e-02	 1.573323e-04	 2.483327e-04	 3.947221e-07	 6.718068e-02	 1.417201e-04	 1.404072e+01	 2.422059e-02	 1.394689e+01	 2.424345e-02	 6.728554e-02	 1.273718e-04	 1.909043e-05	 1.128495e-04	 3.759217e-05	 1.086775e-04	 0.000000e+00	 0.000000e+00
 1.258925e-01	 9.354878e-02	 1.695287e-04	 2.767984e-04	 4.392976e-07	 6.525008e-02	 1.532233e-04	 1.396334e+01	 3.874091e-02	 1.388322e+01	 2.475649e-02	 6.509529e-02	 1.204459e-04	 2.938067e-04	 1.289360e-04	-2.201395e-04	 8.227972e-05	 0.000000e+00	 0.000000e+00
 1.445440e-01	 9.458213e-02	 1.790160e-04	 3.046165e-04	 5.112603e-07	 6.262209e-02	 1.203311e-04	 1.380968e+01	 2.558077e-02	 1.365216e+01	 2.602580e-02	 6.262209e-02	 1.203311e-04	-2.018995e-04	 1.332141e-04	-2.476702e-05	 8.607390e-05	 0.000000e+00	 0.000000e+00
 1.659587e-01	 9.535714e-02	 2.841496e-04	 3.351714e-04	 5.640634e-07	 5.997301e-02	 1.417356e-04	 1.356208e+01	 2.584358e-02	 1.349989e+01	 2.598306e-02	 5.996261e-02	 1.524370e-04	 3.544908e-05	 1.304794e-04	 4.786579e-05	 8.951641e-05	 0.000000e+00	 0.000000e+00
 1.905461e-01	 9.518330e-02	 3.222692e-04	 3.617268e-04	 6.707756e-07	 5.617388e-02	 1.176625e-04	 1.319686e+01	 3.037453e-02	 1.313205e+01	 2.701161e-02	 5.623306e-02	 1.168290e-04	-9.048641e-05	 1.166919e-04	-1.843043e-04	 1.225898e-04	 0.000000e+00	 0.000000e+00
 2.187762e-01	 9.496747e-02	 1.929061e-04	 3.879959e-04	 9.209155e-07	 5.205107e-02	 1.146045e-04	 1.276835e+01	 4.120140e-02	 1.277400e+01	 2.638649e-02	 5.212732e-02	 1.144613e-04	 1.434742e-04	 1.604067e-04	-2.374444e-04	 1.338413e-04	 0.000000e+00	 0.000000e+00
 2.511886e-01	 9.459802e-02	 1.940295e-04	 4.081651e-04	 1.045552e-06	 4.756524e-02	 1.100638e-04	 1.235484e+01	 2.651827e-02	 1.223672e+01	 3.477545e-02	 4.760264e-02	 1.631148e-04	 4.477391e-05	 1.544668e-04	-9.055840e-05	 1.346694e-04	 0.000000e+00	 0.000000e+00
 2.884032e-01	 9.292416e-02	 1.989036e-04	 4.236614e-04	 1.365375e-06	 4.212107e-02	 1.060901e-04	 1.176592e+01	 3.441370e-02	 1.167824e+01	 3.243467e-02	 4.232517e-02	 1.054229e-04	-7.369971e-05	 1.944648e-04	 4.460017e-05	 9.907528e-05	 0.000000e+00	 0.000000e+00
 3.311311e-01	 9.006455e-02	 3.111010e-04	 4.335671e-04	 8.778991e-07	 3.674253e-02	 9.990861e-05	 1.106187e+01	 2.825050e-02	 1.100488e+01	 2.704614e-02	 3.648313e-02	 1.083331e-04	 7.542175e-05	 1.904979e-04	 8.305181e-05	 9.311067e-05	 0.000000e+00	 0.000000e+00
 3.801894e-01	 8.664678e-02	 2.215362e-04	 4.325515e-04	 9.254462e-07	 3.054173e-02	 9.312009e-05	 1.031824e+01	 2.602851e-02	 1.029775e+01	 2.650694e-02	 3.075176e-02	 9.374971e-05	-1.385710e-04	 1.418601e-04	 1.549989e-05	 9.003443e-05	 0.000000e+00	 0.000000e+00
 4.365158e-01	 8.265643e-02	 2.059836e-04	 4.239649e-04	 9.534462e-07	 2.474018e-02	 1.267897e-04	 9.475820e+00	 2.546405e-02	 9.443894e+00	 2.531281e-02	 2.439670e-02	 8.568308e-05	 1.833558e-04	 1.410141e-04	-3.507902e-05	 8.639146e-05	 0.000000e+00	 0.000000e+00
 5.011872e-01	 7.749802e-02	 2.099434e-04	 4.047574e-04	 1.121131e-06	 1.811129e-02	 8.354029e-05	 8.566464e+00	 2.461871e-02	 8.520402e+00	 2.459460e-02	 1.810975e-02	 8.066473e-05	 1.146129e-04	 1.573688e-04	-5.668774e-05	 9.533039e-05	 0.000000e+00	 0.000000e+00
 5.754399e-01	 7.098971e-02	 2.136453e-04	 3.776966e-04	 1.246453e-06	 1.160941e-02	 7.996676e-05	 7.582041e+00	 2.362758e-02	 7.560033e+00	 2.347953e-02	 1.153470e-02	 8.006498e-05	-2.937956e-05	 1.412317e-04	 2.719477e-04	 1.015489e-04	 0.000000e+00	 0.000000e+00
 6.606934e-01	 6.372602e-02	 1.966045e-04	 3.381544e-04	 9.283345e-07	 5.206028e-03	 9.108606e-05	 6.498873e+00	 2.245644e-02	 6.473726e+00	 3.107876e-02	 5.270627e-03	 8.144679e-05	-2.105236e-04	 2.048110e-04	-1.148177e-04	 6.642943e-05	 0.000000e+00	 0.000000e+00
 7.585776e-01	 5.551057e-02	 1.890296e-04	 2.868618e-04	 9.244680e-07	-7.495420e-04	 8.387996e-05	 5.347890e+00	 2.466558e-02	 5.399237e+00	 2.937609e-02	-8.456030e-04	 8.392891e-05	 2.174800e-04	 1.744526e-04	-5.774984e-06	 7.687227e-05	 0.000000e+00	 0.000000e+00
 8.709636e-01	 4.657602e-02	 1.806410e-04	 2.315388e-04	 8.187123e-07	-6.596663e-03	 1.054236e-04	 4.265758e+00	 1.982076e-02	 4.226040e+00	 1.994003e-02	-6.600654e-03	 8.351191e-05	-5.116270e-05	 1.295855e-04	-2.417603e-05	 5.899837e-05	 0.000000e+00	 0.000000e+00
 1.000000e+00	 3.724145e-02	 1.700366e-04	 1.723325e-04	 7.850138e-07	-1.178494e-02	 8.308474e-05	 3.099872e+00	 1.738143e-02	 3.059818e+00	 1.761753e-02	-1.172999e-02	 8.300894e-05	 1.198530e-04	 1.221714e-04	-1.081890e-05	 5.735392e-05	 0.000000e+00	 0.000000e+00
 1.148154e+00	 2.711448e-02	 1.498952e-04	 1.048005e-04	 6.133433e-07	-1.632851e-02	 8.188860e-05	 1.917597e+00	 1.528437e-02	 1.893868e+00	 1.639151e-02	-1.641637e-02	 9.199815e-05	 9.696221e-05	 1.369303e-04	 3.299546e-05	 5.640273e-05	 0.000000e+00	 0.000000e+00
 1.318257e+00	 1.624395e-02	 1.339165e-04	 3.964827e-05	 5.612103e-07	-2.047219e-02	 7.963422e-05	 7.228969e-01	 1.306590e-02	 6.810063e-01	 1.375501e-02	-2.031764e-02	 7.983363e-05	 7.885506e-05	 1.029688e-04	 1.282068e-05	 5.744846e-05	 0.000000e+00	 0.000000e+00
 1.513561e+00	 5.948612e-03	 1.210595e-04	-2.360506e-05	 3.443595e-07	-2.345924e-02	 7.738411e-05	-4.694904e-01	 1.165280e-02	-4.647878e-01	 1.134640e-02	-2.344808e-02	 7.752682e-05	-1.269163e-04	 9.130403e-05	-8.354550e-05	 5.926010e-05	 0.000000e+00	 0.000000e+00
 1.737801e+00	-4.922539e-03	 1.138715e-04	-8.439049e-05	 3.234515e-07	-2.594608e-02	 7.700258e-05	-1.651042e+00	 1.058848e-02	-1.647088e+00	 1.330080e-02	-2.566951e-02	 1.053992e-04	 1.475741e-04	 7.970653e-05	-7.221782e-05	 6.139767e-05	 0.000000e+00	 0.000000e+00
 1.995262e+00	-1.549790e-02	 1.042140e-04	-1.397392e-04	 2.592653e-07	-2.736904e-02	 8.436846e-05	-2.775970e+00	 1.006038e-02	-2.773003e+00	 1.000808e-02	-2.755531e-02	 7.239454e-05	 1.468202e-04	 6.730338e-05	 2.229723e-05	 6.324889e-05	 0.000000e+00	 0.000000e+00
 2.290868e+00	-2.583438e-02	 1.080446e-04	-1.894702e-04	 2.321032e-07	-2.826662e-02	 8.964283e-05	-3.902922e+00	 1.220151e-02	-3.881545e+00	 9.494294e-03	-2.813277e-02	 8.413520e-05	-2.924111e-05	 6.022410e-05	 3.450726e-05	 9.069594e-05	 0.000000e+00	 0.000000e+00
 2.630268e+00	-3.600453e-02	 9.835313e-05	-2.313542e-04	 1.990073e-07	-2.855039e-02	 6.808978e-05	-4.966215e+00	 9.067244e-03	-4.954255e+00	 9.008113e-03	-2.838018e-02	 6.785047e-05	 2.315814e-06	 5.936561e-05	 7.222711e-05	 6.668407e-05	 0.000000e+00	 0.000000e+00
 3.019952e+00	-4.547897e-02	 9.124279e-05	-2.681437e-04	 1.745941e-07	-2.814481e-02	 6.539937e-05	-6.005232e+00	 8.983966e-03	-5.966185e+00	 9.758016e-03	-2.805630e-02	 6.556733e-05	 6.874173e-06	 6.419196e-05	 5.821061e-05	 6.667912e-05	 0.000000e+00	 0.000000e+00
 3.467369e+00	-5.466815e-02	 8.672991e-05	-2.981908e-04	 1.594354e-07	-2.680354e-02	 9.602047e-05	-7.003189e+00	 9.644551e-03	-6.977551e+00	 8.454070e-03	-2.681557e-02	 6.912072e-05	 7.830918e-05	 7.648481e-05	 8.822769e-05	 7.029764e-05	 0.000000e+00	 0.000000e+00
 3.981072e+00	-6.336163e-02	 1.036662e-04	-3.229273e-04	 2.035272e-07	-2.559903e-02	 6.250200e-05	-7.949689e+00	 1.019745e-02	-7.930733e+00	 1.178804e-02	-2.549628e-02	 7.378291e-05	 3.527157e-05	 8.688032e-05	 9.285495e-05	 6.589046e-05	 0.000000e+00	 0.000000e+00
 4.570882e+00	-7.148094e-02	 8.092723e-05	-3.421590e-04	 1.468019e-07	-2.362287e-02	 6.188645e-05	-8.852121e+00	 7.634562e-03	-8.823830e+00	 7.458043e-03	-2.365101e-02	 6.600522e-05	-4.398271e-05	 9.156739e-05	 4.584475e-05	 6.463074e-05	 0.000000e+00	 0.000000e+00
 5.248075e+00	-7.921411e-02	 7.910641e-05	-3.571585e-04	 3.745960e-07	-2.153421e-02	 9.290529e-05	-9.717556e+00	 7.489836e-03	-9.675439e+00	 7.538830e-03	-2.131308e-02	 6.269586e-05	 1.825070e-04	 1.039416e-04	-1.233487e-05	 6.393841e-05	 0.000000e+00	 0.000000e+00
 6.025596e+00	-8.651624e-02	 7.840079e-05	-3.697105e-04	 1.706020e-07	-1.922492e-02	 1.026052e-04	-1.053805e+01	 7.453712e-03	-1.049579e+01	 7.187793e-03	-1.916600e-02	 6.208209e-05	-6.648730e-05	 1.128207e-04	 5.234656e-05	 8.914741e-05	 0.000000e+00	 0.000000e+00
 6.918310e+00	-9.339667e-02	 1.342531e-04	-3.797657e-04	 1.730654e-07	-1.677498e-02	 6.825935e-05	-1.128393e+01	 8.533458e-03	-1.126162e+01	 7.309552e-03	-1.666252e-02	 6.229576e-05	-1.992471e-04	 1.280272e-04	-5.336160e-05	 5.829809e-05	 0.000000e+00	 0.000000e+00
 7.943282e+00	-9.973583e-02	 8.982348e-05	-3.870596e-04	 1.756468e-07	-1.425508e-02	 7.073845e-05	-1.204391e+01	 1.024076e-02	-1.197436e+01	 7.826767e-03	-1.402219e-02	 9.947254e-05	-6.183574e-05	 1.659858e-04	 4.710972e-05	 5.657640e-05	 0.000000e+00	 0.000000e+00
 9.120108e+00	-1.059267e-01	 9.357399e-05	-3.936382e-04	 1.939010e-07	-1.190076e-02	 6.386318e-05	-1.273644e+01	 8.598653e-03	-1.267191e+01	 9.338717e-03	-1.185060e-02	 6.645599e-05	-2.038124e-04	 2.499550e-04	-4.510992e-06	 5.551736e-05	 0.000000e+00	 0.000000e+00
 1.047129e+01	-1.114597e-01	 1.399948e-04	-3.923509e-04	 3.031985e-07	-9.471269e-03	 6.426070e-05	-1.338385e+01	 8.131651e-03	-1.331066e+01	 1.368899e-02	-9.401742e-03	 6.685335e-05	-1.205094e-04	 1.879431e-04	 8.710232e-05	 7.957685e-05	 0.000000e+00	 0.000000e+00
 1.202264e+01	-1.167145e-01	 1.576533e-04	-4.023352e-04	 4.320583e-07	-7.317342e-03	 9.019061e-05	-1.397369e+01	 8.294157e-03	-1.390550e+01	 8.392307e-03	-7.225008e-03	 6.426348e-05	-5.940718e-06	 1.721593e-04	 9.038476e-05	 5.164862e-05	 0.000000e+00	 0.000000e+00
 1.380384e+01	-1.217398e-01	 9.300282e-05	-4.043841e-04	 4.447880e-07	-5.120502e-03	 6.400989e-05	-1.455768e+01	 1.700129e-02	-1.448779e+01	 8.496380e-03	-5.294744e-03	 6.440873e-05	-1.566448e-04	 1.794525e-04	-1.617539e-06	 5.344105e-05	 0.000000e+00	 0.000000e+00
 1.584893e+01	-1.213204e-01	 1.333109e-04	-4.080653e-04	 1.525144e-07	-3.357630e-03	 7.253326e-05	-1.508106e+01	 1.225308e-02	-1.501918e+01	 1.095618e-02	-3.382920e-03	 6.451040e-05	-2.034320e-04	 2.104956e-04	 3.684178e-05	 6.659132e-05	 0.000000e+00	 0.000000e+00
 1.819701e+01	-1.307658e-01	 1.078305e-04	-4.152967e-04	 2.444939e-07	-1.664759e-03	 7.386428e-05	-1.562365e+01	 9.694954e-03	-1.544438e+01	 2.444730e-02	-1.699062e-03	 6.153224e-05	 1.010092e-04	 1.994141e-04	-3.706561e-05	 4.798242e-05	 0.000000e+00	 0.000000e+00
 2.089296e+01	-1.346491e-01	 1.885266e-04	-4.166966e-04	 2.174258e-07	-1.426369e-04	 5.982091e-05	-1.607989e+01	 1.194328e-02	-1.600448e+01	 1.063611e-02	-2.643433e-04	 6.290280e-05	-2.201042e-04	 2.080613e-04	-1.342916e-05	 4.953206e-05	 0.000000e+00	 0.000000e+00
 2.398833e+01	-1.387509e-01	 1.042217e-04	-4.205142e-04	 1.662596e-07	 1.039329e-03	 5.791186e-05	-1.650230e+01	 1.144817e-02	-1.644261e+01	 1.100919e-02	 1.170040e-03	 6.882174e-05	-1.101731e-05	 2.158675e-04	 2.445712e-05	 4.944332e-05	 0.000000e+00	 0.000000e+00
 2.754229e+01	-1.420491e-01	 1.642259e-04	-4.240443e-04	 2.172571e-07	 2.262418e-03	 5.557606e-05	-1.690768e+01	 1.374495e-02	-1.680679e+01	 1.156104e-02	 2.222129e-03	 5.601609e-05	-1.126256e-04	 2.235840e-04	 2.040031e-05	 4.524491e-05	 0.000000e+00	 0.000000e+00
 3.162278e+01	-1.454654e-01	 1.625583e-04	-4.269180e-04	 1.497382e-07	 3.132336e-03	 5.611279e-05	-1.732089e+01	 1.268595e-02	-1.718809e+01	 1.090097e-02	 3.182904e-03	 5.536073e-05	 3.836575e-05	 2.312301e-04	 4.369726e-05	 4.260600e-05	 0.000000e+00	 0.000000e+00
 3.630781e+01	-1.460842e-01	 1.252626e-04	-4.304791e-04	 1.667929e-07	 4.031991e-03	 5.082198e-05	-1.761981e+01	 1.334843e-02	-1.725120e+01	 1.002475e-02	 4.037576e-03	 5.068858e-05	 3.370575e-04	 3.146388e-04	 5.369826e-05	 4.540475e-05	 0.000000e+00	 0.000000e+00
 4.168694e+01	-1.516995e-01	 2.053434e-04	-4.333187e-04	 1.832670e-07	 4.591828e-03	 4.845727e-05	-1.798289e+01	 1.421650e-02	-1.788640e+01	 1.489921e-02	 4.636039e-03	 4.793132e-05	-3.127091e-04	 2.674496e-04	-2.065175e-05	 3.980932e-05	 0.000000e+00	 0.000000e+00
 4.786301e+01	-1.543837e-01	 1.881254e-04	-4.356666e-04	 1.645051e-07	 5.108357e-03	 4.530522e-05	-1.829771e+01	 1.591576e-02	-1.796158e+01	 1.902513e-02	 5.086613e-03	 4.925798e-05	-1.575904e-04	 2.508776e-04	-5.886355e-05	 3.939167e-05	 0.000000e+00	 0.000000e+00
 5.495409e+01	-1.552550e-01	 1.526716e-04	-4.388206e-04	 1.754069e-07	 5.477497e-03	 4.299011e-05	-1.858386e+01	 1.801553e-02	-1.828421e+01	 1.860472e-02	 5.451540e-03	 4.255420e-05	-1.828694e-04	 2.997588e-04	-3.282599e-05	 3.957345e-05	 0.000000e+00	 0.000000e+00
 6.309573e+01	-1.595593e-01	 2.319116e-04	-4.406955e-04	 1.739991e-07	 5.784672e-03	 4.487348e-05	-1.880361e+01	 1.496379e-02	-1.857572e+01	 2.143910e-02	 5.745949e-03	 4.026458e-05	 2.357561e-04	 2.636714e-04	-1.153078e-05	 3.490537e-05	 0.000000e+00	 0.000000e+00
 7.244360e+01	-1.598280e-01	 1.725098e-04	-4.431681e-04	 1.816900e-07	 5.839716e-03	 3.732708e-05	-1.909928e+01	 1.600551e-02	-1.879550e+01	 1.603188e-02	 5.930643e-03	 3.785818e-05	 9.085557e-05	 2.627646e-04	 1.972785e-05	 3.294352e-05	 0.000000e+00	 0.000000e+00
 8.317638e+01	-1.632973e-01	 1.625698e-04	-4.448163e-04	 1.754736e-07	 5.954119e-03	 3.509494e-05	-1.929767e+01	 2.103957e-02	-1.909734e+01	 2.393078e-02	 5.900248e-03	 3.542008e-05	-1.409600e-04	 2.726558e-04	-3.688416e-05	 3.825704e-05	 0.000000e+00	 0.000000e+00
 9.549926e+01	-1.642373e-01	 1.664851e-04	-4.464686e-04	 1.704863e-07	 5.967708e-03	 3.231695e-05	-1.935682e+01	 1.683768e-02	-1.925736e+01	 1.870728e-02	 6.028092e-03	 3.221447e-05	-2.390262e-05	 3.408277e-04	 3.328446e-05	 2.955144e-05	 0.000000e+00	 0.000000e+00
 1.096478e+02	-1.667471e-01	 1.662714e-04	-4.483171e-04	 1.726482e-07	 5.931471e-03	 3.917405e-05	-1.955229e+01	 1.593398e-02	-1.944625e+01	 1.388977e-02	 5.916046e-03	 3.021834e-05	 4.326700e-04	 2.834021e-04	 1.527400e-05	 2.789225e-05	 0.000000e+00	 0.000000e+00
 1.258925e+02	-1.687399e-01	 1.673345e-04	-4.496042e-04	 1.901085e-07	 5.876951e-03	 2.765945e-05	-1.975019e+01	 1.416662e-02	-1.962666e+01	 1.694692e-02	 5.873121e-03	 2.779728e-05	-3.148294e-04	 2.966966e-04	-1.626674e-05	 2.641762e-05	 0.000000e+00	 0.000000e+00
 1.445440e+02	-1.694588e-01	 2.057292e-04	-4.508569e-04	 1.976475e-07	 5.668032e-03	 2.557166e-05	-1.990536e+01	 1.478436e-02	-1.979491e+01	 1.461447e-02	 5.656190e-03	 2.567475e-05	-1.389916e-04	 2.942861e-04	 4.485473e-05	 2.470863e-05	 0.000000e+00	 0.000000e+00
 1.659587e+02	-1.706743e-01	 1.807267e-04	-4.520639e-04	 1.759326e-07	 5.522885e-03	 2.359785e-05	-2.007236e+01	 1.511366e-02	-1.997946e+01	 1.523094e-02	 5.486587e-03	 2.358340e-05	-1.294093e-04	 2.951498e-04	-2.947410e-05	 2.318935e-05	 0.000000e+00	 0.000000e+00
 1.905461e+02	-1.717131e-01	 1.722480e-04	-4.532625e-04	 2.140733e-07	 5.295686e-03	 2.195964e-05	-2.024148e+01	 1.495228e-02	-2.009445e+01	 2.052335e-02	 5.299536e-03	 2.179619e-05	 3.133552e-04	 3.279262e-04	-4.152058e-05	 2.232491e-05	 0.000000e+00	 0.000000e+00
 2.187762e+02	-1.733786e-01	 1.734923e-04	-4.545330e-04	 2.004042e-07	 5.074785e-03	 2.016131e-05	-2.029973e+01	 1.980089e-02	-2.020731e+01	 1.878132e-02	 5.077683e-03	 2.015916e-05	 3.267264e-04	 2.961126e-04	-2.336750e-05	 2.104219e-05	 0.000000e+00	 0.000000e+00
 2.511886e+02	-1.739604e-01	 1.860076e-04	-4.551277e-04	 1.811285e-07	 4.846073e-03	 1.855859e-05	-2.048099e+01	 1.630814e-02	-2.033171e+01	 2.215322e-02	 4.847798e-03	 1.835949e-05	-7.283144e-04	 3.235507e-04	-2.172768e-06	 1.892525e-05	 0.000000e+00	 0.000000e+00
 2.884032e+02	-1.749446e-01	 2.041766e-04	-4.559672e-04	 1.817569e-07	 4.603630e-03	 1.728896e-05	-2.065368e+01	 2.260952e-02	-2.044102e+01	 1.568863e-02	 4.612880e-03	 1.692057e-05	 5.441912e-04	 3.765398e-04	 2.645368e-06	 1.766997e-05	 0.000000e+00	 0.000000e+00
 3.311311e+02	-1.757545e-01	 1.975152e-04	-4.569841e-04	 2.150683e-07	 4.342712e-03	 1.546013e-05	-2.069745e+01	 1.891335e-02	-2.057508e+01	 1.811466e-02	 4.342609e-03	 1.546347e-05	-1.187820e-05	 3.068235e-04	 7.518225e-07	 1.631747e-05	 0.000000e+00	 0.000000e+00
 3.801894e+02	-1.767048e-01	 2.077356e-04	-4.569847e-04	 2.156842e-07	 4.107619e-03	 1.406286e-05	-2.075388e+01	 1.971199e-02	-2.067600e+01	 2.536874e-02	 4.124179e-03	 1.405338e-05	 3.372029e-05	 3.279306e-04	 1.197441e-05	 1.550574e-05	 0.000000e+00	 0.000000e+00
 4.365158e+02	-1.776542e-01	 2.135982e-04	-4.578409e-04	 1.920543e-07	 3.871364e-03	 1.285622e-05	-2.084189e+01	 2.113006e-02	-2.071689e+01	 2.256729e-02	 3.863652e-03	 1.286873e-05	-5.179239e-05	 3.557182e-04	 1.701251e-06	 1.402651e-05	 0.000000e+00	 0.000000e+00
 5.011872e+02	-1.786193e-01	 2.290748e-04	-4.583342e-04	 1.983847e-07	 3.609964e-03	 1.175012e-05	-2.093064e+01	 2.208983e-02	-2.077567e+01	 1.748883e-02	 3.618138e-03	 1.181011e-05	 8.220265e-05	 3.151715e-04	-1.587716e-05	 1.295004e-05	 0.000000e+00	 0.000000e+00
 5.754399e+02	-1.788729e-01	 1.990802e-04	-4.585877e-04	 1.942619e-07	 3.391834e-03	 1.070968e-05	-2.098023e+01	 1.895264e-02	-2.084750e+01	 2.102787e-02	 3.386456e-03	 1.064770e-05	-2.188590e-04	 3.108146e-04	-1.107362e-05	 1.199912e-05	 0.000000e+00	 0.000000e+00
 6.606934e+02	-1.795108e-01	 1.783890e-04	-4.587332e-04	 2.276392e-07	 3.157499e-03	 9.705674e-06	-2.105839e+01	 2.600207e-02	-2.091463e+01	 1.772618e-02	 3.150895e-03	 9.788121e-06	-2.404668e-04	 3.469195e-04	-1.638855e-05	 1.104594e-05	 0.000000e+00	 0.000000e+00
 7.585776e+02	-1.800252e-01	 2.287255e-04	-4.591323e-04	 2.261401e-07	 2.959015e-03	 8.803732e-06	-2.110341e+01	 1.739748e-02	-2.094654e+01	 1.827953e-02	 2.912502e-03	 8.868302e-06	 2.369538e-04	 3.535475e-04	-6.279735e-06	 1.026083e-05	 0.000000e+00	 0.000000e+00
 8.709636e+02	-1.803360e-01	 1.880007e-04	-4.591271e-04	 2.279475e-07	 2.715317e-03	 8.036146e-06	-2.110332e+01	 1.845141e-02	-2.103270e+01	 1.829361e-02	 2.729727e-03	 8.015390e-06	 2.927767e-04	 3.185477e-04	 4.040892e-06	 9.336485e-06	 0.000000e+00	 0.000000e+00
 1.000000e+03	-1.805025e-01	 1.822167e-04	-4.600528e-04	 2.430598e-07	 2.517771e-03	 7.288704e-06	-2.118687e+01	 1.777462e-02	-2.103970e+01	 1.873884e-02	 2.511190e-03	 7.400579e-06	 1.424486e-04	 3.169920e-04	 4.856820e-06	 8.629818e-06	 0.000000e+00	 0.000000e+00
