 1.000000e-03	 2.621199e-04	 2.910116e-18	 6.905051e-08	 7.666146e-22	 2.614859e-04	 2.903077e-18	 2.621199e-04	 2.910116e-18	 6.905051e-08	 7.666146e-22	 2.614859e-04	 2.903077e-18	-6.042248e-24	 1.073357e-22	 1.235434e-23	 1.072490e-22	 0.000000e+00	 0.000000e+00
 1.148154e-03	 2.808857e-04	 3.118458e-18	 8.388370e-08	 9.312962e-22	 2.801070e-04	 3.109812e-18	 2.808857e-04	 3.118458e-18	 8.388370e-08	 9.312962e-22	 2.801070e-04	 3.109812e-18	 3.468984e-24	 1.232107e-22	-1.228439e-23	 1.230964e-22	 0.000000e+00	 0.000000e+00
 1.318257e-03	 3.009980e-04	 3.341749e-18	 1.020446e-07	 1.132922e-21	 3.000414e-04	 3.331129e-18	 3.009980e-04	 3.341749e-18	 1.020446e-07	 1.132922e-21	 3.000414e-04	 3.331129e-18	-3.803993e-24	 1.414291e-22	-8.083034e-24	 1.412784e-22	 0.000000e+00	 0.000000e+00
 1.513561e-03	 3.225540e-04	 3.581069e-18	 1.242883e-07	 1.379878e-21	 3.213789e-04	 3.568022e-18	 3.225540e-04	 3.581069e-18	 1.242883e-07	 1.379878e-21	 3.213789e-04	 3.568022e-18	 6.718922e-25	 1.623352e-22	-8.814848e-24	 1.621367e-22	 0.000000e+00	 0.000000e+00
 1.737801e-03	 3.456582e-04	 3.837577e-18	 1.515413e-07	 1.682447e-21	 3.442145e-04	 3.821549e-18	 3.456582e-04	 3.837577e-18	 1.515413e-07	 1.682447e-21	 3.442145e-04	 3.821549e-18	-1.255668e-23	 1.863236e-22	 5.969616e-24	 1.860621e-22	 0.000000e+00	 0.000000e+00
 1.995262e-03	 3.704229e-04	 4.112520e-18	 1.849394e-07	 2.053240e-21	 3.686491e-04	 4.092827e-18	 3.704229e-04	 4.112520e-18	 1.849394e-07	 2.053240e-21	 3.686491e-04	 4.092827e-18	-7.129362e-24	 2.138463e-22	 2.530353e-23	 2.135017e-22	 0.000000e+00	 0.000000e+00
 2.290868e-03	 3.969685e-04	 4.407235e-18	 2.258750e-07	 2.507716e-21	 3.947892e-04	 4.383040e-18	 3.969685e-04	 4.407235e-18	 2.258750e-07	 2.507716e-21	 3.947892e-04	 4.383040e-18	-1.457093e-23	 2.454206e-22	 3.372224e-23	 2.449666e-22	 0.000000e+00	 0.000000e+00
 2.630268e-03	 4.254246e-04	 4.723162e-18	 2.760537e-07	 3.064812e-21	 4.227471e-04	 4.693436e-18	 4.254246e-04	 4.723162e-18	 2.760537e-07	 3.064812e-21	 4.227471e-04	 4.693436e-18	-7.635671e-24	 2.816386e-22	 1.683416e-23	 2.810405e-22	 0.000000e+00	 0.000000e+00
 3.019952e-03	 4.559305e-04	 5.061845e-18	 3.375645e-07	 3.747719e-21	 4.526410e-04	 5.025325e-18	 4.559305e-04	 5.061845e-18	 3.375645e-07	 3.747719e-21	 4.526410e-04	 5.025325e-18	-5.816087e-24	 3.231774e-22	-8.458554e-24	 3.223896e-22	 0.000000e+00	 0.000000e+00
 3.467369e-03	 4.886360e-04	 5.424949e-18	 4.129632e-07	 4.584812e-21	 4.845950e-04	 5.380085e-18	 4.886360e-04	 5.424949e-18	 4.129632e-07	 4.584812e-21	 4.845950e-04	 5.380085e-18	 2.278355e-23	 3.708110e-22	-1.488305e-23	 3.697735e-22	 0.000000e+00	 0.000000e+00
 3.981072e-03	 5.237023e-04	 5.814263e-18	 5.053754e-07	 5.610794e-21	 5.187385e-04	 5.759154e-18	 5.237023e-04	 5.814263e-18	 5.053754e-07	 5.610794e-21	 5.187385e-04	 5.759154e-18	-3.465649e-24	 4.254238e-22	 4.118081e-24	 4.240575e-22	 0.000000e+00	 0.000000e+00
 4.570882e-03	 5.613029e-04	 6.231715e-18	 6.186196e-07	 6.868057e-21	 5.552063e-04	 6.164028e-18	 5.613029e-04	 6.231715e-18	 6.186196e-07	 6.868057e-21	 5.552063e-04	 6.164028e-18	 3.553783e-24	 4.880251e-22	-1.649564e-24	 4.862260e-22	 0.000000e+00	 0.000000e+00
 5.248075e-03	 6.016249e-04	 6.679378e-18	 7.573564e-07	 8.408345e-21	 5.941381e-04	 6.596258e-18	 6.016249e-04	 6.679378e-18	 7.573564e-07	 8.408345e-21	 5.941381e-04	 6.596258e-18	 3.547424e-23	 5.597660e-22	-6.467164e-23	 5.573976e-22	 0.000000e+00	 0.000000e+00
 6.025596e-03	 6.448694e-04	 7.159489e-18	 9.272677e-07	 1.029474e-20	 6.356772e-04	 7.057435e-18	 6.448694e-04	 7.159489e-18	 9.272677e-07	 1.029474e-20	 6.356772e-04	 7.057435e-18	-1.882069e-23	 6.419581e-22	 2.624763e-23	 6.388409e-22	 0.000000e+00	 0.000000e+00
 6.918310e-03	 6.912538e-04	 7.674458e-18	 1.135271e-06	 1.260404e-20	 6.799702e-04	 7.549186e-18	 6.912538e-04	 7.674458e-18	 1.135271e-06	 1.260404e-20	 6.799702e-04	 7.549186e-18	-1.987162e-23	 7.360940e-22	 3.859502e-23	 7.319922e-22	 0.000000e+00	 0.000000e+00
 7.943282e-03	 7.410120e-04	 8.226886e-18	 1.389774e-06	 1.542960e-20	 7.271651e-04	 8.073154e-18	 7.410120e-04	 8.226886e-18	 1.389774e-06	 1.542960e-20	 7.271651e-04	 8.073154e-18	 9.746482e-24	 8.438701e-22	-2.538639e-23	 8.384741e-22	 0.000000e+00	 0.000000e+00
 9.120108e-03	 7.943969e-04	 8.819577e-18	 1.700982e-06	 1.888469e-20	 7.774095e-04	 8.630979e-18	 7.943969e-04	 8.819577e-18	 1.700982e-06	 1.888469e-20	 7.774095e-04	 8.630979e-18	 4.071427e-24	 9.672112e-22	-2.163244e-25	 9.601147e-22	 0.000000e+00	 0.000000e+00
 1.047129e-02	 8.516810e-04	 9.455558e-18	 2.081247e-06	 2.310648e-20	 8.308487e-04	 9.224273e-18	 8.516810e-04	 9.455558e-18	 2.081247e-06	 2.310648e-20	 8.308487e-04	 9.224273e-18	 7.214362e-24	 1.108298e-21	-3.610018e-23	 1.098968e-21	 0.000000e+00	 0.000000e+00
 1.202264e-02	 9.131586e-04	 1.013810e-17	 2.545495e-06	 2.826067e-20	 8.876220e-04	 9.854584e-18	 9.131586e-04	 1.013810e-17	 2.545495e-06	 2.826067e-20	 8.876220e-04	 9.854584e-18	 3.022814e-24	 1.269594e-21	-4.492013e-23	 1.257333e-21	 0.000000e+00	 0.000000e+00
 1.380384e-02	 9.791473e-04	 1.087072e-17	 3.111701e-06	 3.454682e-20	 9.478596e-04	 1.052336e-17	 9.791473e-04	 1.087072e-17	 3.111701e-06	 3.454682e-20	 9.478596e-04	 1.052336e-17	-1.172924e-23	 1.453878e-21	 2.222919e-23	 1.437774e-21	 0.000000e+00	 0.000000e+00
 1.584893e-02	 1.049990e-03	 1.165723e-17	 3.801452e-06	 4.220459e-20	 1.011678e-03	 1.123188e-17	 1.049990e-03	 1.165723e-17	 3.801452e-06	 4.220459e-20	 1.011678e-03	 1.123188e-17	-2.108479e-23	 1.664276e-21	 1.307256e-23	 1.643133e-21	 0.000000e+00	 0.000000e+00
 1.819701e-02	 1.126055e-03	 1.250172e-17	 4.640563e-06	 5.152060e-20	 1.079172e-03	 1.198122e-17	 1.126055e-03	 1.250172e-17	 4.640563e-06	 5.152060e-20	 1.079172e-03	 1.198122e-17	 4.887651e-24	 1.904290e-21	 2.215188e-23	 1.876549e-21	 0.000000e+00	 0.000000e+00
 2.089296e-02	 1.207740e-03	 1.340861e-17	 5.659782e-06	 6.283621e-20	 1.150413e-03	 1.277215e-17	 1.207740e-03	 1.340861e-17	 5.659782e-06	 6.283621e-20	 1.150413e-03	 1.277215e-17	 7.857482e-24	 2.177831e-21	-1.124043e-22	 2.141457e-21	 0.000000e+00	 0.000000e+00
 2.398833e-02	 1.295472e-03	 1.438263e-17	 6.895534e-06	 7.655581e-20	 1.225434e-03	 1.360505e-17	 1.295472e-03	 1.438263e-17	 6.895534e-06	 7.655581e-20	 1.225434e-03	 1.360505e-17	-4.401369e-23	 2.489244e-21	 7.814554e-23	 2.441589e-21	 0.000000e+00	 0.000000e+00
 2.754229e-02	 1.389707e-03	 1.542885e-17	 8.390712e-06	 9.315561e-20	 1.304223e-03	 1.447979e-17	 1.389707e-03	 1.542885e-17	 8.390712e-06	 9.315561e-20	 1.304223e-03	 1.447979e-17	-4.524442e-23	 2.843336e-21	-2.704623e-23	 2.780957e-21	 0.000000e+00	 0.000000e+00
 3.162278e-02	 1.490931e-03	 1.655266e-17	 1.019547e-05	 1.131924e-19	 1.386713e-03	 1.539561e-17	 1.490931e-03	 1.655266e-17	 1.019547e-05	 1.131924e-19	 1.386713e-03	 1.539561e-17	-6.520075e-24	 3.245390e-21	 1.001145e-23	 3.163822e-21	 0.000000e+00	 0.000000e+00
 3.630781e-02	 1.599656e-03	 1.775975e-17	 1.236793e-05	 1.373116e-19	 1.472764e-03	 1.635096e-17	 1.599656e-03	 1.775975e-17	 1.236793e-05	 1.373116e-19	 1.472764e-03	 1.635096e-17	 5.913052e-23	 3.701167e-21	 8.137903e-24	 3.594630e-21	 0.000000e+00	 0.000000e+00
 4.168694e-02	 1.716422e-03	 1.905611e-17	 1.497483e-05	 1.662541e-19	 1.562147e-03	 1.734331e-17	 1.716422e-03	 1.905611e-17	 1.497483e-05	 1.662541e-19	 1.562147e-03	 1.734331e-17	 7.580958e-23	 4.216898e-21	-4.037102e-23	 4.077934e-21	 0.000000e+00	 0.000000e+00
 4.786301e-02	 1.841784e-03	 2.044791e-17	 1.809181e-05	 2.008594e-19	 1.654529e-03	 1.836896e-17	 1.841784e-03	 2.044791e-17	 1.809181e-05	 2.008594e-19	 1.654529e-03	 1.836896e-17	 2.942125e-23	 4.799248e-21	-9.179925e-23	 4.618263e-21	 0.000000e+00	 0.000000e+00
 5.495409e-02	 1.976306e-03	 2.194140e-17	 2.180334e-05	 2.420657e-19	 1.749451e-03	 1.942281e-17	 1.976306e-03	 2.194140e-17	 2.180334e-05	 2.420657e-19	 1.749451e-03	 1.942281e-17	 6.847894e-23	 5.455259e-21	 7.163134e-23	 5.219949e-21	 0.000000e+00	 0.000000e+00
 6.309573e-02	 2.120546e-03	 2.354279e-17	 2.620206e-05	 2.909013e-19	 1.846306e-03	 2.049811e-17	 2.120546e-03	 2.354279e-17	 2.620206e-05	 2.909013e-19	 1.846306e-03	 2.049811e-17	 1.537287e-22	 6.192245e-21	-4.049083e-23	 5.886902e-21	 0.000000e+00	 0.000000e+00
 7.244360e-02	 2.275034e-03	 2.525796e-17	 3.138718e-05	 3.484677e-19	 1.944313e-03	 2.158621e-17	 2.275034e-03	 2.525796e-17	 3.138718e-05	 3.484677e-19	 1.944313e-03	 2.158621e-17	-1.243164e-24	 7.017654e-21	 2.769995e-22	 6.622313e-21	 0.000000e+00	 0.000000e+00
 8.317638e-02	 2.440245e-03	 2.709216e-17	 3.746179e-05	 4.159094e-19	 2.042498e-03	 2.267629e-17	 2.440245e-03	 2.709216e-17	 3.746179e-05	 4.159094e-19	 2.042498e-03	 2.267629e-17	 1.194187e-22	 7.938869e-21	-7.762746e-23	 7.428284e-21	 0.000000e+00	 0.000000e+00
 9.549926e-02	 2.616556e-03	 2.904961e-17	 4.452857e-05	 4.943665e-19	 2.139670e-03	 2.375510e-17	 2.616556e-03	 2.904961e-17	 4.452857e-05	 4.943665e-19	 2.139670e-03	 2.375510e-17	-2.348058e-23	 8.962943e-21	-1.756761e-22	 8.305386e-21	 0.000000e+00	 0.000000e+00
 1.096478e-01	 2.804201e-03	 3.113288e-17	 5.268380e-05	 5.849077e-19	 2.234397e-03	 2.480679e-17	 2.804201e-03	 3.113288e-17	 5.268380e-05	 5.849077e-19	 2.234397e-03	 2.480679e-17	 2.448798e-22	 1.009627e-20	 3.920065e-23	 9.252133e-21	 0.000000e+00	 0.000000e+00
 1.258925e-01	 3.003204e-03	 3.334227e-17	 6.200917e-05	 6.884400e-19	 2.325001e-03	 2.581270e-17	 3.003204e-03	 3.334227e-17	 6.200917e-05	 6.884400e-19	 2.325001e-03	 2.581270e-17	 2.612606e-23	 1.134417e-20	-1.310638e-22	 1.026439e-20	 0.000000e+00	 0.000000e+00
 1.445440e-01	 3.213309e-03	 3.567489e-17	 7.256134e-05	 8.055927e-19	 2.409546e-03	 2.675133e-17	 3.213309e-03	 3.567489e-17	 7.256134e-05	 8.055927e-19	 2.409546e-03	 2.675133e-17	 2.266376e-23	 1.271039e-20	 8.444498e-23	 1.133474e-20	 0.000000e+00	 0.000000e+00
 1.659587e-01	 3.433883e-03	 3.812376e-17	 8.435941e-05	 9.365775e-19	 2.485848e-03	 2.759846e-17	 3.433883e-03	 3.812376e-17	 8.435941e-05	 9.365775e-19	 2.485848e-03	 2.759846e-17	 1.620230e-22	 1.419657e-20	-1.869183e-22	 1.245184e-20	 0.000000e+00	 0.000000e+00
 1.905461e-01	 3.663827e-03	 4.067665e-17	 9.737055e-05	 1.081030e-18	 2.551503e-03	 2.832737e-17	 3.663827e-03	 4.067665e-17	 9.737055e-05	 1.081030e-18	 2.551503e-03	 2.832737e-17	 1.728217e-22	 1.580160e-20	-1.082592e-22	 1.359979e-20	 0.000000e+00	 0.000000e+00
 2.187762e-01	 3.901471e-03	 4.331503e-17	 1.114949e-04	 1.237842e-18	 2.603928e-03	 2.890940e-17	 3.901471e-03	 4.331503e-17	 1.114949e-04	 1.237842e-18	 2.603928e-03	 2.890940e-17	-3.629490e-22	 1.752097e-20	 2.490477e-22	 1.475772e-20	 0.000000e+00	 0.000000e+00
 2.511886e-01	 4.144480e-03	 4.601297e-17	 1.265511e-04	 1.405000e-18	 2.640435e-03	 2.931472e-17	 4.144480e-03	 4.601297e-17	 1.265511e-04	 1.405000e-18	 2.640435e-03	 2.931472e-17	 1.546557e-22	 1.934615e-20	-2.087781e-22	 1.589946e-20	 0.000000e+00	 0.000000e+00
 2.884032e-01	 4.389778e-03	 4.873632e-17	 1.422649e-04	 1.579458e-18	 2.658333e-03	 2.951342e-17	 4.389778e-03	 4.873632e-17	 1.422649e-04	 1.579458e-18	 2.658333e-03	 2.951342e-17	-7.829356e-23	 2.126399e-20	 6.138749e-24	 1.699368e-20	 0.000000e+00	 0.000000e+00
 3.311311e-01	 4.633507e-03	 5.144226e-17	 1.582627e-04	 1.757069e-18	 2.655048e-03	 2.947695e-17	 4.633507e-03	 5.144226e-17	 1.582627e-04	 1.757069e-18	 2.655048e-03	 2.947695e-17	 2.023116e-22	 2.325634e-20	 4.622239e-23	 1.800435e-20	 0.000000e+00	 0.000000e+00
 3.801894e-01	 4.871041e-03	 5.407942e-17	 1.740741e-04	 1.932611e-18	 2.628280e-03	 2.917977e-17	 4.871041e-03	 5.407942e-17	 1.740741e-04	 1.932611e-18	 2.628280e-03	 2.917977e-17	 9.833076e-23	 2.529975e-20	-5.446078e-24	 1.889184e-20	 0.000000e+00	 0.000000e+00
 4.365158e-01	 5.097065e-03	 5.658879e-17	 1.891451e-04	 2.099933e-18	 2.576172e-03	 2.860125e-17	 5.097065e-03	 5.658879e-17	 1.891451e-04	 2.099933e-18	 2.576172e-03	 2.860125e-17	 1.373740e-22	 2.736558e-20	 7.950107e-23	 1.961452e-20	 0.000000e+00	 0.000000e+00
 5.011872e-01	 5.305746e-03	 5.890562e-17	 2.028636e-04	 2.252239e-18	 2.497482e-03	 2.772762e-17	 5.305746e-03	 5.890562e-17	 2.028636e-04	 2.252239e-18	 2.497482e-03	 2.772762e-17	 2.603421e-22	 2.942034e-20	-1.342507e-22	 2.013103e-20	 0.000000e+00	 0.000000e+00
 5.754399e-01	 5.490985e-03	 6.096218e-17	 2.145980e-04	 2.382517e-18	 2.391753e-03	 2.655379e-17	 5.490985e-03	 6.096218e-17	 2.145980e-04	 2.382517e-18	 2.391753e-03	 2.655379e-17	-4.694397e-23	 3.142657e-20	 3.519405e-23	 2.040297e-20	 0.000000e+00	 0.000000e+00
 6.606934e-01	 5.646747e-03	 6.269149e-17	 2.237457e-04	 2.484076e-18	 2.259448e-03	 2.508491e-17	 5.646747e-03	 6.269149e-17	 2.237457e-04	 2.484076e-18	 2.259448e-03	 2.508491e-17	-1.211414e-24	 3.334393e-20	 2.911215e-22	 2.039793e-20	 0.000000e+00	 0.000000e+00
 7.585776e-01	 5.767454e-03	 6.403160e-17	 2.297870e-04	 2.551148e-18	 2.102037e-03	 2.333730e-17	 5.767454e-03	 6.403160e-17	 2.297870e-04	 2.551148e-18	 2.102037e-03	 2.333730e-17	 1.125217e-22	 3.513079e-20	 2.072037e-22	 2.009249e-20	 0.000000e+00	 0.000000e+00
 8.709636e-01	 5.848384e-03	 6.493010e-17	 2.323380e-04	 2.579470e-18	 1.922024e-03	 2.133875e-17	 5.848384e-03	 6.493010e-17	 2.323380e-04	 2.579470e-18	 1.922024e-03	 2.133875e-17	 1.843622e-23	 3.674607e-20	-1.331899e-22	 1.947485e-20	 0.000000e+00	 0.000000e+00
 1.000000e+00	 5.886048e-03	 6.534826e-17	 2.311942e-04	 2.566771e-18	 1.722881e-03	 1.026936e-16	 5.886048e-03	 6.534826e-17	 2.311942e-04	 2.566771e-18	 1.722881e-03	 1.026936e-16	 2.186207e-22	 3.815116e-20	-2.804372e-22	 1.854679e-20	 0.000000e+00	 0.000000e+00
 1.148154e+00	 5.878482e-03	 6.526426e-17	 2.263566e-04	 2.513064e-18	 1.508923e-03	 2.869123e-16	 5.878482e-03	 6.526426e-17	 2.263566e-04	 2.513064e-18	 1.508923e-03	 2.869123e-16	 5.241798e-24	 3.931190e-20	 3.173930e-22	 1.734028e-20	 0.000000e+00	 0.000000e+00
 1.318257e+00	 5.825420e-03	 6.467516e-17	 2.180376e-04	 2.420704e-18	 1.285088e-03	 1.919936e-16	 5.825420e-03	 6.467516e-17	 2.180376e-04	 2.420704e-18	 1.285088e-03	 1.919936e-16	 1.171762e-22	 4.020039e-20	-4.482810e-23	 1.625942e-20	 0.000000e+00	 0.000000e+00
 1.513561e+00	 5.728316e-03	 9.567117e-17	 2.066421e-04	 2.294188e-18	 1.056674e-03	 1.161510e-15	 5.728316e-03	 9.567117e-17	 2.066421e-04	 2.294188e-18	 1.056674e-03	 1.161510e-15	-2.049647e-22	 4.079639e-20	 5.149776e-23	 1.543969e-20	 0.000000e+00	 0.000000e+00
 1.737801e+00	 5.590216e-03	 4.332568e-16	 1.927286e-04	 2.139717e-18	 8.290460e-04	 1.215631e-14	 5.590216e-03	 4.332568e-16	 1.927286e-04	 2.139717e-18	 8.290460e-04	 1.215631e-14	 5.688350e-22	 4.108834e-20	-1.489298e-22	 1.487834e-20	 0.000000e+00	 0.000000e+00
 1.995262e+00	 5.415506e-03	 6.557482e-16	 1.769557e-04	 8.133142e-18	 6.073372e-04	 4.117898e-14	 5.415506e-03	 6.557482e-16	 1.769557e-04	 8.133142e-18	 6.073372e-04	 4.117898e-14	-4.910837e-22	 4.107374e-20	 6.395114e-22	 1.452601e-20	 0.000000e+00	 0.000000e+00
 2.290868e+00	 5.209559e-03	 1.218936e-16	 1.600221e-04	 2.241480e-17	 3.961875e-04	 5.206745e-14	 5.209559e-03	 1.218936e-16	 1.600221e-04	 2.241480e-17	 3.961875e-04	 5.206745e-14	-5.793889e-22	 4.075907e-20	 7.559945e-23	 1.427423e-20	 0.000000e+00	 0.000000e+00
 2.630268e+00	 4.978345e-03	 6.740219e-15	 1.426086e-04	 2.396974e-17	 1.995305e-04	 2.531068e-14	 4.978345e-03	 6.740219e-15	 1.426086e-04	 2.396974e-17	 1.995305e-04	 2.531068e-14	-4.767328e-22	 4.015906e-20	 6.079816e-22	 1.419188e-20	 0.000000e+00	 0.000000e+00
 3.019952e+00	 4.728043e-03	 2.378237e-14	 1.253295e-04	 5.359590e-18	 2.045272e-05	 7.910210e-13	 4.728043e-03	 2.378237e-14	 1.253295e-04	 5.359590e-18	 2.045272e-05	 7.910210e-13	 5.026389e-22	 3.929565e-20	-4.019587e-22	 1.419561e-20	 0.000000e+00	 0.000000e+00
 3.467369e+00	 4.464691e-03	 2.397538e-14	 1.086991e-04	 1.950235e-16	-1.388739e-04	 3.415504e-12	 4.464691e-03	 2.397538e-14	 1.086991e-04	 1.950235e-16	-1.388739e-04	 3.415504e-12	 4.312169e-23	 3.819648e-20	-2.201269e-22	 1.412852e-20	 0.000000e+00	 0.000000e+00
 3.981072e+00	 4.193920e-03	 2.087852e-14	 9.311245e-05	 7.037751e-16	-2.771883e-04	 6.644811e-12	 4.193920e-03	 2.087852e-14	 9.311245e-05	 7.037751e-16	-2.771883e-04	 6.644811e-12	 4.152437e-22	 3.689332e-20	-8.764314e-22	 1.418742e-20	 0.000000e+00	 0.000000e+00
 4.570882e+00	 3.920754e-03	 3.216392e-13	 7.884164e-05	 1.166991e-15	-3.940777e-04	 3.032831e-12	 3.920754e-03	 3.216392e-13	 7.884164e-05	 1.166991e-15	-3.940777e-04	 3.032831e-12	 6.888508e-23	 3.542042e-20	 1.138159e-22	 1.409270e-20	 0.000000e+00	 0.000000e+00
 5.248075e+00	 3.649502e-03	 8.853102e-13	 6.604382e-05	 6.338771e-16	-4.898702e-04	 1.596280e-11	 3.649502e-03	 8.853102e-13	 6.604382e-05	 6.338771e-16	-4.898702e-04	 1.596280e-11	-2.388826e-22	 3.381291e-20	 2.726083e-22	 1.401578e-20	 0.000000e+00	 0.000000e+00
 6.025596e+00	 3.383718e-03	 7.165205e-13	 5.477703e-05	 8.576019e-16	-5.655019e-04	 1.287938e-10	 3.383718e-03	 7.165205e-13	 5.477703e-05	 8.576019e-16	-5.655019e-04	 1.287938e-10	 3.134658e-22	 3.210541e-20	-7.134517e-22	 1.386769e-20	 0.000000e+00	 0.000000e+00
 6.918310e+00	 3.126214e-03	 9.075692e-13	 4.502029e-05	 7.775943e-15	-6.223715e-04	 3.793122e-10	 3.126214e-03	 9.075692e-13	 4.502029e-05	 7.775943e-15	-6.223715e-04	 3.793122e-10	-7.995744e-23	 3.033090e-20	-1.146055e-22	 1.351947e-20	 0.000000e+00	 0.000000e+00
 7.943282e+00	 2.879117e-03	 1.132627e-11	 3.669475e-05	 2.018325e-14	-6.621989e-04	 5.758079e-10	 2.879117e-03	 1.132627e-11	 3.669475e-05	 2.018325e-14	-6.621989e-04	 5.758079e-10	 6.993073e-23	 2.851978e-20	 2.234156e-22	 1.331633e-20	 0.000000e+00	 0.000000e+00
 9.120108e+00	 2.643942e-03	 3.435257e-11	 2.968331e-05	 2.807389e-14	-6.868946e-04	 2.382895e-10	 2.643942e-03	 3.435257e-11	 2.968331e-05	 2.807389e-14	-6.868946e-04	 2.382895e-10	 1.937472e-22	 2.669933e-20	-5.510756e-22	 1.290703e-20	 0.000000e+00	 0.000000e+00
 1.047129e+01	 2.421682e-03	 4.880872e-11	 2.384749e-05	 1.708717e-14	-6.984484e-04	 8.575174e-10	 2.421682e-03	 4.880872e-11	 2.384749e-05	 1.708717e-14	-6.984484e-04	 8.575174e-10	-1.073989e-22	 2.489327e-20	 1.307254e-22	 1.239249e-20	 0.000000e+00	 0.000000e+00
 1.202264e+01	 2.212896e-03	 1.316916e-11	 1.904080e-05	 3.748918e-15	-6.988385e-04	 6.548162e-09	 2.212896e-03	 1.316916e-11	 1.904080e-05	 3.748918e-15	-6.988385e-04	 6.548162e-09	 4.500502e-22	 2.312170e-20	-9.979862e-22	 1.198111e-20	 0.000000e+00	 0.000000e+00
 1.380384e+01	 2.017793e-03	 1.020794e-10	 1.511854e-05	 7.328902e-14	-6.899627e-04	 1.893835e-08	 2.017793e-03	 1.020794e-10	 1.511854e-05	 7.328902e-14	-6.899627e-04	 1.893835e-08	 1.593195e-22	 2.140106e-20	 8.847299e-23	 1.143264e-20	 0.000000e+00	 0.000000e+00
 1.584893e+01	 1.836307e-03	 6.225448e-10	 1.194446e-05	 2.055324e-13	-6.735894e-04	 3.277666e-08	 1.836307e-03	 6.225448e-10	 1.194446e-05	 2.055324e-13	-6.735894e-04	 3.277666e-08	 3.987121e-22	 1.974439e-20	-8.459061e-22	 1.077891e-20	 0.000000e+00	 0.000000e+00
 1.819701e+01	 1.668161e-03	 1.627994e-09	 9.394737e-06	 3.273467e-13	-6.513265e-04	 3.120699e-08	 1.668161e-03	 1.627994e-09	 9.394737e-06	 3.273467e-13	-6.513265e-04	 3.120699e-08	 2.042406e-22	 1.816151e-20	 7.668626e-23	 1.024514e-20	 0.000000e+00	 0.000000e+00
 2.089296e+01	 1.512922e-03	 2.580872e-09	 7.359955e-06	 3.300397e-13	-6.246047e-04	 3.554696e-09	 1.512922e-03	 2.580872e-09	 7.359955e-06	 3.300397e-13	-6.246047e-04	 3.554696e-09	 3.605888e-23	 1.665944e-20	 1.806464e-23	 9.671355e-21	 0.000000e+00	 0.000000e+00
 2.398833e+01	 1.370048e-03	 2.206008e-09	 5.745533e-06	 1.651694e-13	-5.946724e-04	 6.217156e-08	 1.370048e-03	 2.206008e-09	 5.745533e-06	 1.651694e-13	-5.946724e-04	 6.217156e-08	 6.341025e-22	 1.524269e-20	-2.258701e-22	 9.040893e-21	 0.000000e+00	 0.000000e+00
 2.754229e+01	 1.238922e-03	 7.766404e-11	 4.471214e-06	 1.386710e-14	-5.625987e-04	 2.959447e-07	 1.238922e-03	 7.766404e-11	 4.471214e-06	 1.386710e-14	-5.625987e-04	 2.959447e-07	 1.950699e-22	 1.391365e-20	 6.432847e-23	 8.374695e-21	 0.000000e+00	 0.000000e+00
 3.162278e+01	 1.118879e-03	 5.664252e-09	 3.469924e-06	 3.929377e-13	-5.292835e-04	 7.036888e-07	 1.118879e-03	 5.664252e-09	 3.469924e-06	 3.929377e-13	-5.292835e-04	 7.036888e-07	 5.461363e-22	 1.267294e-20	 2.741151e-22	 7.836627e-21	 0.000000e+00	 0.000000e+00
 3.630781e+01	 1.009232e-03	 2.458036e-08	 2.686327e-06	 1.027715e-12	-4.954699e-04	 1.143757e-06	 1.009232e-03	 2.458036e-08	 2.686327e-06	 1.027715e-12	-4.954699e-04	 1.143757e-06	 3.348628e-22	 1.151975e-20	-2.814732e-22	 7.290170e-21	 0.000000e+00	 0.000000e+00
 4.168694e+01	 9.092893e-04	 5.779292e-08	 2.075268e-06	 1.594938e-12	-4.617603e-04	 1.311412e-06	 9.092893e-04	 5.779292e-08	 2.075268e-06	 1.594938e-12	-4.617603e-04	 1.311412e-06	-4.775382e-23	 1.045212e-20	 5.230256e-22	 6.731824e-21	 0.000000e+00	 0.000000e+00
 4.786301e+01	 8.183642e-04	 9.608294e-08	 1.600245e-06	 1.766792e-12	-4.286324e-04	 8.780864e-07	 8.183642e-04	 9.608294e-08	 1.600245e-06	 1.766792e-12	-4.286324e-04	 8.780864e-07	-1.273046e-22	 9.467197e-21	 1.042304e-22	 6.172616e-21	 0.000000e+00	 0.000000e+00
 5.495409e+01	 7.357874e-04	 1.167402e-07	 1.231986e-06	 1.409047e-12	-3.964556e-04	 3.573991e-08	 7.357874e-04	 1.167402e-07	 1.231986e-06	 1.409047e-12	-3.964556e-04	 3.573991e-08	-3.650407e-22	 8.561500e-21	 5.663267e-22	 5.647472e-21	 0.000000e+00	 0.000000e+00
 6.309573e+01	 6.609132e-04	 9.263186e-08	 9.471828e-07	 6.999035e-13	-3.655063e-04	 1.452293e-06	 6.609132e-04	 9.263186e-08	 9.471828e-07	 6.999035e-13	-3.655063e-04	 1.452293e-06	 7.299149e-22	 7.731078e-21	-1.328175e-21	 5.210546e-21	 0.000000e+00	 0.000000e+00
 7.244360e+01	 5.931246e-04	 2.120056e-08	 7.273845e-07	 7.506764e-14	-3.359826e-04	 6.847507e-09	 5.931246e-04	 2.120056e-08	 7.273845e-07	 7.506764e-14	-3.359826e-04	 6.847507e-09	-3.605212e-22	 6.971688e-21	 9.511104e-22	 4.780809e-21	 0.000000e+00	 0.000000e+00
 8.317638e+01	 5.318364e-04	 6.790184e-08	 5.580643e-07	 2.487445e-13	-3.080177e-04	 1.485701e-09	 5.318364e-04	 6.790184e-08	 5.580643e-07	 2.487445e-13	-3.080177e-04	 1.485701e-09	 6.574087e-22	 6.278927e-21	-8.434221e-22	 4.362877e-21	 0.000000e+00	 0.000000e+00
 9.549926e+01	 4.764970e-04	 3.812012e-07	 4.278357e-07	 6.413010e-13	-2.816908e-04	 9.527824e-09	 4.764970e-04	 3.812012e-07	 4.278357e-07	 6.413010e-13	-2.816908e-04	 9.527824e-09	 2.175484e-22	 5.648338e-21	-7.773799e-22	 3.960574e-21	 0.000000e+00	 0.000000e+00
 1.096478e+02	 4.265898e-04	 9.656446e-07	 3.278094e-07	 6.125454e-13	-2.570384e-04	 5.207867e-08	 4.265898e-04	 9.656446e-07	 3.278094e-07	 6.125454e-13	-2.570384e-04	 5.207867e-08	 3.739903e-22	 5.075498e-21	-1.385840e-21	 3.576982e-21	 0.000000e+00	 0.000000e+00
 1.258925e+02	 3.816326e-04	 1.776654e-06	 2.510693e-07	 1.425930e-13	-2.340622e-04	 1.299071e-07	 3.816326e-04	 1.776654e-06	 2.510693e-07	 1.425930e-13	-2.340622e-04	 1.299071e-07	-3.247930e-22	 4.556076e-21	 1.075323e-21	 3.248451e-21	 0.000000e+00	 0.000000e+00
 1.445440e+02	 3.411779e-04	 2.651346e-06	 1.922511e-07	 3.934546e-13	-2.127374e-04	 2.179818e-07	 3.411779e-04	 2.651346e-06	 1.922511e-07	 3.934546e-13	-2.127374e-04	 2.179818e-07	-3.751380e-22	 4.085889e-21	 3.690519e-22	 2.961014e-21	 0.000000e+00	 0.000000e+00
 1.659587e+02	 3.048114e-04	 3.317022e-06	 1.472047e-07	 1.868195e-12	-1.930187e-04	 2.565637e-07	 3.048114e-04	 3.317022e-06	 1.472047e-07	 1.868195e-12	-1.930187e-04	 2.565637e-07	-2.832069e-22	 3.660936e-21	 3.993950e-22	 2.688571e-21	 0.000000e+00	 0.000000e+00
 1.905461e+02	 2.721509e-04	 3.453342e-06	 1.127269e-07	 3.635216e-12	-1.748457e-04	 2.104665e-07	 2.721509e-04	 3.453342e-06	 1.127269e-07	 3.635216e-12	-1.748457e-04	 2.104665e-07	-1.968490e-22	 3.277417e-21	 7.536186e-22	 2.431719e-21	 0.000000e+00	 0.000000e+00
 2.187762e+02	 2.428451e-04	 2.833445e-06	 8.635050e-08	 4.440530e-12	-1.581470e-04	 1.512157e-08	 2.428451e-04	 2.833445e-06	 8.635050e-08	 4.440530e-12	-1.581470e-04	 1.512157e-08	 7.827089e-22	 2.931753e-21	-1.989089e-22	 2.190857e-21	 0.000000e+00	 0.000000e+00
 2.511886e+02	 2.165716e-04	 1.491258e-06	 6.617806e-08	 3.103115e-12	-1.428449e-04	 2.495841e-07	 2.165716e-04	 1.491258e-06	 6.617806e-08	 3.103115e-12	-1.428449e-04	 2.495841e-07	-9.318562e-22	 2.620592e-21	 6.795876e-22	 1.966202e-21	 0.000000e+00	 0.000000e+00
 2.884032e+02	 1.930357e-04	 6.359163e-08	 5.075283e-08	 1.427597e-13	-1.288568e-04	 1.049772e-06	 1.930357e-04	 6.359163e-08	 5.075283e-08	 1.427597e-13	-1.288568e-04	 1.049772e-06	 6.165424e-22	 2.340812e-21	-8.348267e-22	 1.757796e-21	 0.000000e+00	 0.000000e+00
 3.311311e+02	 1.719682e-04	 1.691038e-06	 3.895776e-08	 5.566771e-12	-1.160986e-04	 2.339061e-06	 1.719682e-04	 1.691038e-06	 3.895776e-08	 5.566771e-12	-1.160986e-04	 2.339061e-06	-6.369543e-22	 2.089517e-21	 1.366566e-21	 1.577461e-21	 0.000000e+00	 0.000000e+00
 3.801894e+02	 1.531236e-04	 7.581815e-08	 2.993722e-08	 2.372807e-11	-1.044858e-04	 3.857180e-06	 1.531236e-04	 7.581815e-08	 2.993722e-08	 2.372807e-11	-1.044858e-04	 3.857180e-06	-5.505984e-22	 1.864030e-21	 5.737551e-22	 1.426990e-21	 0.000000e+00	 0.000000e+00
 4.365158e+02	 1.362791e-04	 1.936220e-07	 2.303649e-08	 5.836131e-11	-9.393555e-05	 2.554436e-06	 1.362791e-04	 1.936220e-07	 2.303649e-08	 5.836131e-11	-9.393555e-05	 2.554436e-06	-3.126467e-22	 1.661891e-21	-4.690912e-23	 1.287600e-21	 0.000000e+00	 0.000000e+00
 5.011872e+02	 1.212322e-04	 3.589384e-07	 1.775495e-08	 1.123607e-10	-8.436710e-05	 2.733093e-06	 1.212322e-04	 3.589384e-07	 1.775495e-08	 1.123607e-10	-8.436710e-05	 2.733093e-06	-3.284788e-23	 1.480837e-21	 6.039341e-22	 1.158738e-21	 0.000000e+00	 0.000000e+00
 5.754399e+02	 1.077994e-04	 5.394809e-07	 1.371007e-08	 1.857960e-10	-7.570293e-05	 4.417772e-06	 1.077994e-04	 5.394809e-07	 1.371007e-08	 1.857960e-10	-7.570293e-05	 4.417772e-06	 6.634500e-22	 1.318803e-21	-4.759524e-22	 1.039880e-21	 0.000000e+00	 0.000000e+00
 6.606934e+02	 9.581472e-05	 6.795658e-07	 1.060973e-08	 2.749166e-10	-6.786915e-05	 2.125963e-06	 9.581472e-05	 6.795658e-07	 1.060973e-08	 2.749166e-10	-6.786915e-05	 2.125963e-06	-4.222026e-22	 1.173901e-21	 5.672467e-23	 9.305359e-22	 0.000000e+00	 0.000000e+00
 7.585776e+02	 8.512804e-05	 7.139321e-07	 8.230901e-09	 3.717468e-10	-6.079586e-05	 5.832929e-09	 8.512804e-05	 7.139321e-07	 8.230901e-09	 3.717468e-10	-6.079586e-05	 5.832929e-09	-6.010175e-22	 1.044412e-21	 1.512020e-22	 8.302414e-22	 0.000000e+00	 0.000000e+00
 8.709636e+02	 7.560393e-05	 5.926664e-07	 6.403401e-09	 4.643832e-10	-5.441733e-05	 3.461143e-06	 7.560393e-05	 5.926664e-07	 6.403401e-09	 4.643832e-10	-5.441733e-05	 3.461143e-06	 8.796250e-23	 9.287747e-22	 7.065179e-22	 7.385512e-22	 0.000000e+00	 0.000000e+00
 1.000000e+03	 6.712030e-05	 3.188332e-07	 4.997367e-09	 5.304024e-10	-4.867216e-05	 5.772383e-08	 6.712030e-05	 3.188332e-07	 4.997367e-09	 5.304024e-10	-4.867216e-05	 5.772383e-08	 4.981129e-22	 8.255748e-22	-1.141558e-21	 6.550301e-22	 0.000000e+00	 0.000000e+00
