 1.000000e-03	 2.593864e-03	 2.879768e-17	 7.469048e-08	 8.292309e-22	 2.587043e-03	 2.872195e-17	 4.700155e-01	 5.218220e-15	 4.674284e-01	 5.189498e-15	 2.587043e-03	 2.872195e-17	-1.807774e-20	 9.066555e-19	-2.147643e-20	 9.057715e-19	 0.000000e+00	 0.000000e+00
 1.148154e-03	 2.779577e-03	 3.085950e-17	 9.184494e-08	 1.019684e-21	 2.771188e-03	 3.076637e-17	 5.035452e-01	 5.590474e-15	 5.007740e-01	 5.559708e-15	 2.771188e-03	 3.076637e-17	-9.638733e-21	 1.040749e-18	 1.273273e-20	 1.039584e-18	 0.000000e+00	 0.000000e+00
 1.318257e-03	 2.978617e-03	 3.306929e-17	 1.129313e-07	 1.253789e-21	 2.968302e-03	 3.295477e-17	 5.394533e-01	 5.989134e-15	 5.364850e-01	 5.956180e-15	 2.968302e-03	 3.295477e-17	 8.242897e-20	 1.194635e-18	-4.571845e-20	 1.193100e-18	 0.000000e+00	 0.000000e+00
 1.513561e-03	 3.191949e-03	 3.543775e-17	 1.388473e-07	 1.541515e-21	 3.179264e-03	 3.529692e-17	 5.779053e-01	 6.416038e-15	 5.747261e-01	 6.380741e-15	 3.179264e-03	 3.529692e-17	 3.799450e-20	 1.371224e-18	-1.834044e-19	 1.369201e-18	 0.000000e+00	 0.000000e+00
 1.737801e-03	 3.420607e-03	 3.797636e-17	 1.706946e-07	 1.895091e-21	 3.405010e-03	 3.780320e-17	 6.190778e-01	 6.873144e-15	 6.156727e-01	 6.835341e-15	 3.405010e-03	 3.780320e-17	 9.191336e-20	 1.573848e-18	-1.166719e-19	 1.571183e-18	 0.000000e+00	 0.000000e+00
 1.995262e-03	 3.665702e-03	 4.069747e-17	 2.098240e-07	 2.329514e-21	 3.646525e-03	 4.048457e-17	 6.631583e-01	 7.362536e-15	 6.595118e-01	 7.322052e-15	 3.646525e-03	 4.048457e-17	-2.070459e-19	 1.806323e-18	 2.243303e-19	 1.802812e-18	 0.000000e+00	 0.000000e+00
 2.290868e-03	 3.928429e-03	 4.361433e-17	 2.578912e-07	 2.863168e-21	 3.904854e-03	 4.335259e-17	 7.103466e-01	 7.886432e-15	 7.064417e-01	 7.843079e-15	 3.904854e-03	 4.335259e-17	-2.465618e-19	 2.073020e-18	 3.644249e-19	 2.068394e-18	 0.000000e+00	 0.000000e+00
 2.630268e-03	 4.210072e-03	 4.674119e-17	 3.169247e-07	 3.518571e-21	 4.181092e-03	 4.641945e-17	 7.608546e-01	 8.447183e-15	 7.566735e-01	 8.400763e-15	 4.181092e-03	 4.641945e-17	 1.325523e-19	 2.378938e-18	 8.583217e-21	 2.372845e-18	 0.000000e+00	 0.000000e+00
 3.019952e-03	 4.512011e-03	 5.009338e-17	 3.894079e-07	 4.323296e-21	 4.476392e-03	 4.969794e-17	 8.149072e-01	 9.047287e-15	 8.104307e-01	 8.997589e-15	 4.476392e-03	 4.969794e-17	-2.280443e-20	 2.729796e-18	-1.190624e-19	 2.721770e-18	 0.000000e+00	 0.000000e+00
 3.467369e-03	 4.835731e-03	 5.368740e-17	 4.783787e-07	 5.311071e-21	 4.791959e-03	 5.320143e-17	 8.727423e-01	 9.689386e-15	 8.679503e-01	 9.636184e-15	 4.791959e-03	 5.320143e-17	 2.188254e-19	 3.132130e-18	-6.228854e-20	 3.121562e-18	 0.000000e+00	 0.000000e+00
 3.981072e-03	 5.182830e-03	 5.754097e-17	 5.875510e-07	 6.523127e-21	 5.129047e-03	 5.694386e-17	 9.346115e-01	 1.037627e-14	 9.294823e-01	 1.031933e-14	 5.129047e-03	 5.694386e-17	 9.025584e-20	 3.593409e-18	-1.310986e-19	 3.579494e-18	 0.000000e+00	 0.000000e+00
 4.570882e-03	 5.555030e-03	 6.167322e-17	 7.214598e-07	 8.009813e-21	 5.488958e-03	 6.093968e-17	 1.000780e+00	 1.111089e-14	 9.952908e-01	 1.104995e-14	 5.488958e-03	 6.093968e-17	 1.633668e-19	 4.122155e-18	 8.894232e-21	 4.103836e-18	 0.000000e+00	 0.000000e+00
 5.248075e-03	 5.954183e-03	 6.610471e-17	 8.856372e-07	 9.832548e-21	 5.873033e-03	 6.520377e-17	 1.071526e+00	 1.189633e-14	 1.065653e+00	 1.183113e-14	 5.873033e-03	 6.520377e-17	 2.810207e-19	 4.728089e-18	-4.413476e-19	 4.703977e-18	 0.000000e+00	 0.000000e+00
 6.025596e-03	 6.382289e-03	 7.085764e-17	 1.086823e-06	 1.206615e-20	 6.282643e-03	 6.975135e-17	 1.147143e+00	 1.273585e-14	 1.140860e+00	 1.266610e-14	 6.282643e-03	 6.975135e-17	-4.107621e-19	 5.422285e-18	 6.456203e-19	 5.390555e-18	 0.000000e+00	 0.000000e+00
 6.918310e-03	 6.841500e-03	 7.595591e-17	 1.333214e-06	 1.480165e-20	 6.719178e-03	 7.459786e-17	 1.227936e+00	 1.363283e-14	 1.221217e+00	 1.355823e-14	 6.719178e-03	 7.459786e-17	-8.313591e-20	 6.217344e-18	-2.043084e-20	 6.175600e-18	 0.000000e+00	 0.000000e+00
 7.943282e-03	 7.334141e-03	 8.142532e-17	 1.634767e-06	 1.814956e-20	 7.184030e-03	 7.975875e-17	 1.314223e+00	 1.459080e-14	 1.307038e+00	 1.451104e-14	 7.184030e-03	 7.975875e-17	 3.399740e-19	 7.127586e-18	-8.771460e-20	 7.072686e-18	 0.000000e+00	 0.000000e+00
 9.120108e-03	 7.862717e-03	 8.729370e-17	 2.003548e-06	 2.224385e-20	 7.678573e-03	 8.524928e-17	 1.406331e+00	 1.561341e-14	 1.398652e+00	 1.552815e-14	 7.678573e-03	 8.524928e-17	 7.822347e-20	 8.169260e-18	-1.166458e-19	 8.097082e-18	 0.000000e+00	 0.000000e+00
 1.047129e-02	 8.429935e-03	 9.359108e-17	 2.454148e-06	 2.724651e-20	 8.204137e-03	 9.108421e-17	 1.504599e+00	 1.670441e-14	 1.496394e+00	 1.661331e-14	 8.204137e-03	 9.108421e-17	-1.732037e-19	 9.360767e-18	-7.865626e-19	 9.265910e-18	 0.000000e+00	 0.000000e+00
 1.202264e-02	 9.038714e-03	 1.003499e-16	 3.004161e-06	 3.335289e-20	 8.761973e-03	 9.727744e-17	 1.609372e+00	 1.786761e-14	 1.600608e+00	 1.777032e-14	 8.761973e-03	 9.727744e-17	 2.687876e-19	 1.072291e-17	-5.337727e-19	 1.059830e-17	 0.000000e+00	 0.000000e+00
 1.380384e-02	 9.692202e-03	 1.076051e-16	 3.674744e-06	 4.079785e-20	 9.353214e-03	 1.038415e-16	 1.720996e+00	 1.910690e-14	 1.711640e+00	 1.900302e-14	 9.353214e-03	 1.038415e-16	 2.814647e-20	 1.227912e-17	 2.250984e-19	 1.211552e-17	 0.000000e+00	 0.000000e+00
 1.584893e-02	 1.039380e-02	 1.153943e-16	 4.491242e-06	 4.986280e-20	 9.978821e-03	 1.107872e-16	 1.839820e+00	 2.042611e-14	 1.829838e+00	 2.031528e-14	 9.978821e-03	 1.107872e-16	-4.997130e-19	 1.405578e-17	-1.627549e-20	 1.384111e-17	 0.000000e+00	 0.000000e+00
 1.819701e-02	 1.114715e-02	 1.237582e-16	 5.483891e-06	 6.088342e-20	 1.063952e-02	 1.181224e-16	 1.966185e+00	 2.182904e-14	 1.955540e+00	 2.171086e-14	 1.063952e-02	 1.181224e-16	-1.354122e-19	 1.608241e-17	-1.484419e-19	 1.580092e-17	 0.000000e+00	 0.000000e+00
 2.089296e-02	 1.195619e-02	 1.327404e-16	 6.688591e-06	 7.425827e-20	 1.133574e-02	 1.258520e-16	 2.100419e+00	 2.331934e-14	 2.089076e+00	 2.319340e-14	 1.133574e-02	 1.258520e-16	-2.265176e-19	 1.839198e-17	 2.609192e-19	 1.802315e-17	 0.000000e+00	 0.000000e+00
 2.398833e-02	 1.282513e-02	 1.423875e-16	 8.147720e-06	 9.045786e-20	 1.206750e-02	 1.339761e-16	 2.242829e+00	 2.490041e-14	 2.230751e+00	 2.476631e-14	 1.206750e-02	 1.339761e-16	-6.928943e-19	 2.102113e-17	 3.426542e-20	 2.053830e-17	 0.000000e+00	 0.000000e+00
 2.754229e-02	 1.375845e-02	 1.527495e-16	 9.910971e-06	 1.100339e-19	 1.283430e-02	 1.424894e-16	 2.393691e+00	 2.657530e-14	 2.380841e+00	 2.643265e-14	 1.283430e-02	 1.424894e-16	 1.521415e-19	 2.401035e-17	-2.314472e-19	 2.337891e-17	 0.000000e+00	 0.000000e+00
 3.162278e-02	 1.476093e-02	 1.638792e-16	 1.203615e-05	 1.336281e-19	 1.363504e-02	 1.513794e-16	 2.553234e+00	 2.834659e-14	 2.539578e+00	 2.819498e-14	 1.363504e-02	 1.513794e-16	-8.122656e-19	 2.740411e-17	 8.281438e-19	 2.657926e-17	 0.000000e+00	 0.000000e+00
 3.630781e-02	 1.583756e-02	 1.758323e-16	 1.458989e-05	 1.619803e-19	 1.446782e-02	 1.606251e-16	 2.721631e+00	 3.021618e-14	 2.707135e+00	 3.005523e-14	 1.446782e-02	 1.606251e-16	-2.724299e-19	 3.125087e-17	-1.850873e-19	 3.017480e-17	 0.000000e+00	 0.000000e+00
 4.168694e-02	 1.699357e-02	 1.886665e-16	 1.764807e-05	 1.959330e-19	 1.532980e-02	 1.701950e-16	 2.898977e+00	 3.218511e-14	 2.883607e+00	 3.201446e-14	 1.532980e-02	 1.701950e-16	-8.719198e-20	 3.560301e-17	 2.014132e-19	 3.420128e-17	 0.000000e+00	 0.000000e+00
 4.786301e-02	 1.823428e-02	 2.024412e-16	 2.129602e-05	 2.364333e-19	 1.621701e-02	 1.800449e-16	 3.085265e+00	 3.425333e-14	 3.068993e+00	 3.407266e-14	 1.621701e-02	 1.800449e-16	 3.267632e-19	 4.051648e-17	-3.525812e-20	 3.869362e-17	 0.000000e+00	 0.000000e+00
 5.495409e-02	 1.956505e-02	 2.172157e-16	 2.562796e-05	 2.845276e-19	 1.712414e-02	 1.901162e-16	 3.280371e+00	 3.641944e-14	 3.263170e+00	 3.622846e-14	 1.712414e-02	 1.901162e-16	 1.143618e-18	 4.605026e-17	-1.181530e-19	 4.368433e-17	 0.000000e+00	 0.000000e+00
 6.309573e-02	 2.099105e-02	 2.330474e-16	 3.074586e-05	 3.413476e-19	 1.804436e-02	 2.003326e-16	 3.484017e+00	 3.868036e-14	 3.465866e+00	 3.847884e-14	 1.804436e-02	 2.003326e-16	 7.253318e-19	 5.226554e-17	-5.730681e-19	 4.920143e-17	 0.000000e+00	 0.000000e+00
 7.244360e-02	 2.251705e-02	 2.499895e-16	 3.675698e-05	 4.080845e-19	 1.896905e-02	 2.105987e-16	 3.695745e+00	 4.103102e-14	 3.676629e+00	 4.081879e-14	 1.896905e-02	 2.105987e-16	 1.689370e-19	 5.922437e-17	-5.118780e-19	 5.526584e-17	 0.000000e+00	 0.000000e+00
 8.317638e-02	 2.414712e-02	 2.680869e-16	 4.377016e-05	 4.859464e-19	 1.988761e-02	 2.207968e-16	 3.914885e+00	 4.346396e-14	 3.894796e+00	 4.324092e-14	 1.988761e-02	 2.207968e-16	 1.041290e-18	 6.698802e-17	-5.479010e-19	 6.188823e-17	 0.000000e+00	 0.000000e+00
 9.549926e-02	 2.588415e-02	 2.873718e-16	 5.189018e-05	 5.760968e-19	 2.078729e-02	 2.307853e-16	 4.140517e+00	 4.596897e-14	 4.119454e+00	 4.573513e-14	 2.078729e-02	 2.307853e-16	 6.459312e-19	 7.561459e-17	-5.110694e-20	 6.906514e-17	 0.000000e+00	 0.000000e+00
 1.096478e-01	 2.772937e-02	 3.078578e-16	 6.121012e-05	 6.795689e-19	 2.165302e-02	 2.403968e-16	 4.371434e+00	 4.853267e-14	 4.349407e+00	 4.828812e-14	 2.165302e-02	 2.403968e-16	 1.357324e-19	 8.515618e-17	-1.561934e-18	 7.677463e-17	 0.000000e+00	 0.000000e+00
 1.258925e-01	 2.968164e-02	 3.295324e-16	 7.180129e-05	 7.971545e-19	 2.246734e-02	 2.494376e-16	 4.606116e+00	 5.113816e-14	 4.583143e+00	 5.088311e-14	 2.246734e-02	 2.494376e-16	-1.675969e-19	 9.565519e-17	-4.098391e-19	 8.497147e-17	 0.000000e+00	 0.000000e+00
 1.445440e-01	 3.173671e-02	 3.523483e-16	 8.370090e-05	 9.292667e-19	 2.321047e-02	 2.576880e-16	 4.842690e+00	 5.376466e-14	 4.818799e+00	 5.349942e-14	 2.321047e-02	 2.576880e-16	 4.276708e-19	 1.071401e-16	-1.477435e-18	 9.358199e-17	 0.000000e+00	 0.000000e+00
 1.659587e-01	 3.388631e-02	 3.762136e-16	 9.689763e-05	 1.075780e-18	 2.386049e-02	 2.649047e-16	 5.078912e+00	 5.638725e-14	 5.054142e+00	 5.611225e-14	 2.386049e-02	 2.649047e-16	 1.876258e-19	 1.196207e-16	-1.632726e-18	 1.024993e-16	 0.000000e+00	 0.000000e+00
 1.905461e-01	 3.611720e-02	 4.009814e-16	 1.113159e-04	 1.235855e-18	 2.439370e-02	 2.708245e-16	 5.312156e+00	 5.897678e-14	 5.286556e+00	 5.869257e-14	 2.439370e-02	 2.708245e-16	 1.340690e-18	 1.330822e-16	-5.354477e-19	 1.115789e-16	 0.000000e+00	 0.000000e+00
 2.187762e-01	 3.841024e-02	 4.264393e-16	 1.268002e-04	 1.407765e-18	 2.478522e-02	 2.751713e-16	 5.539417e+00	 6.149988e-14	 5.513044e+00	 6.120709e-14	 2.478522e-02	 2.751713e-16	-3.347913e-19	 1.474802e-16	-5.119891e-19	 1.206359e-16	 0.000000e+00	 0.000000e+00
 2.511886e-01	 4.073960e-02	 4.523004e-16	 1.431015e-04	 1.588746e-18	 2.500988e-02	 2.776655e-16	 5.757337e+00	 6.391928e-14	 5.730254e+00	 6.361860e-14	 2.500988e-02	 2.776655e-16	 7.945449e-19	 1.627349e-16	-1.493085e-18	 1.294443e-16	 0.000000e+00	 0.000000e+00
 2.884032e-01	 4.307216e-02	 4.781970e-16	 1.598684e-04	 1.774896e-18	 2.504327e-02	 2.780362e-16	 5.962252e+00	 6.619429e-14	 5.934528e+00	 6.588650e-14	 2.504327e-02	 2.780362e-16	 8.908233e-19	 1.787260e-16	-4.951862e-19	 1.377392e-16	 0.000000e+00	 0.000000e+00
 3.311311e-01	 4.536740e-02	 5.036793e-16	 1.766453e-04	 1.961157e-18	 2.486314e-02	 2.760363e-16	 6.150275e+00	 6.828177e-14	 6.121980e+00	 6.796763e-14	 2.486314e-02	 2.760363e-16	 3.392889e-19	 1.952897e-16	-2.122288e-19	 1.452230e-16	 0.000000e+00	 0.000000e+00
 3.801894e-01	 4.757785e-02	 5.282202e-16	 1.928821e-04	 2.141421e-18	 2.445088e-02	 2.714593e-16	 6.317403e+00	 7.013726e-14	 6.288605e+00	 6.981754e-14	 2.445088e-02	 2.714593e-16	 6.453566e-20	 2.122162e-16	 6.160098e-19	 1.515760e-16	 0.000000e+00	 0.000000e+00
 4.365158e-01	 4.965029e-02	 5.512289e-16	 2.079554e-04	 2.308769e-18	 2.379316e-02	 2.641572e-16	 6.459653e+00	 7.171655e-14	 6.430417e+00	 7.139197e-14	 2.379316e-02	 2.641572e-16	 1.849132e-20	 2.292513e-16	 7.361360e-19	 1.564718e-16	 0.000000e+00	 0.000000e+00
 5.011872e-01	 5.152774e-02	 5.720729e-16	 2.212043e-04	 2.455861e-18	 2.288351e-02	 2.540580e-16	 6.573228e+00	 7.297749e-14	 6.543613e+00	 7.264870e-14	 2.288351e-02	 2.540580e-16	 9.725059e-19	 2.461005e-16	-1.748185e-18	 1.595965e-16	 0.000000e+00	 0.000000e+00
 5.754399e-01	 5.315230e-02	 5.901090e-16	 2.319773e-04	 2.575465e-18	 2.172361e-02	 2.411805e-16	 6.654696e+00	 7.388197e-14	 6.624753e+00	 7.354953e-14	 2.172361e-02	 2.411805e-16	-1.918266e-18	 2.624363e-16	 4.010795e-18	 1.606714e-16	 0.000000e+00	 0.000000e+00
 6.606934e-01	 5.446854e-02	 6.047222e-16	 2.396873e-04	 2.661064e-18	 2.032430e-02	 2.256450e-16	 6.701171e+00	 7.439794e-14	 6.670946e+00	 7.406238e-14	 2.032430e-02	 2.256450e-16	-2.080675e-18	 2.779103e-16	 1.099051e-18	 1.594766e-16	 0.000000e+00	 0.000000e+00
 7.585776e-01	 5.542733e-02	 6.153670e-16	 2.438690e-04	 2.707490e-18	 1.870589e-02	 2.076771e-16	 6.710490e+00	 7.450140e-14	 6.680025e+00	 7.416318e-14	 1.870589e-02	 2.076771e-16	 1.600251e-18	 2.921670e-16	 2.694289e-18	 1.558734e-16	 0.000000e+00	 0.000000e+00
 8.709636e-01	 5.598957e-02	 6.216090e-16	 2.442287e-04	 2.711484e-18	 1.689792e-02	 1.876046e-16	 6.681358e+00	 7.417798e-14	 6.650694e+00	 7.383754e-14	 1.689792e-02	 1.876046e-16	-2.385040e-18	 3.048613e-16	 2.950028e-18	 1.498218e-16	 0.000000e+00	 0.000000e+00
 1.000000e+00	 5.612928e-02	 6.231602e-16	 2.406801e-04	 2.672086e-18	 1.493806e-02	 1.015377e-15	 6.613454e+00	 7.342409e-14	 6.582635e+00	 7.308193e-14	 1.493806e-02	 1.015377e-15	 3.175097e-18	 3.156761e-16	-3.099101e-18	 1.413916e-16	 0.000000e+00	 0.000000e+00
 1.148154e+00	 5.583591e-02	 6.199031e-16	 2.333591e-04	 2.590806e-18	 1.287038e-02	 2.818039e-15	 6.507481e+00	 7.224755e-14	 6.476557e+00	 7.190422e-14	 1.287038e-02	 2.818039e-15	-2.020526e-18	 3.243397e-16	 2.491228e-18	 1.323975e-16	 0.000000e+00	 0.000000e+00
 1.318257e+00	 5.511521e-02	 6.119018e-16	 2.226140e-04	 2.471512e-18	 1.074305e-02	 1.859871e-15	 6.365151e+00	 7.066737e-14	 6.334187e+00	 7.032360e-14	 1.074305e-02	 1.859871e-15	 2.784076e-18	 3.306407e-16	-1.261895e-18	 1.257685e-16	 0.000000e+00	 0.000000e+00
 1.513561e+00	 5.398874e-02	 1.312860e-15	 2.089728e-04	 2.320065e-18	 8.605740e-03	 1.134006e-14	 6.189119e+00	 6.871302e-14	 6.158194e+00	 6.836969e-14	 8.605740e-03	 1.134006e-14	 1.417815e-19	 3.344394e-16	 2.367879e-18	 1.208762e-16	 0.000000e+00	 0.000000e+00
 1.737801e+00	 5.249202e-02	 6.946510e-15	 1.930922e-04	 2.143754e-18	 6.506834e-03	 1.173688e-13	 5.982848e+00	 6.642295e-14	 5.952059e+00	 6.608113e-14	 6.506834e-03	 1.173688e-13	 4.186186e-18	 3.356745e-16	-1.081139e-18	 1.172819e-16	 0.000000e+00	 0.000000e+00
 1.995262e+00	 5.067168e-02	 1.312954e-14	 1.756957e-04	 8.083160e-18	 4.490963e-03	 3.949199e-13	 5.750439e+00	 5.340344e-13	 5.719899e+00	 5.018646e-13	 4.490963e-03	 3.949199e-13	-3.710761e-18	 3.343640e-16	 5.523286e-18	 1.155805e-16	 0.000000e+00	 0.000000e+00
 2.290868e+00	 4.858188e-02	 1.184345e-15	 1.575121e-04	 2.209206e-17	 2.596895e-03	 4.956190e-13	 5.496431e+00	 1.964874e-12	 5.466266e+00	 1.895463e-12	 2.596895e-03	 4.956190e-13	-3.500916e-18	 3.306016e-16	 1.484035e-18	 1.149058e-16	 0.000000e+00	 0.000000e+00
 2.630268e+00	 4.628062e-02	 7.320381e-14	 1.392192e-04	 2.344562e-17	 8.560219e-04	 2.429885e-13	 5.225592e+00	 2.861031e-12	 5.195937e+00	 2.848749e-12	 8.560219e-04	 2.429885e-13	 1.423429e-18	 3.245479e-16	-2.409206e-18	 1.136203e-16	 0.000000e+00	 0.000000e+00
 3.019952e+00	 4.382626e-02	 3.402647e-13	 1.214022e-04	 5.182663e-18	-7.084734e-04	 7.485297e-12	 4.942716e+00	 6.839199e-13	 4.913709e+00	 5.193154e-13	-7.084734e-04	 7.485297e-12	-3.886967e-18	 3.164187e-16	 2.525234e-18	 1.145384e-16	 0.000000e+00	 0.000000e+00
 3.467369e+00	 4.127451e-02	 5.155698e-13	 1.045275e-04	 1.878494e-16	-2.081808e-03	 3.214825e-11	 4.652443e+00	 3.982062e-11	 4.624222e+00	 3.772834e-11	-2.081808e-03	 3.214825e-11	-2.594811e-18	 3.064706e-16	 1.217264e-18	 1.135807e-16	 0.000000e+00	 0.000000e+00
 3.981072e+00	 3.867629e-02	 6.106448e-15	 8.893278e-05	 6.738270e-16	-3.257208e-03	 6.220835e-11	 4.359110e+00	 1.943246e-10	 4.331804e+00	 1.884112e-10	-3.257208e-03	 6.220835e-11	-5.440337e-19	 2.949866e-16	-2.507649e-18	 1.142722e-16	 0.000000e+00	 0.000000e+00
 4.570882e+00	 3.607620e-02	 2.597979e-12	 7.483059e-05	 1.111343e-15	-4.235077e-03	 2.815811e-11	 4.066642e+00	 4.265675e-10	 4.040367e+00	 4.198675e-10	-4.235077e-03	 2.815811e-11	-7.951640e-19	 2.822620e-16	 2.513281e-18	 1.127981e-16	 0.000000e+00	 0.000000e+00
 5.248075e+00	 3.351183e-02	 9.835186e-12	 6.232208e-05	 6.012811e-16	-5.021859e-03	 1.489404e-10	 3.778472e+00	 3.086197e-10	 3.753327e+00	 3.120914e-10	-5.021859e-03	 1.489404e-10	 3.896925e-20	 2.685910e-16	-2.922653e-18	 1.123854e-16	 0.000000e+00	 0.000000e+00
 6.025596e+00	 3.101362e-02	 1.225468e-11	 5.141675e-05	 8.070783e-16	-5.628762e-03	 1.195458e-09	 3.497505e+00	 5.065411e-10	 3.473571e+00	 4.760357e-10	-5.628762e-03	 1.195458e-09	-2.528946e-19	 2.542563e-16	-1.675429e-18	 1.105454e-16	 0.000000e+00	 0.000000e+00
 6.918310e+00	 2.860517e-02	 9.145754e-13	 4.205441e-05	 7.302609e-15	-6.070450e-03	 3.505104e-09	 3.226114e+00	 6.143718e-09	 3.203450e+00	 5.985235e-09	-6.070450e-03	 3.505104e-09	 2.742761e-18	 2.395212e-16	-6.923956e-19	 1.077922e-16	 0.000000e+00	 0.000000e+00
 7.943282e+00	 2.630388e-02	 7.971490e-11	 3.412660e-05	 1.890924e-14	-6.363819e-03	 5.303729e-09	 2.966149e+00	 2.087230e-08	 2.944794e+00	 2.050667e-08	-6.363819e-03	 5.303729e-09	-4.244650e-18	 2.246229e-16	 4.408481e-18	 1.056183e-16	 0.000000e+00	 0.000000e+00
 9.120108e+00	 2.412172e-02	 2.976974e-10	 2.749554e-05	 2.626235e-14	-6.526916e-03	 2.184050e-09	 2.718980e+00	 3.822767e-08	 2.698952e+00	 3.778762e-08	-6.526916e-03	 2.184050e-09	 1.115574e-18	 2.097697e-16	-5.936541e-18	 1.019193e-16	 0.000000e+00	 0.000000e+00
 1.047129e+01	 2.206604e-02	 4.871419e-10	 2.200970e-05	 1.598924e-14	-6.578033e-03	 7.882613e-09	 2.485539e+00	 3.065033e-08	 2.466838e+00	 3.059095e-08	-6.578033e-03	 7.882613e-09	-5.477773e-19	 1.951389e-16	 2.388657e-19	 9.779647e-17	 0.000000e+00	 0.000000e+00
 1.202264e+01	 2.014047e-02	 2.158486e-10	 1.751552e-05	 3.471757e-15	-6.535002e-03	 5.998260e-08	 2.266378e+00	 8.252230e-09	 2.248987e+00	 7.748969e-09	-6.535002e-03	 5.998260e-08	 7.048529e-19	 1.808774e-16	-8.377822e-19	 9.419335e-17	 0.000000e+00	 0.000000e+00
 1.380384e+01	 1.834561e-02	 6.516328e-10	 1.386575e-05	 6.845194e-14	-6.414671e-03	 1.731097e-07	 2.061721e+00	 2.234689e-07	 2.045611e+00	 2.191862e-07	-6.414671e-03	 1.731097e-07	 2.100623e-18	 1.671025e-16	-2.248638e-18	 8.959456e-17	 0.000000e+00	 0.000000e+00
 1.584893e+01	 1.667974e-02	 5.017727e-09	 1.092468e-05	 1.927086e-13	-6.232552e-03	 2.988579e-07	 1.871525e+00	 8.368158e-07	 1.856655e+00	 8.250578e-07	-6.232552e-03	 2.988579e-07	 4.816928e-18	 1.539042e-16	-1.098120e-17	 8.424237e-17	 0.000000e+00	 0.000000e+00
 1.819701e+01	 1.513939e-02	 1.404741e-08	 8.571030e-06	 3.086414e-13	-6.002609e-03	 2.839348e-07	 1.695530e+00	 1.773249e-06	 1.681849e+00	 1.752512e-06	-6.002609e-03	 2.839348e-07	-1.829145e-18	 1.413481e-16	 5.458505e-18	 8.001415e-17	 0.000000e+00	 0.000000e+00
 2.089296e+01	 1.371981e-02	 2.325137e-08	 6.699020e-06	 3.137982e-13	-5.737161e-03	 3.210900e-08	 1.533307e+00	 2.399489e-06	 1.520758e+00	 2.376176e-06	-5.737161e-03	 3.210900e-08	-1.349771e-18	 1.294782e-16	-1.760479e-19	 7.536296e-17	 0.000000e+00	 0.000000e+00
 2.398833e+01	 1.241539e-02	 2.099788e-08	 5.218190e-06	 1.591434e-13	-5.446878e-03	 5.648947e-07	 1.384300e+00	 1.631000e-06	 1.372821e+00	 1.620822e-06	-5.446878e-03	 5.648947e-07	 2.421316e-18	 1.183199e-16	-4.913257e-19	 7.031557e-17	 0.000000e+00	 0.000000e+00
 2.754229e+01	 1.121993e-02	 1.626763e-09	 4.052459e-06	 1.311115e-14	-5.140840e-03	 2.682412e-06	 1.247863e+00	 1.740689e-07	 1.237390e+00	 1.663658e-07	-5.140840e-03	 2.682412e-06	 1.906142e-18	 1.078834e-16	-1.683508e-18	 6.502824e-17	 0.000000e+00	 0.000000e+00
 3.162278e+01	 1.012693e-02	 4.627022e-08	 3.138709e-06	 3.892763e-13	-4.826636e-03	 1.238055e-09	 1.123289e+00	 2.701978e-09	 1.113756e+00	 2.668129e-09	-4.826636e-03	 1.238055e-09	 8.420514e-18	 9.816586e-17	-6.033918e-18	 6.081763e-17	 0.000000e+00	 0.000000e+00
 3.630781e+01	 9.129757e-03	 2.124987e-07	 2.425194e-06	 1.049151e-12	-4.510494e-03	 8.250191e-10	 1.009840e+00	 5.839212e-09	 1.001181e+00	 5.775624e-09	-4.510494e-03	 8.250191e-10	 3.165877e-18	 8.915444e-17	 1.556596e-18	 5.650144e-17	 0.000000e+00	 0.000000e+00
 4.168694e+01	 8.221780e-03	 5.100538e-07	 1.869910e-06	 1.693610e-12	-4.197428e-03	 8.218729e-10	 9.067624e-01	 5.971692e-09	 8.989135e-01	 5.919169e-09	-4.197428e-03	 8.218729e-10	 1.692848e-18	 8.082838e-17	 1.155259e-19	 5.211493e-17	 0.000000e+00	 0.000000e+00
 4.786301e+01	 7.396503e-03	 8.584531e-07	 1.439054e-06	 1.979465e-12	-3.891380e-03	 1.024879e-08	 8.133056e-01	 3.550672e-11	 8.062034e-01	 3.033870e-11	-3.891380e-03	 1.024879e-08	-3.009357e-18	 7.316096e-17	 2.319222e-18	 4.773958e-17	 0.000000e+00	 0.000000e+00
 5.495409e+01	 6.647631e-03	 1.053546e-06	 1.105626e-06	 1.700643e-12	-3.595366e-03	 3.206416e-07	 7.287340e-01	 2.815833e-08	 7.223184e-01	 2.779151e-08	-3.595366e-03	 3.206416e-07	 1.817295e-19	 6.612122e-17	 4.290158e-19	 4.366284e-17	 0.000000e+00	 0.000000e+00
 6.309573e+01	 5.969126e-03	 8.470121e-07	 8.481968e-07	 9.397387e-13	-3.311614e-03	 6.012288e-08	 6.523367e-01	 1.237946e-07	 6.465501e-01	 1.223688e-07	-3.311614e-03	 6.012288e-08	 5.142799e-18	 5.967537e-17	-6.244759e-18	 4.025310e-17	 0.000000e+00	 0.000000e+00
 7.244360e+01	 5.355247e-03	 2.054043e-07	 6.498536e-07	 1.213581e-13	-3.041687e-03	 6.179136e-08	 5.834336e-01	 2.871704e-07	 5.782217e-01	 2.840673e-07	-3.041687e-03	 6.179136e-08	-9.786532e-19	 5.378792e-17	 3.010998e-18	 3.690847e-17	 0.000000e+00	 0.000000e+00
 8.317638e+01	 4.800570e-03	 5.831566e-07	 4.973135e-07	 4.639904e-13	-2.786599e-03	 1.339471e-08	 5.213800e-01	 4.194174e-07	 5.166919e-01	 4.150879e-07	-2.786599e-03	 1.339471e-08	 5.079202e-18	 4.842266e-17	-6.125526e-18	 3.366266e-17	 0.000000e+00	 0.000000e+00
 9.549926e+01	 4.300005e-03	 3.375677e-06	 3.801884e-07	 1.710333e-12	-2.546913e-03	 8.597092e-08	 4.655699e-01	 3.210840e-07	 4.613579e-01	 3.180222e-07	-2.546913e-03	 8.597092e-08	 2.205000e-18	 4.354339e-17	-3.942512e-18	 3.054362e-17	 0.000000e+00	 0.000000e+00
 1.096478e+02	 3.848794e-03	 3.784810e-11	 2.903841e-07	 3.066894e-12	-2.322830e-03	 4.697343e-07	 4.154365e-01	 3.637461e-09	 4.116566e-01	 3.472545e-09	-2.322830e-03	 4.697343e-07	 1.978640e-18	 3.911451e-17	-9.321406e-19	 2.757380e-17	 0.000000e+00	 0.000000e+00
 1.258925e+02	 3.442513e-03	 1.025159e-08	 2.216143e-07	 4.046617e-12	-2.114264e-03	 1.171442e-06	 3.704535e-01	 1.100916e-06	 3.670648e-01	 1.088213e-06	-2.114264e-03	 1.171442e-06	 6.352549e-18	 3.510146e-17	-8.531444e-18	 2.503724e-17	 0.000000e+00	 0.000000e+00
 1.445440e+02	 3.077061e-03	 4.320342e-08	 1.690107e-07	 4.347877e-12	-1.920907e-03	 1.965321e-06	 3.301338e-01	 4.376275e-06	 3.270988e-01	 4.328521e-06	-1.920907e-03	 1.965321e-06	-1.687907e-19	 3.147103e-17	-4.876666e-19	 2.281405e-17	 0.000000e+00	 0.000000e+00
 1.659587e+02	 2.748653e-03	 1.010400e-07	 1.288125e-07	 3.920482e-12	-1.742283e-03	 2.312668e-06	 2.940289e-01	 4.987830e-06	 2.913130e-01	 4.934433e-06	-1.742283e-03	 2.312668e-06	-2.486415e-19	 2.819162e-17	-4.232038e-19	 2.070887e-17	 0.000000e+00	 0.000000e+00
 1.905461e+02	 2.453802e-03	 1.681137e-07	 9.812079e-08	 2.944442e-12	-1.577796e-03	 1.908276e-06	 2.617271e-01	 3.985234e-11	 2.592988e-01	 3.990332e-11	-1.577796e-03	 1.908276e-06	-1.704073e-18	 2.523335e-17	 9.227044e-18	 1.872576e-17	 0.000000e+00	 0.000000e+00
 2.187762e+02	 2.189307e-03	 2.053635e-07	 7.470528e-08	 1.739083e-12	-1.426757e-03	 1.361555e-07	 2.328519e-01	 5.961719e-09	 2.306824e-01	 5.893240e-09	-1.426757e-03	 1.361555e-07	 5.494154e-18	 2.256817e-17	-3.370475e-18	 1.686734e-17	 0.000000e+00	 0.000000e+00
 2.511886e+02	 1.952237e-03	 1.643638e-07	 5.685304e-08	 6.534426e-13	-1.288431e-03	 2.249692e-06	 2.070597e-01	 2.808426e-08	 2.051229e-01	 2.777371e-08	-1.288431e-03	 2.249692e-06	 3.145540e-19	 2.016989e-17	 9.092980e-19	 1.513493e-17	 0.000000e+00	 0.000000e+00
 2.884032e+02	 1.739914e-03	 6.103599e-07	 4.325042e-08	 1.570181e-14	-1.162048e-03	 4.738121e-06	 1.840381e-01	 3.365092e-06	 1.823101e-01	 3.333385e-06	-1.162048e-03	 4.738121e-06	-1.349644e-18	 1.801415e-17	 5.183900e-18	 1.352857e-17	 0.000000e+00	 0.000000e+00
 3.311311e+02	 1.549893e-03	 1.188044e-07	 3.289126e-08	 4.108164e-13	-1.046825e-03	 4.253880e-09	 1.635033e-01	 1.013379e-07	 1.619627e-01	 1.002477e-07	-1.046825e-03	 4.253880e-09	-3.086306e-19	 1.607841e-17	 9.882362e-19	 1.213995e-17	 0.000000e+00	 0.000000e+00
 3.801894e+02	 1.379951e-03	 6.799944e-07	 2.500584e-08	 1.065719e-12	-9.419860e-04	 1.882005e-08	 1.451984e-01	 8.171272e-08	 1.438257e-01	 8.084892e-08	-9.419860e-04	 1.882005e-08	-3.849867e-18	 1.434190e-17	 4.388063e-18	 1.098051e-17	 0.000000e+00	 0.000000e+00
 4.365158e+02	 1.228069e-03	 1.740028e-06	 1.900590e-08	 1.628421e-12	-8.467691e-04	 1.117801e-07	 1.288910e-01	 3.803072e-10	 1.276685e-01	 3.819915e-10	-8.467691e-04	 1.117801e-07	-2.333488e-18	 1.278550e-17	 3.725681e-18	 9.906823e-18	 0.000000e+00	 0.000000e+00
 5.011872e+02	 1.092412e-03	 3.228909e-06	 1.444225e-08	 1.970395e-12	-7.604366e-04	 2.862084e-07	 1.143712e-01	 2.454141e-07	 1.132831e-01	 2.426937e-07	-7.604366e-04	 2.862084e-07	-1.351809e-18	 1.139172e-17	 5.473084e-18	 8.914498e-18	 0.000000e+00	 0.000000e+00
 5.754399e+02	 9.713215e-04	 4.856094e-06	 1.097217e-08	 2.061785e-12	-6.822812e-04	 4.889073e-07	 1.014499e-01	 1.019704e-06	 1.004820e-01	 1.008571e-06	-6.822812e-04	 4.889073e-07	 9.391611e-19	 1.014455e-17	-2.508918e-18	 7.999432e-18	 0.000000e+00	 0.000000e+00
 6.606934e+02	 8.632955e-04	 3.072631e-06	 8.334355e-09	 1.937109e-12	-6.116306e-04	 5.865373e-07	 8.995700e-02	 2.371297e-06	 8.909631e-02	 2.345549e-06	-6.116306e-04	 5.865373e-07	-3.886614e-18	 9.029392e-18	 6.794796e-18	 7.157780e-18	 0.000000e+00	 0.000000e+00
 7.585776e+02	 7.669779e-04	 3.237131e-06	 6.329690e-09	 1.664124e-12	-5.478498e-04	 5.283872e-08	 7.973936e-02	 3.936785e-06	 7.897441e-02	 3.894175e-06	-5.478498e-04	 5.283872e-08	 7.564388e-18	 8.032977e-18	-5.018242e-18	 6.385914e-18	 0.000000e+00	 0.000000e+00
 8.709636e+02	 6.811450e-04	 2.696904e-06	 4.806535e-09	 1.317868e-12	-4.903420e-04	 4.803200e-08	 7.065961e-02	 4.810070e-06	 6.998003e-02	 4.758097e-06	-4.903420e-04	 4.803200e-08	 7.812174e-18	 7.143248e-18	-3.935591e-18	 5.680368e-18	 0.000000e+00	 0.000000e+00
 1.000000e+03	 6.046944e-04	 2.876277e-06	 3.649456e-09	 9.630390e-13	-4.385514e-04	 5.200303e-07	 6.259447e-02	 3.873380e-06	 6.199098e-02	 3.831681e-06	-4.385514e-04	 5.200303e-07	 2.530517e-18	 6.349283e-18	-1.036682e-17	 5.037760e-18	 0.000000e+00	 0.000000e+00
