 1.000000e-03	-1.760547e-06	 2.090635e-09	-7.419107e-10	 5.946292e-13	-1.882970e-06	 2.023934e-09	-4.936304e-06	 5.861794e-09	-3.177079e-06	 3.772548e-09	-1.883063e-06	 2.024080e-09	 7.887566e-12	 9.067712e-11	 6.719361e-11	 8.553308e-11	-3.378909e-15	 7.125813e-15
 1.148154e-03	-2.124863e-06	 1.713383e-09	-1.027098e-09	 8.404428e-13	-2.275471e-06	 1.759090e-09	-5.948079e-06	 5.140281e-09	-3.835346e-06	 4.447234e-09	-2.276671e-06	 1.880469e-09	-6.734824e-11	 1.088327e-10	 6.158418e-12	 1.154173e-10	 9.767353e-15	 1.080774e-14
 1.318257e-03	-2.557877e-06	 2.649551e-09	-1.425003e-09	 1.144478e-12	-2.750380e-06	 2.128445e-09	-7.172432e-06	 5.820498e-09	-4.627430e-06	 3.731905e-09	-2.749415e-06	 2.412293e-09	 3.787448e-10	 1.410822e-10	 1.546209e-10	 1.457456e-10	-3.857113e-15	 1.630783e-14
 1.513561e-03	-3.079728e-06	 3.728897e-09	-1.967971e-09	 1.782976e-12	-3.313888e-06	 2.682979e-09	-8.650117e-06	 8.535844e-09	-5.562826e-06	 4.563296e-09	-3.313314e-06	 2.740950e-09	 5.635296e-11	 1.879734e-10	 1.991448e-10	 2.494231e-10	-7.441724e-15	 2.471230e-14
 1.737801e-03	-3.711937e-06	 3.124480e-09	-2.725742e-09	 2.258096e-12	-3.996295e-06	 3.182599e-09	-1.040635e-05	 8.691105e-09	-6.709891e-06	 6.235785e-09	-4.001883e-06	 3.551155e-09	-2.156575e-10	 2.349883e-10	 4.176238e-10	 3.319671e-10	-3.045666e-14	 3.740132e-14
 1.995262e-03	-4.476740e-06	 3.841488e-09	-3.778542e-09	 3.069332e-12	-4.823522e-06	 3.871917e-09	-1.252675e-05	 1.204129e-08	-8.078337e-06	 6.714776e-09	-4.813680e-06	 4.380689e-09	-1.965734e-10	 2.934474e-10	 3.755442e-10	 3.124174e-10	-3.933329e-14	 5.648812e-14
 2.290868e-03	-5.375727e-06	 4.773626e-09	-5.222365e-09	 4.648843e-12	-5.810913e-06	 4.722864e-09	-1.507557e-05	 2.224585e-08	-9.705532e-06	 8.505489e-09	-5.807499e-06	 4.702269e-09	-3.906487e-10	 3.775679e-10	 3.335013e-10	 4.065489e-10	 1.006414e-14	 8.566911e-14
 2.630268e-03	-6.474954e-06	 5.533637e-09	-7.222277e-09	 6.007993e-12	-6.995575e-06	 6.311729e-09	-1.813096e-05	 1.556867e-08	-1.167981e-05	 1.001082e-08	-7.002221e-06	 5.918338e-09	-6.983379e-10	 4.885889e-10	 4.018309e-10	 5.219735e-10	 5.130355e-14	 1.295421e-13
 3.019952e-03	-7.793336e-06	 6.750372e-09	-9.973225e-09	 9.670590e-12	-8.437417e-06	 6.984415e-09	-2.177545e-05	 3.156381e-08	-1.404162e-05	 1.311683e-08	-8.410855e-06	 7.461801e-09	-5.696173e-10	 6.693913e-10	-7.839724e-11	 6.901762e-10	-1.127842e-13	 1.958315e-13
 3.467369e-03	-9.357069e-06	 8.232643e-09	-1.377007e-08	 1.347802e-11	-1.014045e-05	 8.967013e-09	-2.623126e-05	 2.287706e-08	-1.689761e-05	 1.712882e-08	-1.011989e-05	 9.543759e-09	 9.236617e-10	 1.081784e-09	-1.299553e-09	 9.081910e-10	 1.818862e-13	 2.963418e-13
 3.981072e-03	-1.121225e-05	 1.107524e-08	-1.899226e-08	 1.659243e-11	-1.220209e-05	 1.528442e-08	-3.147379e-05	 2.756694e-08	-2.026657e-05	 1.782621e-08	-1.218334e-05	 1.485876e-08	 2.117317e-09	 1.417664e-09	 1.484910e-10	 1.126018e-09	-5.751037e-13	 4.476114e-13
 4.570882e-03	-1.348135e-05	 1.215173e-08	-2.615687e-08	 2.692240e-11	-1.463907e-05	 1.373063e-08	-3.770828e-05	 3.937695e-08	-2.427650e-05	 2.190156e-08	-1.466008e-05	 1.433879e-08	-6.665597e-11	 1.366179e-09	-9.171812e-11	 1.455948e-09	-9.521486e-13	 6.858220e-13
 5.248075e-03	-1.614578e-05	 1.584307e-08	-3.608284e-08	 3.251457e-11	-1.760547e-05	 1.524087e-08	-4.524134e-05	 4.102871e-08	-2.915276e-05	 2.678726e-08	-1.759755e-05	 1.540971e-08	 1.378998e-09	 2.528391e-09	-3.328230e-09	 2.656895e-09	-1.379803e-13	 1.024771e-12
 6.025596e-03	-1.938929e-05	 1.993308e-08	-4.968783e-08	 4.455622e-11	-2.112210e-05	 2.250209e-08	-5.417539e-05	 7.181540e-08	-3.493187e-05	 3.192798e-08	-2.114143e-05	 1.872129e-08	 1.990507e-09	 2.244743e-09	-2.364982e-09	 2.422141e-09	-7.687046e-13	 1.544318e-12
 6.918310e-03	-2.321747e-05	 2.157010e-08	-6.840764e-08	 7.207664e-11	-2.534865e-05	 2.371108e-08	-6.489005e-05	 6.744352e-08	-4.178826e-05	 5.556148e-08	-2.539539e-05	 2.252090e-08	 7.694544e-10	 2.915700e-09	-3.129777e-09	 3.128047e-09	-2.106808e-12	 2.341241e-12
 7.943282e-03	-2.777991e-05	 2.934678e-08	-9.398913e-08	 9.897411e-11	-3.043722e-05	 2.742418e-08	-7.762435e-05	 7.828468e-08	-4.997944e-05	 4.795638e-08	-3.039119e-05	 2.909817e-08	 7.581958e-09	 5.084763e-09	-7.889630e-09	 4.029332e-09	 1.384181e-12	 3.530447e-12
 9.120108e-03	-3.319859e-05	 3.194969e-08	-1.288753e-07	 1.611196e-10	-3.636367e-05	 3.359441e-08	-9.272502e-05	 9.498104e-08	-5.981925e-05	 7.035223e-08	-3.647754e-05	 3.324932e-08	 8.713979e-09	 5.017227e-09	 9.996620e-11	 5.352150e-09	-4.044785e-12	 5.325251e-12
 1.047129e-02	-3.969042e-05	 4.053735e-08	-1.768376e-07	 1.726093e-10	-4.361371e-05	 4.693291e-08	-1.109249e-04	 1.139940e-07	-7.146338e-05	 7.001281e-08	-4.363299e-05	 4.081547e-08	 5.534020e-10	 6.181874e-09	 5.267547e-10	 6.687216e-09	-7.636301e-13	 8.042584e-12
 1.202264e-02	-4.745286e-05	 4.678005e-08	-2.429176e-07	 2.326435e-10	-5.211933e-05	 4.892368e-08	-1.320240e-04	 1.844843e-07	-8.501932e-05	 8.545421e-08	-5.219193e-05	 5.174586e-08	 9.057899e-09	 8.481199e-09	-8.906452e-09	 8.992094e-09	-1.270411e-12	 1.216293e-11
 1.380384e-02	-5.662446e-05	 6.358987e-08	-3.317362e-07	 3.512767e-10	-6.231582e-05	 5.973229e-08	-1.579240e-04	 1.703558e-07	-1.018008e-04	 1.086752e-07	-6.241855e-05	 6.730096e-08	-5.265849e-09	 1.217910e-08	-6.805842e-09	 1.390629e-08	-7.144535e-12	 1.830160e-11
 1.584893e-02	-6.724716e-05	 6.981586e-08	-4.550205e-07	 4.679811e-10	-7.447748e-05	 7.554529e-08	-1.877229e-04	 2.126576e-07	-1.212934e-04	 1.252777e-07	-7.443950e-05	 7.294909e-08	-5.415150e-09	 1.294157e-08	 1.258805e-08	 1.525317e-08	-5.688987e-11	 2.764080e-11
 1.819701e-02	-8.021945e-05	 8.884722e-08	-6.222215e-07	 6.221491e-10	-8.863258e-05	 8.793409e-08	-2.233262e-04	 2.472697e-07	-1.440532e-04	 1.720986e-07	-8.880836e-05	 8.713337e-08	-6.199337e-09	 1.658999e-08	-5.010673e-09	 1.945611e-08	-5.957350e-11	 4.163751e-11
 2.089296e-02	-9.523261e-05	 1.063241e-07	-8.466330e-07	 9.374118e-10	-1.056950e-04	 1.138118e-07	-2.647476e-04	 2.945360e-07	-1.714239e-04	 1.957562e-07	-1.059084e-04	 1.052132e-07	-1.000455e-08	 2.121675e-08	-2.127276e-08	 2.650999e-08	-7.277331e-11	 6.271490e-11
 2.398833e-02	-1.136631e-04	 1.230250e-07	-1.153069e-06	 1.413051e-09	-1.256741e-04	 1.355083e-07	-3.155252e-04	 3.417605e-07	-2.030321e-04	 2.539947e-07	-1.261733e-04	 1.340838e-07	 4.126477e-08	 2.892881e-08	 1.752031e-09	 2.983014e-08	 4.540237e-11	 9.433061e-11
 2.754229e-02	-1.349964e-04	 1.473320e-07	-1.565515e-06	 1.678178e-09	-1.493941e-04	 1.593278e-07	-3.741332e-04	 4.107966e-07	-2.411092e-04	 2.687541e-07	-1.498802e-04	 2.273507e-07	 1.807146e-08	 3.486436e-08	 1.131647e-07	 3.838260e-08	 6.217715e-11	 1.416469e-10
 3.162278e-02	-1.596116e-04	 2.030146e-07	-2.122868e-06	 2.304326e-09	-1.771644e-04	 2.419372e-07	-4.427367e-04	 5.000076e-07	-2.853715e-04	 3.221426e-07	-1.777782e-04	 2.164612e-07	-3.896837e-08	 4.407028e-08	 3.410150e-08	 5.010297e-08	-1.926665e-10	 2.127205e-10
 3.630781e-02	-1.890375e-04	 2.511146e-07	-2.875618e-06	 3.174384e-09	-2.095849e-04	 2.311481e-07	-5.220866e-04	 6.022379e-07	-3.376903e-04	 3.961844e-07	-2.108236e-04	 2.266106e-07	-5.072363e-08	 5.610472e-08	 7.314240e-08	 6.272184e-08	-6.973108e-11	 3.186964e-10
 4.168694e-02	-2.234295e-04	 2.631354e-07	-3.889786e-06	 4.559231e-09	-2.488772e-04	 2.794698e-07	-6.174224e-04	 7.293569e-07	-3.979176e-04	 4.716419e-07	-2.492996e-04	 2.906743e-07	-4.666109e-08	 7.706596e-08	 3.752914e-08	 7.936287e-08	-2.938551e-10	 4.776985e-10
 4.786301e-02	-2.639530e-04	 3.414284e-07	-5.247170e-06	 6.173400e-09	-2.935421e-04	 3.461646e-07	-7.250671e-04	 9.724945e-07	-4.698942e-04	 5.644696e-07	-2.948392e-04	 3.686590e-07	 5.225647e-09	 9.526936e-08	-2.059579e-08	 1.028392e-07	-9.541263e-10	 7.153125e-10
 5.495409e-02	-3.115846e-04	 3.808012e-07	-7.053600e-06	 9.135923e-09	-3.461676e-04	 3.971303e-07	-8.515313e-04	 1.047961e-06	-5.527230e-04	 7.376743e-07	-3.483448e-04	 3.920792e-07	-9.356915e-08	 1.158838e-07	-3.768000e-08	 1.309284e-07	-1.246837e-09	 1.071465e-09
 6.309573e-02	-3.659850e-04	 4.654961e-07	-9.427019e-06	 1.140247e-08	-4.084104e-04	 4.682549e-07	-9.985803e-04	 1.321263e-06	-6.481743e-04	 8.238632e-07	-4.101981e-04	 5.170239e-07	-4.555257e-08	 1.450148e-07	-3.346240e-08	 1.662796e-07	-8.397102e-10	 1.592614e-09
 7.244360e-02	-4.305817e-04	 5.547763e-07	-1.261751e-05	 1.531178e-08	-4.788837e-04	 5.672834e-07	-1.170425e-03	 1.510560e-06	-7.602952e-04	 9.862100e-07	-4.822056e-04	 5.648647e-07	-2.860517e-07	 1.824841e-07	 3.410218e-07	 2.063816e-07	-2.725991e-09	 2.369558e-09
 8.317638e-02	-5.035657e-04	 6.699401e-07	-1.679724e-05	 2.435632e-08	-5.600168e-04	 6.768276e-07	-1.362161e-03	 1.823223e-06	-8.902331e-04	 1.178651e-06	-5.666573e-04	 6.776323e-07	-1.681111e-07	 2.311346e-07	 6.390089e-07	 2.603419e-07	 3.073095e-09	 3.520870e-09
 9.549926e-02	-5.899023e-04	 8.290325e-07	-2.227478e-05	 3.949580e-08	-6.546729e-04	 8.212768e-07	-1.589457e-03	 3.265513e-06	-1.035928e-03	 1.418779e-06	-6.606294e-04	 8.148113e-07	 1.246560e-07	 2.891221e-07	-4.916152e-07	 3.493334e-07	-4.326124e-09	 5.203799e-09
 1.096478e-01	-6.892156e-04	 1.015353e-06	-2.937606e-05	 3.990654e-08	-7.619807e-04	 1.033029e-06	-1.849066e-03	 2.599913e-06	-1.206539e-03	 1.701537e-06	-7.710490e-04	 9.783043e-07	-3.868187e-07	 3.620875e-07	-8.675521e-07	 4.196897e-07	 1.136027e-08	 7.686029e-09
 1.258925e-01	-8.036192e-04	 1.153012e-06	-3.857160e-05	 5.250339e-08	-8.879594e-04	 1.178333e-06	-2.141948e-03	 3.656996e-06	-1.396519e-03	 2.244437e-06	-9.000957e-04	 1.156944e-06	-4.483846e-08	 4.513551e-07	-5.516039e-07	 5.359118e-07	-1.037945e-08	 1.131490e-08
 1.445440e-01	-9.372508e-04	 1.383536e-06	-5.038895e-05	 7.667882e-08	-1.026487e-03	 1.359113e-06	-2.463939e-03	 3.688964e-06	-1.613390e-03	 2.433951e-06	-1.042029e-03	 1.399293e-06	-9.679409e-07	 6.636483e-07	-1.622523e-07	 6.443580e-07	-2.719787e-08	 1.654484e-08
 1.659587e-01	-1.080651e-03	 1.700607e-06	-6.530752e-05	 9.670671e-08	-1.182291e-03	 1.829484e-06	-2.838359e-03	 4.386420e-06	-1.855805e-03	 3.047618e-06	-1.205720e-03	 1.674058e-06	-1.243894e-06	 7.069851e-07	 8.312785e-07	 8.080083e-07	-3.247342e-08	 2.415261e-08
 1.905461e-01	-1.249032e-03	 2.349048e-06	-8.426532e-05	 1.251364e-07	-1.355190e-03	 2.158306e-06	-3.245632e-03	 5.201261e-06	-2.135397e-03	 3.431564e-06	-1.386455e-03	 2.069829e-06	 1.058952e-06	 8.602294e-07	 7.472835e-07	 9.980373e-07	 1.239853e-08	 3.509687e-08
 2.187762e-01	-1.443486e-03	 2.366532e-06	-1.077452e-04	 1.710651e-07	-1.551407e-03	 2.275830e-06	-3.711355e-03	 7.504902e-06	-2.431259e-03	 4.668968e-06	-1.593320e-03	 2.467243e-06	-9.146060e-07	 1.162221e-06	-1.410212e-06	 1.307447e-06	 3.096052e-08	 5.059463e-08
 2.511886e-01	-1.647028e-03	 2.903533e-06	-1.365653e-04	 2.225429e-07	-1.768896e-03	 2.616469e-06	-4.203154e-03	 7.598574e-06	-2.768008e-03	 4.823979e-06	-1.822869e-03	 2.689509e-06	 1.628372e-06	 1.461846e-06	-1.739503e-06	 1.788752e-06	 1.381027e-07	 7.260822e-08
 2.884032e-01	-1.882641e-03	 3.353587e-06	-1.721536e-04	 3.353801e-07	-1.997676e-03	 3.068950e-06	-4.715874e-03	 8.618794e-06	-3.113039e-03	 6.402834e-06	-2.074733e-03	 3.111350e-06	-6.218677e-07	 1.702390e-06	 2.298297e-06	 1.863367e-06	-2.535460e-08	 1.034864e-07
 3.311311e-01	-2.141155e-03	 3.994821e-06	-2.150930e-04	 4.345941e-07	-2.249259e-03	 3.562642e-06	-5.310346e-03	 1.029183e-05	-3.499493e-03	 6.821454e-06	-2.344379e-03	 3.638502e-06	-1.910356e-06	 1.974429e-06	-2.780169e-07	 2.327432e-06	 8.929142e-08	 1.462244e-07
 3.801894e-01	-2.410752e-03	 4.700181e-06	-2.631740e-04	 4.839029e-07	-2.517940e-03	 4.756650e-06	-5.923271e-03	 1.219998e-05	-3.890371e-03	 7.956821e-06	-2.639502e-03	 4.209881e-06	-1.232816e-06	 2.384513e-06	-1.492689e-07	 2.763986e-06	 1.277227e-07	 2.052635e-07
 4.365158e-01	-2.727907e-03	 5.663290e-06	-3.196234e-04	 6.953490e-07	-2.776859e-03	 4.753292e-06	-6.558974e-03	 1.370939e-05	-4.316095e-03	 1.071370e-05	-2.949732e-03	 4.854899e-06	 4.513391e-07	 3.104772e-06	 1.773968e-06	 3.329482e-06	-2.052531e-07	 2.861317e-07
 5.011872e-01	-3.037856e-03	 6.490011e-06	-3.827041e-04	 7.900202e-07	-3.063416e-03	 6.142592e-06	-7.178640e-03	 1.898042e-05	-4.713248e-03	 1.165306e-05	-3.279084e-03	 5.544818e-06	-3.972885e-06	 5.250956e-06	 6.634009e-06	 4.009795e-06	 2.783207e-07	 3.948667e-07
 5.754399e-01	-3.370807e-03	 7.825222e-06	-4.512318e-04	 9.981046e-07	-3.325772e-03	 6.408982e-06	-7.782810e-03	 1.946892e-05	-5.122673e-03	 1.318649e-05	-3.602354e-03	 6.586344e-06	 1.860313e-06	 3.986497e-06	 2.720627e-06	 5.742683e-06	-1.766201e-07	 5.375141e-07
 6.606934e-01	-3.681470e-03	 9.091315e-06	-5.234199e-04	 1.244126e-06	-3.604471e-03	 7.192490e-06	-8.415461e-03	 2.111509e-05	-5.495385e-03	 1.450867e-05	-3.929120e-03	 1.016042e-05	 3.967611e-06	 5.036976e-06	-1.101837e-06	 5.681015e-06	 6.298555e-07	 7.261691e-07
 7.585776e-01	-3.998120e-03	 1.056915e-05	-5.991966e-04	 2.000390e-06	-3.838221e-03	 7.781189e-06	-8.992177e-03	 2.415808e-05	-5.819104e-03	 1.703015e-05	-4.242038e-03	 9.637609e-06	 1.605356e-06	 5.536997e-06	-6.271006e-06	 7.781045e-06	-7.340859e-07	 9.741309e-07
 8.709636e-01	-4.291076e-03	 1.216657e-05	-6.685788e-04	 2.003900e-06	-4.057212e-03	 9.428156e-06	-9.388376e-03	 2.898714e-05	-6.041513e-03	 1.902860e-05	-4.535650e-03	 8.975898e-06	 5.649766e-06	 6.485737e-06	-2.747871e-06	 1.022232e-05	 1.008681e-06	 1.281883e-06
 1.000000e+00	-4.532160e-03	 1.367223e-05	-7.249429e-04	 2.717933e-06	-4.194778e-03	 9.473275e-06	-9.680906e-03	 3.101240e-05	-6.218341e-03	 2.144193e-05	-4.825103e-03	 1.318717e-05	-5.006620e-06	 7.631578e-06	 1.530221e-05	 9.186005e-06	-1.834386e-07	 1.671138e-06
 1.148154e+00	-4.724936e-03	 1.517951e-05	-7.612922e-04	 2.836839e-06	-4.318886e-03	 1.024867e-05	-9.856777e-03	 3.479370e-05	-6.237643e-03	 2.498925e-05	-5.016141e-03	 1.138915e-05	 1.441261e-05	 8.939219e-06	 5.602834e-06	 1.038637e-05	 1.646239e-06	 2.145277e-06
 1.318257e+00	-4.838975e-03	 1.711168e-05	-7.860575e-04	 3.377269e-06	-4.347995e-03	 1.152858e-05	-9.810888e-03	 3.877808e-05	-5.972036e-03	 2.790658e-05	-5.149126e-03	 1.303388e-05	 6.724180e-06	 9.996516e-06	-1.296055e-06	 1.182281e-05	-2.015154e-06	 2.719656e-06
 1.513561e+00	-4.791082e-03	 1.913264e-05	-7.769110e-04	 4.482092e-06	-4.292973e-03	 1.370639e-05	-9.404419e-03	 4.401385e-05	-5.600774e-03	 3.242073e-05	-5.251639e-03	 1.253965e-05	 6.541322e-06	 1.144137e-05	-2.370614e-05	 1.472348e-05	 2.349800e-06	 3.384936e-06
 1.737801e+00	-4.654853e-03	 2.135842e-05	-7.225904e-04	 5.363170e-06	-4.163473e-03	 1.376141e-05	-8.735498e-03	 4.707731e-05	-4.968414e-03	 3.511201e-05	-5.226876e-03	 1.376503e-05	 9.564892e-06	 1.435588e-05	-7.996557e-06	 1.599830e-05	 7.722797e-07	 4.166425e-06
 1.995262e+00	-4.315383e-03	 2.429506e-05	-6.292312e-04	 6.502576e-06	-3.936077e-03	 1.399446e-05	-7.746587e-03	 5.415549e-05	-4.089439e-03	 3.587658e-05	-5.125214e-03	 1.394898e-05	-2.024784e-05	 1.486311e-05	-4.485801e-06	 1.674197e-05	-3.828715e-06	 5.044673e-06
 2.290868e+00	-3.854906e-03	 2.765840e-05	-4.949133e-04	 6.063944e-06	-3.621918e-03	 1.337162e-05	-6.320785e-03	 5.577773e-05	-2.829352e-03	 3.897594e-05	-4.942475e-03	 1.492180e-05	 1.451023e-05	 1.698840e-05	 9.723056e-06	 1.850748e-05	 9.306940e-07	 6.019532e-06
 2.630268e+00	-3.121513e-03	 2.842819e-05	-3.090876e-04	 6.980365e-06	-3.233819e-03	 1.378141e-05	-4.356958e-03	 6.011097e-05	-1.278995e-03	 4.425262e-05	-4.675605e-03	 1.783662e-05	 2.427893e-05	 1.925800e-05	-7.035900e-06	 2.117677e-05	-1.113462e-06	 7.056127e-06
 3.019952e+00	-2.100867e-03	 3.036153e-05	-6.249418e-05	 7.965658e-06	-2.746865e-03	 1.412781e-05	-1.884195e-03	 7.177956e-05	 6.207636e-04	 4.558858e-05	-4.315186e-03	 1.574496e-05	 2.230826e-05	 2.244190e-05	-2.129767e-05	 2.096978e-05	-3.836803e-06	 8.198340e-06
 3.467369e+00	-9.947749e-04	 3.464963e-05	 2.223101e-04	 9.413351e-06	-2.199342e-03	 1.527637e-05	 1.015194e-03	 7.054975e-05	 2.914998e-03	 4.931526e-05	-3.885043e-03	 1.838227e-05	-6.137869e-05	 2.482495e-05	 2.369287e-05	 2.330325e-05	-3.229363e-06	 9.302938e-06
 3.981072e+00	 4.737915e-04	 3.715106e-05	 5.636342e-04	 1.074884e-05	-1.667877e-03	 1.665585e-05	 4.492245e-03	 7.447776e-05	 5.697761e-03	 5.356310e-05	-3.438178e-03	 1.617942e-05	 2.767778e-05	 2.831133e-05	-3.088246e-05	 2.412724e-05	 8.972580e-07	 1.044982e-05
 4.570882e+00	 2.292533e-03	 3.986232e-05	 9.518799e-04	 1.214544e-05	-1.081793e-03	 1.531330e-05	 8.475606e-03	 8.044467e-05	 8.694571e-03	 6.023457e-05	-2.941881e-03	 1.636117e-05	-4.358340e-08	 3.022133e-05	-2.374019e-05	 2.448035e-05	-1.675735e-05	 1.154339e-05
 5.248075e+00	 4.253684e-03	 4.338709e-05	 1.402689e-03	 1.365830e-05	-5.297135e-04	 1.579980e-05	 1.309506e-02	 8.954316e-05	 1.215553e-02	 6.567401e-05	-2.467611e-03	 1.690126e-05	 3.345319e-05	 3.403253e-05	 1.999558e-05	 2.682171e-05	-1.705733e-05	 1.263321e-05
 6.025596e+00	 6.575507e-03	 4.981545e-05	 1.846004e-03	 1.600086e-05	-1.619219e-05	 1.764564e-05	 1.844039e-02	 1.019512e-04	 1.594159e-02	 7.934822e-05	-1.974361e-03	 1.885202e-05	-3.936704e-05	 3.991341e-05	-3.789538e-06	 2.671903e-05	-3.972460e-06	 1.361925e-05
 6.918310e+00	 9.094738e-03	 4.989156e-05	 2.307716e-03	 1.769037e-05	 4.887440e-04	 1.659419e-05	 2.394755e-02	 1.069985e-04	 2.009645e-02	 8.185988e-05	-1.527052e-03	 1.693557e-05	 7.514042e-05	 4.311102e-05	-5.095668e-06	 2.799873e-05	-8.316844e-06	 1.436796e-05
 7.943282e+00	 1.201816e-02	 6.174162e-05	 2.799828e-03	 2.065164e-05	 8.829200e-04	 1.937730e-05	 3.046327e-02	 1.149568e-04	 2.447843e-02	 9.426717e-05	-1.157941e-03	 1.875819e-05	-3.507296e-05	 5.183225e-05	-1.565267e-06	 2.715512e-05	-3.085090e-06	 1.509151e-05
 9.120108e+00	 1.501883e-02	 6.313561e-05	 3.313888e-03	 2.372036e-05	 1.206908e-03	 1.787154e-05	 3.732041e-02	 1.273321e-04	 2.919765e-02	 9.842362e-05	-8.440572e-04	 1.891323e-05	-7.790890e-05	 5.650705e-05	-5.475307e-05	 2.826181e-05	 5.407153e-07	 1.562822e-05
 1.047129e+01	 1.814257e-02	 7.391009e-05	 3.836333e-03	 2.539385e-05	 1.421721e-03	 1.978706e-05	 4.414359e-02	 1.423070e-04	 3.443816e-02	 1.104054e-04	-5.467431e-04	 1.733469e-05	 4.583013e-05	 6.204625e-05	 1.796609e-05	 2.824519e-05	 4.703632e-06	 1.613859e-05
 1.202264e+01	 2.163962e-02	 7.661535e-05	 4.438875e-03	 2.834432e-05	 1.594604e-03	 1.816575e-05	 5.182348e-02	 1.595261e-04	 3.958372e-02	 1.241452e-04	-4.054892e-04	 1.796312e-05	 5.695892e-05	 7.111401e-05	 4.083388e-05	 2.740381e-05	-3.947183e-05	 1.621814e-05
 1.380384e+01	 2.507968e-02	 8.552044e-05	 4.919854e-03	 3.211759e-05	 1.671134e-03	 1.772201e-05	 5.942669e-02	 1.851356e-04	 4.506185e-02	 1.391023e-04	-3.261653e-04	 1.818034e-05	-8.405533e-05	 7.976629e-05	-3.197401e-06	 2.837477e-05	-6.946934e-06	 1.643688e-05
 1.584893e+01	 2.885554e-02	 1.399412e-04	 5.411545e-03	 3.559107e-05	 1.668340e-03	 1.776423e-05	 6.802151e-02	 2.129353e-04	 5.028813e-02	 1.558776e-04	-2.948613e-04	 1.878827e-05	-3.959606e-06	 8.778550e-05	 4.047312e-06	 2.703719e-05	-2.395509e-06	 1.624417e-05
 1.819701e+01	 3.266959e-02	 1.124861e-04	 5.948116e-03	 3.912800e-05	 1.578142e-03	 1.874033e-05	 7.597974e-02	 2.318554e-04	 5.576240e-02	 1.774289e-04	-3.491768e-04	 1.811229e-05	-4.135643e-05	 9.940343e-05	-6.959162e-07	 2.674565e-05	-8.837195e-06	 1.615603e-05
 2.089296e+01	 3.662544e-02	 1.227278e-04	 6.500685e-03	 4.360980e-05	 1.463590e-03	 2.596577e-05	 8.422890e-02	 2.950421e-04	 6.182922e-02	 1.927328e-04	-4.098955e-04	 1.719422e-05	-3.580280e-05	 1.087762e-04	-1.116283e-05	 2.746665e-05	 9.158938e-06	 1.585633e-05
 2.398833e+01	 4.036578e-02	 1.356746e-04	 6.886275e-03	 4.586099e-05	 1.245363e-03	 1.836335e-05	 9.298356e-02	 2.784929e-04	 6.719373e-02	 2.137467e-04	-5.577989e-04	 1.805604e-05	 9.519861e-05	 1.226785e-04	 1.481853e-05	 2.677437e-05	 8.336958e-06	 1.531405e-05
 2.754229e+01	 4.447325e-02	 1.458079e-04	 7.459000e-03	 4.975847e-05	 1.039318e-03	 1.765290e-05	 1.016080e-01	 3.097520e-04	 7.299093e-02	 2.406245e-04	-6.872362e-04	 1.784212e-05	 4.125823e-05	 1.350334e-04	 6.120945e-06	 2.539577e-05	 9.491078e-06	 1.472863e-05
 3.162278e+01	 4.827329e-02	 1.614211e-04	 7.911210e-03	 5.290977e-05	 7.962062e-04	 2.095044e-05	 1.100385e-01	 3.542028e-04	 7.854062e-02	 2.582755e-04	-8.993223e-04	 1.933399e-05	 2.383169e-04	 1.498701e-04	-8.879504e-06	 2.493592e-05	 9.317756e-06	 1.424150e-05
 3.630781e+01	 5.191297e-02	 1.777046e-04	 8.286258e-03	 5.504565e-05	 4.671969e-04	 1.748794e-05	 1.183683e-01	 3.769773e-04	 8.366345e-02	 2.837187e-04	-1.058578e-03	 1.940316e-05	 7.286747e-05	 1.631571e-04	 3.893075e-05	 2.581942e-05	-2.734752e-05	 1.379894e-05
 4.168694e+01	 5.573392e-02	 1.946366e-04	 8.676431e-03	 5.872809e-05	 2.003436e-04	 1.857744e-05	 1.264471e-01	 4.247249e-04	 8.961761e-02	 3.071991e-04	-1.291447e-03	 1.800499e-05	 8.889574e-05	 1.761648e-04	 1.215180e-05	 2.395780e-05	 3.556210e-06	 1.311119e-05
 4.786301e+01	 5.971648e-02	 2.341695e-04	 8.955075e-03	 6.209003e-05	-8.603909e-05	 1.865624e-05	 1.348281e-01	 4.601262e-04	 9.484487e-02	 3.320966e-04	-1.536022e-03	 1.668976e-05	 7.765749e-06	 1.863607e-04	 3.289974e-05	 2.335193e-05	-1.644795e-06	 1.254063e-05
 5.495409e+01	 6.309659e-02	 2.351385e-04	 9.417742e-03	 6.876908e-05	-3.426441e-04	 1.753147e-05	 1.423042e-01	 4.888433e-04	 9.892636e-02	 4.036613e-04	-1.724214e-03	 1.701214e-05	-1.776631e-04	 2.046975e-04	 4.299095e-05	 2.280506e-05	 1.694893e-05	 1.181057e-05
 6.309573e+01	 6.648644e-02	 2.576467e-04	 9.775874e-03	 6.909198e-05	-6.293146e-04	 1.695582e-05	 1.505636e-01	 5.444640e-04	 1.039044e-01	 3.857972e-04	-1.892654e-03	 1.680577e-05	-2.836862e-04	 2.245937e-04	-2.905803e-05	 2.268797e-05	-6.151129e-06	 1.101092e-05
 7.244360e+01	 6.996813e-02	 2.843141e-04	 1.022818e-02	 7.461666e-05	-8.624147e-04	 1.709647e-05	 1.566116e-01	 5.797671e-04	 1.088748e-01	 4.326861e-04	-2.076283e-03	 1.627263e-05	 2.639395e-04	 2.339425e-04	-1.969823e-05	 2.203749e-05	-1.388539e-05	 1.037812e-05
 8.317638e+01	 7.319212e-02	 2.878608e-04	 1.031212e-02	 7.577396e-05	-1.113124e-03	 1.645199e-05	 1.643924e-01	 6.332815e-04	 1.130471e-01	 4.724016e-04	-2.241152e-03	 1.637395e-05	 2.561849e-04	 2.506964e-04	-3.546865e-06	 2.129757e-05	 6.391263e-06	 9.418179e-06
 9.549926e+01	 7.625980e-02	 3.095758e-04	 1.074400e-02	 8.147762e-05	-1.308300e-03	 1.612350e-05	 1.705348e-01	 7.133769e-04	 1.173366e-01	 4.696158e-04	-2.328182e-03	 1.557985e-05	-3.283062e-04	 2.638791e-04	-1.853729e-05	 2.011854e-05	 4.492359e-06	 8.996644e-06
 1.096478e+02	 7.914558e-02	 3.556158e-04	 1.085641e-02	 8.712177e-05	-1.481990e-03	 1.622280e-05	 1.766668e-01	 7.179219e-04	 1.213412e-01	 5.000962e-04	-2.436958e-03	 1.554365e-05	 8.145289e-05	 2.855174e-04	 1.170924e-05	 1.983309e-05	 4.154461e-06	 8.110701e-06
 1.258925e+02	 8.148696e-02	 3.503949e-04	 1.120627e-02	 8.641558e-05	-1.651141e-03	 1.562219e-05	 1.823507e-01	 8.155578e-04	 1.251829e-01	 5.479912e-04	-2.525054e-03	 1.522009e-05	 9.309562e-05	 2.964209e-04	-2.488108e-05	 1.937218e-05	-3.395970e-06	 7.513982e-06
 1.445440e+02	 8.466661e-02	 3.719665e-04	 1.137939e-02	 9.588826e-05	-1.742458e-03	 1.540942e-05	 1.891389e-01	 8.094476e-04	 1.290912e-01	 5.597987e-04	-2.594426e-03	 1.447519e-05	-6.593136e-04	 3.163653e-04	-1.754670e-05	 1.845584e-05	-1.097687e-06	 6.923218e-06
 1.659587e+02	 8.719147e-02	 4.068024e-04	 1.160150e-02	 9.270984e-05	-1.856996e-03	 1.454877e-05	 1.948882e-01	 8.379577e-04	 1.320833e-01	 6.158962e-04	-2.625943e-03	 1.422998e-05	-1.513239e-04	 3.239448e-04	-1.587644e-05	 1.820218e-05	 8.150871e-06	 6.364798e-06
 1.905461e+02	 8.875887e-02	 4.610557e-04	 1.166566e-02	 1.001907e-04	-1.921462e-03	 1.424082e-05	 1.998155e-01	 8.861853e-04	 1.356959e-01	 6.376585e-04	-2.639206e-03	 1.404368e-05	-6.403398e-04	 3.398319e-04	 1.077241e-05	 1.673668e-05	 6.844614e-07	 5.870388e-06
 2.187762e+02	 9.293864e-02	 4.374783e-04	 1.157338e-02	 1.012909e-04	-1.980525e-03	 1.399326e-05	 2.014984e-01	 9.363028e-04	 1.370445e-01	 6.531854e-04	-2.630027e-03	 1.328422e-05	 6.206852e-04	 3.620347e-04	-6.173457e-06	 1.610328e-05	-8.763512e-07	 5.363589e-06
 2.511886e+02	 9.410515e-02	 4.601571e-04	 1.194548e-02	 1.071695e-04	-2.018587e-03	 1.304765e-05	 2.097776e-01	 1.006760e-03	 1.412829e-01	 7.287645e-04	-2.610079e-03	 1.306766e-05	-3.600770e-05	 3.721786e-04	 2.112999e-05	 1.499590e-05	 1.941533e-06	 4.931219e-06
 2.884032e+02	 9.581674e-02	 4.824014e-04	 1.209840e-02	 1.046350e-04	-2.026019e-03	 1.291161e-05	 2.114598e-01	 1.050228e-03	 1.451406e-01	 7.147848e-04	-2.601375e-03	 1.261811e-05	 9.126011e-05	 3.979808e-04	 2.435089e-05	 1.425981e-05	-1.901458e-07	 4.700979e-06
 3.311311e+02	 9.798484e-02	 5.174388e-04	 1.216952e-02	 1.082259e-04	-2.034395e-03	 1.239072e-05	 2.189456e-01	 1.139394e-03	 1.451277e-01	 7.445242e-04	-2.567722e-03	 1.191710e-05	 2.540208e-04	 4.038447e-04	-1.277282e-05	 1.372930e-05	 1.046360e-05	 4.609937e-06
 3.801894e+02	 9.962977e-02	 5.362313e-04	 1.224962e-02	 1.114210e-04	-2.029408e-03	 1.213329e-05	 2.185105e-01	 1.177365e-03	 1.467156e-01	 7.757186e-04	-2.492178e-03	 1.111687e-05	 4.434986e-04	 4.201530e-04	-2.835854e-05	 1.329072e-05	-1.574536e-06	 3.738531e-06
 4.365158e+02	 9.987897e-02	 5.510421e-04	 1.223460e-02	 1.202555e-04	-2.026183e-03	 1.149450e-05	 2.227875e-01	 1.220382e-03	 1.510715e-01	 8.532908e-04	-2.417790e-03	 1.059262e-05	 3.005801e-04	 4.358718e-04	-6.487241e-08	 1.207911e-05	-6.290945e-06	 3.391762e-06
 5.011872e+02	 1.026720e-01	 5.897407e-04	 1.247924e-02	 1.244449e-04	-1.971654e-03	 1.064082e-05	 2.277407e-01	 1.223782e-03	 1.525067e-01	 8.385728e-04	-2.339039e-03	 1.040950e-05	-4.412579e-04	 4.576396e-04	-4.890319e-06	 1.188033e-05	-1.342820e-06	 3.250832e-06
 5.754399e+02	 1.042111e-01	 6.208996e-04	 1.260119e-02	 1.388054e-04	-1.914100e-03	 9.974491e-06	 2.293122e-01	 1.350996e-03	 1.525605e-01	 9.193156e-04	-2.261891e-03	 9.551148e-06	 4.279660e-04	 4.661922e-04	-6.738439e-07	 1.079247e-05	-1.808576e-06	 2.904439e-06
 6.606934e+02	 1.057070e-01	 6.440596e-04	 1.267848e-02	 1.229803e-04	-1.883081e-03	 9.327501e-06	 2.325432e-01	 1.451255e-03	 1.563771e-01	 9.491661e-04	-2.193006e-03	 9.219980e-06	-1.321822e-03	 4.822040e-04	-9.237658e-06	 1.035049e-05	-2.506499e-06	 2.929696e-06
 7.585776e+02	 1.062305e-01	 6.421742e-04	 1.269982e-02	 1.355908e-04	-1.814883e-03	 8.804298e-06	 2.361277e-01	 1.370080e-03	 1.564339e-01	 9.683477e-04	-2.090234e-03	 8.562035e-06	-1.745280e-04	 4.979401e-04	-1.078941e-06	 9.805740e-06	-2.962100e-06	 2.486098e-06
 8.709636e+02	 1.064435e-01	 6.858226e-04	 1.274886e-02	 1.435193e-04	-1.765121e-03	 8.555831e-06	 2.372411e-01	 1.470291e-03	 1.563708e-01	 9.660089e-04	-2.011152e-03	 8.264149e-06	-4.056831e-04	 5.131884e-04	 4.061253e-06	 8.956336e-06	-2.538364e-07	 2.237082e-06
 1.000000e+03	 1.071600e-01	 7.181623e-04	 1.282086e-02	 1.383782e-04	-1.681864e-03	 7.985973e-06	 2.424956e-01	 1.496429e-03	 1.605006e-01	 9.957994e-04	-1.921154e-03	 7.739160e-06	 1.124703e-04	 5.430469e-04	-6.796864e-07	 8.356083e-06	-6.064716e-08	 2.334948e-06
