1.000000e-03	1.000000e+00	-1.398825e-10	-7.651772e-06
1.500000e-03	1.000000e+00	-3.637928e-10	-1.324159e-05
2.000000e-03	1.000000e+00	-7.149919e-10	-1.949568e-05
2.500000e-03	1.000000e+00	-1.205658e-09	-2.627997e-05
3.000000e-03	1.000000e+00	-1.845591e-09	-3.350822e-05
3.500000e-03	1.000000e+00	-2.642978e-09	-4.111953e-05
4.000000e-03	1.000000e+00	-3.604827e-09	-4.906822e-05
4.500000e-03	1.000000e+00	-4.737241e-09	-5.731860e-05
5.000000e-03	1.000000e+00	-6.045601e-09	-6.584188e-05
5.500000e-03	1.000000e+00	-7.534697e-09	-7.461433e-05
6.000000e-03	1.000000e+00	-9.208827e-09	-8.361595e-05
6.500000e-03	1.000000e+00	-1.107187e-08	-9.282966e-05
7.000000e-03	1.000000e+00	-1.312733e-08	-1.022407e-04
7.500000e-03	1.000000e+00	-1.537842e-08	-1.118361e-04
8.000000e-03	1.000000e+00	-1.782806e-08	-1.216044e-04
8.500000e-03	1.000000e+00	-2.047892e-08	-1.315355e-04
9.000000e-03	1.000000e+00	-2.333346e-08	-1.416203e-04
1.000000e-02	1.000000e+00	-2.966241e-08	-1.622187e-04
1.500000e-02	1.000000e+00	-7.414289e-08	-2.722274e-04
2.000000e-02	1.000000e+00	-1.408073e-07	-3.909766e-04
2.500000e-02	1.000000e+00	-2.301756e-07	-5.159277e-04
3.000000e-02	1.000000e+00	-3.423241e-07	-6.455040e-04
3.500000e-02	1.000000e+00	-4.770523e-07	-7.786266e-04
4.000000e-02	1.000000e+00	-6.339763e-07	-9.145102e-04
4.500000e-02	1.000000e+00	-8.125870e-07	-1.052556e-03
5.000000e-02	1.000000e+00	-1.012289e-06	-1.192294e-03
5.500000e-02	1.000000e+00	-1.232424e-06	-1.333346e-03
6.000000e-02	1.000000e+00	-1.472298e-06	-1.475401e-03
6.500000e-02	1.000000e+00	-1.731184e-06	-1.618199e-03
7.000000e-02	1.000000e+00	-2.008342e-06	-1.761521e-03
7.500000e-02	1.000000e+00	-2.303026e-06	-1.905180e-03
8.000000e-02	1.000000e+00	-2.614483e-06	-2.049014e-03
8.500000e-02	1.000000e+00	-2.941966e-06	-2.192882e-03
9.000000e-02	1.000000e+00	-3.284737e-06	-2.336661e-03
1.000000e-01	1.000000e+00	-4.013226e-06	-2.623534e-03
1.500000e-01	1.000000e+00	-8.339074e-06	-4.025442e-03
2.000000e-01	1.000000e+00	-1.338204e-05	-5.343140e-03
2.500000e-01	1.000000e+00	-1.870176e-05	-6.558031e-03
3.000000e-01	1.000000e+00	-2.399908e-05	-7.665111e-03
3.500000e-01	1.000000e+00	-2.907972e-05	-8.665612e-03
4.000000e-01	1.000000e+00	-3.382394e-05	-9.563814e-03
4.500000e-01	1.000000e+00	-3.816386e-05	-1.036546e-02
5.000000e-01	1.000000e+00	-4.206700e-05	-1.107688e-02
5.500000e-01	1.000000e+00	-4.552465e-05	-1.170457e-02
6.000000e-01	1.000000e+00	-4.854366e-05	-1.225484e-02
6.500000e-01	1.000000e+00	-5.114079e-05	-1.273374e-02
7.000000e-01	1.000000e+00	-5.333870e-05	-1.314687e-02
7.500000e-01	1.000000e+00	-5.516328e-05	-1.349969e-02
8.000000e-01	1.000000e+00	-5.664181e-05	-1.379702e-02
8.500000e-01	1.000000e+00	-5.780255e-05	-1.404336e-02
9.000000e-01	1.000000e+00	-5.867062e-05	-1.424284e-02
1.000000e+00	1.000000e+00	-5.963237e-05	-1.451609e-02
1.500000e+00	1.000000e+00	-5.411344e-05	-1.408969e-02
2.000000e+00	1.000000e+00	-4.044454e-05	-1.195928e-02
2.500000e+00	1.000000e+00	-2.459671e-05	-9.066203e-03
3.000000e+00	1.000000e+00	-8.777529e-06	-5.852824e-03
3.500000e+00	1.000000e+00	6.225659e-06	-2.540387e-03
4.000000e+00	1.000000e+00	2.017212e-05	7.565498e-04
4.500000e+00	1.000000e+00	3.304248e-05	3.978004e-03
5.000000e+00	1.000000e+00	4.488935e-05	7.093504e-03
5.500000e+00	1.000000e+00	5.580798e-05	1.008887e-02
6.000000e+00	1.000000e+00	6.588583e-05	1.295973e-02
6.500000e+00	1.000000e+00	7.520992e-05	1.570537e-02
7.000000e+00	1.000000e+00	8.385911e-05	1.833148e-02
7.500000e+00	1.000000e+00	9.190352e-05	2.083708e-02
8.000000e+00	1.000000e+00	9.940483e-05	2.323421e-02
8.500000e+00	1.000000e+00	1.064172e-04	2.552659e-02
9.000000e+00	1.000000e+00	1.129885e-04	2.772024e-02
1.000000e+01	1.000000e+00	1.249689e-04	3.183457e-02
1.500000e+01	1.000000e+00	1.687038e-04	4.817667e-02
2.000000e+01	1.000000e+00	1.966674e-04	5.982832e-02
2.500000e+01	1.000000e+00	2.162812e-04	6.865522e-02
3.000000e+01	1.000000e+00	2.308923e-04	7.563677e-02
3.500000e+01	1.000000e+00	2.422478e-04	8.133630e-02
4.000000e+01	1.000000e+00	2.513553e-04	8.610261e-02
4.500000e+01	1.000000e+00	2.588205e-04	9.016470e-02
5.000000e+01	1.000000e+00	2.650958e-04	9.367994e-02
5.500000e+01	1.000000e+00	2.704355e-04	9.676026e-02
6.000000e+01	1.000000e+00	2.750434e-04	9.948809e-02
6.500000e+01	1.000000e+00	2.790621e-04	1.019255e-01
7.000000e+01	1.000000e+00	2.825974e-04	1.041203e-01
7.500000e+01	1.000000e+00	2.857443e-04	1.061097e-01
8.000000e+01	1.000000e+00	2.885582e-04	1.079298e-01
8.500000e+01	1.000000e+00	2.910922e-04	1.095926e-01
9.000000e+01	1.000000e+00	2.933837e-04	1.111239e-01
1.000000e+02	1.000000e+00	2.973799e-04	1.138540e-01
1.500000e+02	1.000000e+00	3.102524e-04	1.232709e-01
2.000000e+02	1.000000e+00	3.172753e-04	1.289572e-01
2.500000e+02	1.000000e+00	3.217585e-04	1.328438e-01
3.000000e+02	1.000000e+00	3.248805e-04	1.357046e-01
3.500000e+02	1.000000e+00	3.271874e-04	1.379165e-01
4.000000e+02	1.000000e+00	3.289645e-04	1.396890e-01
4.500000e+02	1.000000e+00	3.303801e-04	1.411479e-01
5.000000e+02	1.000000e+00	3.315358e-04	1.423737e-01
5.500000e+02	1.000000e+00	3.325000e-04	1.434212e-01
6.000000e+02	1.000000e+00	3.333148e-04	1.443292e-01
6.500000e+02	1.000000e+00	3.340138e-04	1.451194e-01
7.000000e+02	1.000000e+00	3.346202e-04	1.458238e-01
7.500000e+02	1.000000e+00	3.351520e-04	1.464526e-01
8.000000e+02	1.000000e+00	3.356219e-04	1.470180e-01
8.500000e+02	1.000000e+00	3.360406e-04	1.475297e-01
9.000000e+02	1.000000e+00	3.364160e-04	1.479953e-01
1.000000e+03	1.000000e+00	3.370623e-04	1.488128e-01
1.000000e-03	1.000000e+01	-9.604365e-10	-6.338952e-06
1.500000e-03	1.000000e+01	-2.498131e-09	-1.096920e-05
2.000000e-03	1.000000e+01	-4.910410e-09	-1.614924e-05
2.500000e-03	1.000000e+01	-8.281260e-09	-2.176797e-05
3.000000e-03	1.000000e+01	-1.267837e-08	-2.775389e-05
3.500000e-03	1.000000e+01	-1.815838e-08	-3.405650e-05
4.000000e-03	1.000000e+01	-2.476985e-08	-4.063793e-05
4.500000e-03	1.000000e+01	-3.255517e-08	-4.746858e-05
5.000000e-03	1.000000e+01	-4.155176e-08	-5.452460e-05
5.500000e-03	1.000000e+01	-5.179302e-08	-6.178629e-05
6.000000e-03	1.000000e+01	-6.330895e-08	-6.923707e-05
6.500000e-03	1.000000e+01	-7.612669e-08	-7.686277e-05
7.000000e-03	1.000000e+01	-9.027091e-08	-8.465115e-05
7.500000e-03	1.000000e+01	-1.057641e-07	-9.259145e-05
8.000000e-03	1.000000e+01	-1.226269e-07	-1.006742e-04
8.500000e-03	1.000000e+01	-1.408783e-07	-1.088910e-04
9.000000e-03	1.000000e+01	-1.605355e-07	-1.172343e-04
1.000000e-02	1.000000e+01	-2.041308e-07	-1.342736e-04
1.500000e-02	1.000000e+01	-5.108805e-07	-2.252310e-04
2.000000e-02	1.000000e+01	-9.714435e-07	-3.233417e-04
2.500000e-02	1.000000e+01	-1.589972e-06	-4.265031e-04
3.000000e-02	1.000000e+01	-2.367557e-06	-5.334117e-04
3.500000e-02	1.000000e+01	-3.303366e-06	-6.431771e-04
4.000000e-02	1.000000e+01	-4.395279e-06	-7.551532e-04
4.500000e-02	1.000000e+01	-5.640288e-06	-8.688488e-04
5.000000e-02	1.000000e+01	-7.034750e-06	-9.838794e-04
5.500000e-02	1.000000e+01	-8.574580e-06	-1.099937e-03
6.000000e-02	1.000000e+01	-1.025537e-05	-1.216768e-03
6.500000e-02	1.000000e+01	-1.207251e-05	-1.334163e-03
7.000000e-02	1.000000e+01	-1.402124e-05	-1.451946e-03
7.500000e-02	1.000000e+01	-1.609669e-05	-1.569966e-03
8.000000e-02	1.000000e+01	-1.829398e-05	-1.688095e-03
8.500000e-02	1.000000e+01	-2.060821e-05	-1.806219e-03
9.000000e-02	1.000000e+01	-2.303450e-05	-1.924242e-03
1.000000e-01	1.000000e+01	-2.820394e-05	-2.159653e-03
1.500000e-01	1.000000e+01	-5.920672e-05	-3.309422e-03
2.000000e-01	1.000000e+01	-9.590157e-05	-4.390746e-03
2.500000e-01	1.000000e+01	-1.351737e-04	-5.389866e-03
3.000000e-01	1.000000e+01	-1.748253e-04	-6.303358e-03
3.500000e-01	1.000000e+01	-2.133659e-04	-7.132387e-03
4.000000e-01	1.000000e+01	-2.498262e-04	-7.880308e-03
4.500000e-01	1.000000e+01	-2.836110e-04	-8.551509e-03
5.000000e-01	1.000000e+01	-3.143900e-04	-9.150798e-03
5.500000e-01	1.000000e+01	-3.420175e-04	-9.683064e-03
6.000000e-01	1.000000e+01	-3.664741e-04	-1.015303e-02
6.500000e-01	1.000000e+01	-3.878252e-04	-1.056542e-02
7.000000e-01	1.000000e+01	-4.061910e-04	-1.092448e-02
7.500000e-01	1.000000e+01	-4.217260e-04	-1.123427e-02
8.000000e-01	1.000000e+01	-4.346028e-04	-1.149852e-02
8.500000e-01	1.000000e+01	-4.450096e-04	-1.172072e-02
9.000000e-01	1.000000e+01	-4.531162e-04	-1.190408e-02
1.000000e+00	1.000000e+01	-4.631594e-04	-1.216585e-02
1.500000e+00	1.000000e+01	-4.281442e-04	-1.194804e-02
2.000000e+00	1.000000e+01	-3.218220e-04	-1.022884e-02
2.500000e+00	1.000000e+01	-1.935367e-04	-7.798097e-03
3.000000e+00	1.000000e+01	-6.282501e-05	-5.042514e-03
3.500000e+00	1.000000e+01	6.278799e-05	-2.162749e-03
4.000000e+00	1.000000e+01	1.806662e-04	7.330791e-04
4.500000e+00	1.000000e+01	2.901947e-04	3.585681e-03
5.000000e+00	1.000000e+01	3.916054e-04	6.362908e-03
5.500000e+00	1.000000e+01	4.854953e-04	9.048132e-03
6.000000e+00	1.000000e+01	5.724943e-04	1.163370e-02
6.500000e+00	1.000000e+01	6.532549e-04	1.411739e-02
7.000000e+00	1.000000e+01	7.283902e-04	1.650015e-02
7.500000e+00	1.000000e+01	7.984551e-04	1.878472e-02
8.000000e+00	1.000000e+01	8.639427e-04	2.097487e-02
8.500000e+00	1.000000e+01	9.252914e-04	2.307494e-02
9.000000e+00	1.000000e+01	9.828890e-04	2.508944e-02
1.000000e+01	1.000000e+01	1.088170e-03	2.887994e-02
1.500000e+01	1.000000e+01	1.475289e-03	4.407389e-02
2.000000e+01	1.000000e+01	1.725002e-03	5.502214e-02
2.500000e+01	1.000000e+01	1.901131e-03	6.337104e-02
3.000000e+01	1.000000e+01	2.032851e-03	7.000489e-02
3.500000e+01	1.000000e+01	2.135521e-03	7.543910e-02
4.000000e+01	1.000000e+01	2.218140e-03	7.999582e-02
4.500000e+01	1.000000e+01	2.286101e-03	8.388768e-02
5.000000e+01	1.000000e+01	2.342886e-03	8.726141e-02
5.500000e+01	1.000000e+01	2.391528e-03	9.022270e-02
6.000000e+01	1.000000e+01	2.433507e-03	9.284847e-02
6.500000e+01	1.000000e+01	2.470180e-03	9.519736e-02
7.000000e+01	1.000000e+01	2.502504e-03	9.731451e-02
7.500000e+01	1.000000e+01	2.531208e-03	9.923553e-02
8.000000e+01	1.000000e+01	2.556927e-03	1.009886e-01
8.500000e+01	1.000000e+01	2.580116e-03	1.025991e-01
9.000000e+01	1.000000e+01	2.601107e-03	1.040838e-01
1.000000e+02	1.000000e+01	2.637715e-03	1.067226e-01
1.500000e+02	1.000000e+01	2.755686e-03	1.158736e-01
2.000000e+02	1.000000e+01	2.820429e-03	1.214134e-01
2.500000e+02	1.000000e+01	2.861708e-03	1.252076e-01
3.000000e+02	1.000000e+01	2.890479e-03	1.280041e-01
3.500000e+02	1.000000e+01	2.911751e-03	1.301690e-01
4.000000e+02	1.000000e+01	2.928160e-03	1.319051e-01
4.500000e+02	1.000000e+01	2.941229e-03	1.333348e-01
5.000000e+02	1.000000e+01	2.951895e-03	1.345373e-01
5.500000e+02	1.000000e+01	2.960774e-03	1.355653e-01
6.000000e+02	1.000000e+01	2.968297e-03	1.364564e-01
6.500000e+02	1.000000e+01	2.974756e-03	1.372379e-01
7.000000e+02	1.000000e+01	2.980364e-03	1.379299e-01
7.500000e+02	1.000000e+01	2.985277e-03	1.385398e-01
8.000000e+02	1.000000e+01	2.989622e-03	1.390958e-01
8.500000e+02	1.000000e+01	2.993492e-03	1.395990e-01
9.000000e+02	1.000000e+01	2.996964e-03	1.400571e-01
1.000000e+03	1.000000e+01	3.002938e-03	1.408614e-01
1.000000e-03	1.000000e+02	-7.413814e-10	-1.759942e-06
1.500000e-03	1.000000e+02	-1.929547e-09	-3.045344e-06
2.000000e-03	1.000000e+02	-3.795118e-09	-4.483265e-06
2.500000e-03	1.000000e+02	-6.404293e-09	-6.042840e-06
3.000000e-03	1.000000e+02	-9.810820e-09	-7.704207e-06
3.500000e-03	1.000000e+02	-1.406002e-08	-9.453337e-06
4.000000e-03	1.000000e+02	-1.919108e-08	-1.127971e-05
4.500000e-03	1.000000e+02	-2.523846e-08	-1.317510e-05
5.000000e-03	1.000000e+02	-3.223287e-08	-1.513288e-05
5.500000e-03	1.000000e+02	-4.020198e-08	-1.714758e-05
6.000000e-03	1.000000e+02	-4.917086e-08	-1.921459e-05
6.500000e-03	1.000000e+02	-5.916243e-08	-2.132997e-05
7.000000e-03	1.000000e+02	-7.019774e-08	-2.349033e-05
7.500000e-03	1.000000e+02	-8.229620e-08	-2.569267e-05
8.000000e-03	1.000000e+02	-9.547578e-08	-2.793437e-05
8.500000e-03	1.000000e+02	-1.097532e-07	-3.021308e-05
9.000000e-03	1.000000e+02	-1.251440e-07	-3.252670e-05
1.000000e-02	1.000000e+02	-1.593229e-07	-3.725128e-05
1.500000e-02	1.000000e+02	-4.011751e-07	-6.246165e-05
2.000000e-02	1.000000e+02	-7.674696e-07	-8.963862e-05
2.500000e-02	1.000000e+02	-1.263704e-06	-1.181999e-04
3.000000e-02	1.000000e+02	-1.893005e-06	-1.477855e-04
3.500000e-02	1.000000e+02	-2.656967e-06	-1.781506e-04
4.000000e-02	1.000000e+02	-3.556127e-06	-2.091182e-04
4.500000e-02	1.000000e+02	-4.590247e-06	-2.405546e-04
5.000000e-02	1.000000e+02	-5.758626e-06	-2.723555e-04
5.500000e-02	1.000000e+02	-7.059809e-06	-3.044377e-04
6.000000e-02	1.000000e+02	-8.492284e-06	-3.367339e-04
6.500000e-02	1.000000e+02	-1.005418e-05	-3.691880e-04
7.000000e-02	1.000000e+02	-1.174342e-05	-4.017536e-04
7.500000e-02	1.000000e+02	-1.355775e-05	-4.343912e-04
8.000000e-02	1.000000e+02	-1.549477e-05	-4.670671e-04
8.500000e-02	1.000000e+02	-1.755201e-05	-4.997526e-04
9.000000e-02	1.000000e+02	-1.972689e-05	-5.324225e-04
1.000000e-01	1.000000e+02	-2.441900e-05	-5.976320e-04
1.500000e-01	1.000000e+02	-5.401851e-05	-9.174567e-04
2.000000e-01	1.000000e+02	-9.189297e-05	-1.221426e-03
2.500000e-01	1.000000e+02	-1.356082e-04	-1.506421e-03
3.000000e-01	1.000000e+02	-1.831041e-04	-1.771714e-03
3.500000e-01	1.000000e+02	-2.326926e-04	-2.017536e-03
4.000000e-01	1.000000e+02	-2.830170e-04	-2.244572e-03
4.500000e-01	1.000000e+02	-3.330038e-04	-2.453653e-03
5.000000e-01	1.000000e+02	-3.818158e-04	-2.645683e-03
5.500000e-01	1.000000e+02	-4.288108e-04	-2.821576e-03
6.000000e-01	1.000000e+02	-4.735061e-04	-2.982224e-03
6.500000e-01	1.000000e+02	-5.155486e-04	-3.128484e-03
7.000000e-01	1.000000e+02	-5.546901e-04	-3.261165e-03
7.500000e-01	1.000000e+02	-5.907667e-04	-3.381033e-03
8.000000e-01	1.000000e+02	-6.236819e-04	-3.488804e-03
8.500000e-01	1.000000e+02	-6.533927e-04	-3.585150e-03
9.000000e-01	1.000000e+02	-6.798984e-04	-3.670709e-03
1.000000e+00	1.000000e+02	-7.234499e-04	-3.811880e-03
1.500000e+00	1.000000e+02	-7.758648e-04	-4.037054e-03
2.000000e+00	1.000000e+02	-6.324405e-04	-3.706911e-03
2.500000e+00	1.000000e+02	-3.815779e-04	-3.035162e-03
3.000000e+00	1.000000e+02	-7.803619e-05	-2.149093e-03
3.500000e+00	1.000000e+02	2.470249e-04	-1.128558e-03
4.000000e+00	1.000000e+02	5.763553e-04	-2.549940e-05
4.500000e+00	1.000000e+02	9.005893e-04	1.125371e-03
5.000000e+00	1.000000e+02	1.214819e-03	2.300437e-03
5.500000e+00	1.000000e+02	1.516622e-03	3.483413e-03
6.000000e+00	1.000000e+02	1.805051e-03	4.663028e-03
6.500000e+00	1.000000e+02	2.079946e-03	5.831145e-03
7.000000e+00	1.000000e+02	2.341605e-03	6.983546e-03
7.500000e+00	1.000000e+02	2.590558e-03	8.115169e-03
8.000000e+00	1.000000e+02	2.827458e-03	9.224127e-03
8.500000e+00	1.000000e+02	3.053001e-03	1.030889e-02
9.000000e+00	1.000000e+02	3.267885e-03	1.136858e-02
1.000000e+01	1.000000e+02	3.668352e-03	1.341150e-02
1.500000e+01	1.000000e+02	5.224808e-03	2.219333e-02
2.000000e+01	1.000000e+02	6.298949e-03	2.905402e-02
2.500000e+01	1.000000e+02	7.090570e-03	3.455821e-02
3.000000e+01	1.000000e+02	7.701513e-03	3.908966e-02
3.500000e+01	1.000000e+02	8.189206e-03	4.290149e-02
4.000000e+01	1.000000e+02	8.588707e-03	4.616498e-02
4.500000e+01	1.000000e+02	8.922094e-03	4.899947e-02
5.000000e+01	1.000000e+02	9.205969e-03	5.149171e-02
5.500000e+01	1.000000e+02	9.450586e-03	5.370523e-02
6.000000e+01	1.000000e+02	9.663813e-03	5.568832e-02
6.500000e+01	1.000000e+02	9.851498e-03	5.747832e-02
7.000000e+01	1.000000e+02	1.001810e-02	5.910459e-02
7.500000e+01	1.000000e+02	1.016710e-02	6.059060e-02
8.000000e+01	1.000000e+02	1.030128e-02	6.195540e-02
8.500000e+01	1.000000e+02	1.042274e-02	6.321452e-02
9.000000e+01	1.000000e+02	1.053397e-02	6.438126e-02
1.000000e+02	1.000000e+02	1.072787e-02	6.647730e-02
1.500000e+02	1.000000e+02	1.136211e-02	7.386840e-02
2.000000e+02	1.000000e+02	1.171716e-02	7.845456e-02
2.500000e+02	1.000000e+02	1.194621e-02	8.164378e-02
3.000000e+02	1.000000e+02	1.210702e-02	8.402015e-02
3.500000e+02	1.000000e+02	1.222657e-02	8.587505e-02
4.000000e+02	1.000000e+02	1.231919e-02	8.737245e-02
4.500000e+02	1.000000e+02	1.239318e-02	8.861228e-02
5.000000e+02	1.000000e+02	1.245374e-02	8.965961e-02
5.500000e+02	1.000000e+02	1.250428e-02	9.055855e-02
6.000000e+02	1.000000e+02	1.254716e-02	9.134071e-02
6.500000e+02	1.000000e+02	1.258401e-02	9.202859e-02
7.000000e+02	1.000000e+02	1.261603e-02	9.263928e-02
7.500000e+02	1.000000e+02	1.264414e-02	9.318598e-02
8.000000e+02	1.000000e+02	1.266902e-02	9.367890e-02
8.500000e+02	1.000000e+02	1.269122e-02	9.412599e-02
9.000000e+02	1.000000e+02	1.271115e-02	9.453375e-02
1.000000e+03	1.000000e+02	1.274547e-02	9.525159e-02
1.000000e-03	1.000000e+03	-6.882201e-12	-5.361602e-08
1.500000e-03	1.000000e+03	-1.792203e-11	-9.279685e-08
2.000000e-03	1.000000e+03	-3.526982e-11	-1.366445e-07
2.500000e-03	1.000000e+03	-5.955185e-11	-1.842214e-07
3.000000e-03	1.000000e+03	-9.128001e-11	-2.349245e-07
3.500000e-03	1.000000e+03	-1.308889e-10	-2.883282e-07
4.000000e-03	1.000000e+03	-1.787567e-10	-3.441134e-07
4.500000e-03	1.000000e+03	-2.352189e-10	-4.020310e-07
5.000000e-03	1.000000e+03	-3.005763e-10	-4.618801e-07
5.500000e-03	1.000000e+03	-3.751020e-10	-5.234951e-07
6.000000e-03	1.000000e+03	-4.590459e-10	-5.867366e-07
6.500000e-03	1.000000e+03	-5.526379e-10	-6.514856e-07
7.000000e-03	1.000000e+03	-6.560910e-10	-7.176391e-07
7.500000e-03	1.000000e+03	-7.696035e-10	-7.851070e-07
8.000000e-03	1.000000e+03	-8.933605e-10	-8.538098e-07
8.500000e-03	1.000000e+03	-1.027536e-09	-9.236769e-07
9.000000e-03	1.000000e+03	-1.172293e-09	-9.946448e-07
1.000000e-02	1.000000e+03	-1.494159e-09	-1.139660e-06
1.500000e-02	1.000000e+03	-3.783663e-09	-1.915496e-06
2.000000e-02	1.000000e+03	-7.279404e-09	-2.755506e-06
2.500000e-02	1.000000e+03	-1.205401e-08	-3.642212e-06
3.000000e-02	1.000000e+03	-1.815869e-08	-4.564825e-06
3.500000e-02	1.000000e+03	-2.563120e-08	-5.516025e-06
4.000000e-02	1.000000e+03	-3.449817e-08	-6.490503e-06
4.500000e-02	1.000000e+03	-4.478014e-08	-7.484251e-06
5.000000e-02	1.000000e+03	-5.649172e-08	-8.494144e-06
5.500000e-02	1.000000e+03	-6.964310e-08	-9.517679e-06
6.000000e-02	1.000000e+03	-8.424092e-08	-1.055282e-05
6.500000e-02	1.000000e+03	-1.002889e-07	-1.159787e-05
7.000000e-02	1.000000e+03	-1.177884e-07	-1.265141e-05
7.500000e-02	1.000000e+03	-1.367386e-07	-1.371223e-05
8.000000e-02	1.000000e+03	-1.571372e-07	-1.477929e-05
8.500000e-02	1.000000e+03	-1.789800e-07	-1.585170e-05
9.000000e-02	1.000000e+03	-2.022620e-07	-1.692867e-05
1.000000e-01	1.000000e+03	-2.531172e-07	-1.909363e-05
1.500000e-01	1.000000e+03	-5.908381e-07	-3.001936e-05
2.000000e-01	1.000000e+03	-1.059133e-06	-4.091472e-05
2.500000e-01	1.000000e+03	-1.644839e-06	-5.163789e-05
3.000000e-01	1.000000e+03	-2.334268e-06	-6.212006e-05
3.500000e-01	1.000000e+03	-3.113987e-06	-7.232435e-05
4.000000e-01	1.000000e+03	-3.971145e-06	-8.223085e-05
4.500000e-01	1.000000e+03	-4.893603e-06	-9.182498e-05
5.000000e-01	1.000000e+03	-5.869986e-06	-1.011032e-04
5.500000e-01	1.000000e+03	-6.889673e-06	-1.100615e-04
6.000000e-01	1.000000e+03	-7.942787e-06	-1.186988e-04
6.500000e-01	1.000000e+03	-9.020153e-06	-1.270163e-04
7.000000e-01	1.000000e+03	-1.011326e-05	-1.350157e-04
7.500000e-01	1.000000e+03	-1.121423e-05	-1.426997e-04
8.000000e-01	1.000000e+03	-1.231577e-05	-1.500717e-04
8.500000e-01	1.000000e+03	-1.341112e-05	-1.571353e-04
9.000000e-01	1.000000e+03	-1.449405e-05	-1.638946e-04
1.000000e+00	1.000000e+03	-1.660006e-05	-1.765180e-04
1.500000e+00	1.000000e+03	-2.481409e-05	-2.229623e-04
2.000000e+00	1.000000e+03	-2.719652e-05	-2.451082e-04
2.500000e+00	1.000000e+03	-2.252469e-05	-2.472666e-04
3.000000e+00	1.000000e+03	-1.063622e-05	-2.330396e-04
3.500000e+00	1.000000e+03	8.100830e-06	-2.052470e-04
4.000000e+00	1.000000e+03	3.307046e-05	-1.662126e-04
4.500000e+00	1.000000e+03	6.356228e-05	-1.177790e-04
5.000000e+00	1.000000e+03	9.885493e-05	-6.143109e-05
5.500000e+00	1.000000e+03	1.382594e-04	1.624459e-06
6.000000e+00	1.000000e+03	1.811409e-04	7.040333e-05
6.500000e+00	1.000000e+03	2.269272e-04	1.440874e-04
7.000000e+00	1.000000e+03	2.751101e-04	2.220028e-04
7.500000e+00	1.000000e+03	3.252436e-04	3.035611e-04
8.000000e+00	1.000000e+03	3.769388e-04	3.882853e-04
8.500000e+00	1.000000e+03	4.298570e-04	4.757598e-04
9.000000e+00	1.000000e+03	4.837064e-04	5.656259e-04
1.000000e+01	1.000000e+03	5.932291e-04	7.514003e-04
1.500000e+01	1.000000e+03	1.139065e-03	1.746872e-03
2.000000e+01	1.000000e+03	1.636201e-03	2.770277e-03
2.500000e+01	1.000000e+03	2.071992e-03	3.767348e-03
3.000000e+01	1.000000e+03	2.452560e-03	4.716749e-03
3.500000e+01	1.000000e+03	2.786721e-03	5.611055e-03
4.000000e+01	1.000000e+03	3.082397e-03	6.449675e-03
4.500000e+01	1.000000e+03	3.346061e-03	7.234809e-03
5.000000e+01	1.000000e+03	3.582889e-03	7.969905e-03
5.500000e+01	1.000000e+03	3.797004e-03	8.658805e-03
6.000000e+01	1.000000e+03	3.991707e-03	9.305282e-03
6.500000e+01	1.000000e+03	4.169674e-03	9.913089e-03
7.000000e+01	1.000000e+03	4.333106e-03	1.048507e-02
7.500000e+01	1.000000e+03	4.483816e-03	1.102520e-02
8.000000e+01	1.000000e+03	4.623317e-03	1.153647e-02
8.500000e+01	1.000000e+03	4.752880e-03	1.201982e-02
9.000000e+01	1.000000e+03	4.873586e-03	1.247845e-02
1.000000e+02	1.000000e+03	5.092001e-03	1.332898e-02
1.500000e+02	1.000000e+03	5.872949e-03	1.660550e-02
2.000000e+02	1.000000e+03	6.359693e-03	1.886401e-02
2.500000e+02	1.000000e+03	6.695310e-03	2.054119e-02
3.000000e+02	1.000000e+03	6.942113e-03	2.184932e-02
3.500000e+02	1.000000e+03	7.131952e-03	2.290766e-02
4.000000e+02	1.000000e+03	7.282911e-03	2.378523e-02
4.500000e+02	1.000000e+03	7.406063e-03	2.452838e-02
5.000000e+02	1.000000e+03	7.508602e-03	2.516786e-02
5.500000e+02	1.000000e+03	7.595410e-03	2.572575e-02
6.000000e+02	1.000000e+03	7.669929e-03	2.621806e-02
6.500000e+02	1.000000e+03	7.734651e-03	2.665607e-02
7.000000e+02	1.000000e+03	7.791417e-03	2.704935e-02
7.500000e+02	1.000000e+03	7.841645e-03	2.740498e-02
8.000000e+02	1.000000e+03	7.886435e-03	2.772853e-02
8.500000e+02	1.000000e+03	7.926636e-03	2.802416e-02
9.000000e+02	1.000000e+03	7.962931e-03	2.829586e-02
1.000000e+03	1.000000e+03	8.025922e-03	2.877857e-02
