 0.000000e+00  1.600000e-01 -8.298892e-06
 1.600000e-01  3.200000e-01 -7.789666e-05
 3.200000e-01  4.800000e-01 -2.027274e-04
 4.800000e-01  6.400000e-01 -2.405373e-04
 6.400000e-01  8.000000e-01 -3.082368e-04
 8.000000e-01  9.600000e-01 -1.619161e-04
 9.600000e-01  1.120000e+00  1.504243e-04
 1.120000e+00  1.280000e+00  5.053080e-04
 1.280000e+00  1.440000e+00  9.845577e-04
 1.440000e+00  1.600000e+00  1.470883e-03
 1.600000e+00  1.760000e+00  1.487449e-03
 1.760000e+00  1.920000e+00  1.621770e-03
 1.920000e+00  2.080000e+00  1.435102e-03
 2.080000e+00  2.240000e+00  1.947974e-03
 2.240000e+00  2.400000e+00  1.856604e-03
 2.400000e+00  2.560000e+00  1.678164e-03
 2.560000e+00  2.720000e+00  1.409653e-03
 2.720000e+00  2.880000e+00  1.421932e-03
 2.880000e+00  3.040000e+00  1.401173e-03
 3.040000e+00  3.200000e+00  9.736799e-04
 3.200000e+00  3.360000e+00  1.052705e-03
 3.360000e+00  3.520000e+00  8.089403e-04
 3.520000e+00  3.680000e+00  8.356040e-04
 3.680000e+00  3.840000e+00  6.871621e-04
 3.840000e+00  4.000000e+00  6.208374e-04
 4.000000e+00  4.160000e+00  6.139387e-04
 4.160000e+00  4.320000e+00  4.602006e-04
 4.320000e+00  4.480000e+00  3.492271e-04
 4.480000e+00  4.640000e+00  4.907179e-04
 4.640000e+00  4.800000e+00  3.824937e-04
 4.800000e+00  4.960000e+00  3.039030e-04
 4.960000e+00  5.120000e+00  2.441814e-04
 5.120000e+00  5.280000e+00  3.039502e-04
 5.280000e+00  5.440000e+00  2.239491e-04
 5.440000e+00  5.600000e+00  2.186514e-04
 5.600000e+00  5.760000e+00  1.994449e-04
 5.760000e+00  5.920000e+00  1.919678e-04
 5.920000e+00  6.080000e+00  1.243027e-04
 6.080000e+00  6.240000e+00  1.252776e-04
 6.240000e+00  6.400000e+00  1.345127e-04
 6.400000e+00  6.560000e+00  1.217019e-04
 6.560000e+00  6.720000e+00  9.399255e-05
 6.720000e+00  6.880000e+00  8.964486e-05
 6.880000e+00  7.040000e+00  9.227417e-05
 7.040000e+00  7.200000e+00  7.416136e-05
 7.200000e+00  7.360000e+00  7.335013e-05
 7.360000e+00  7.520000e+00  6.765839e-05
 7.520000e+00  7.680000e+00  5.970640e-05
 7.680000e+00  7.840000e+00  5.634372e-05
 7.840000e+00  8.000000e+00  5.804245e-05
