 1.000000e-03	 1.480963e-02	 1.217772e-07	 1.061855e-05	 2.033269e-10	 1.478942e-02	 1.224224e-07	 4.151317e-02	 3.414101e-07	 2.672375e-02	 2.189787e-07	 1.478942e-02	 1.224224e-07	-7.293895e-09	 2.102105e-08	 7.292946e-09	 2.101972e-08	 0.000000e+00	 0.000000e+00
 1.148154e-03	 1.560472e-02	 1.289425e-07	 1.285837e-05	 2.460068e-10	 1.558024e-02	 1.297021e-07	 4.373752e-02	 3.614701e-07	 2.815726e-02	 2.320469e-07	 1.558024e-02	 1.297021e-07	-5.238026e-09	 2.383122e-08	 5.237143e-09	 2.382948e-08	 0.000000e+00	 0.000000e+00
 1.318257e-03	 1.643789e-02	 1.364278e-07	 1.556621e-05	 2.975536e-10	 1.640826e-02	 1.373614e-07	 4.606746e-02	 3.824230e-07	 2.965919e-02	 2.450656e-07	 1.640826e-02	 1.373614e-07	-6.124948e-09	 2.693633e-08	 6.123779e-09	 2.693407e-08	 0.000000e+00	 0.000000e+00
 1.513561e-03	 1.731068e-02	 1.438714e-07	 1.883868e-05	 3.597846e-10	 1.727482e-02	 1.450278e-07	 4.850707e-02	 4.032528e-07	 3.123223e-02	 2.582327e-07	 1.727482e-02	 1.450278e-07	-8.522233e-09	 3.045104e-08	 8.520620e-09	 3.044806e-08	 0.000000e+00	 0.000000e+00
 1.737801e-03	 1.822436e-02	 1.518033e-07	 2.279198e-05	 4.348829e-10	 1.818097e-02	 1.532061e-07	 5.105957e-02	 4.254402e-07	 3.287858e-02	 2.722444e-07	 1.818097e-02	 1.532061e-07	-1.357495e-08	 3.458466e-08	 1.357226e-08	 3.458079e-08	 0.000000e+00	 0.000000e+00
 1.995262e-03	 1.918033e-02	 1.172217e-07	 2.756581e-05	 5.254678e-10	 1.912784e-02	 1.187216e-07	 5.372853e-02	 3.284887e-07	 3.460067e-02	 2.099606e-07	 1.912784e-02	 1.187216e-07	-1.848358e-08	 3.939128e-08	 1.847926e-08	 3.938616e-08	 0.000000e+00	 0.000000e+00
 2.290868e-03	 2.018014e-02	 1.260695e-07	 3.332798e-05	 6.346816e-10	 2.011672e-02	 1.715959e-07	 5.651791e-02	 3.532337e-07	 3.640119e-02	 2.255803e-07	 2.011672e-02	 1.715959e-07	-2.226172e-08	 4.454822e-08	 2.225542e-08	 4.454147e-08	 0.000000e+00	 0.000000e+00
 2.630268e-03	 2.122520e-02	 1.349582e-07	 4.027988e-05	 7.662819e-10	 2.114848e-02	 1.367956e-07	 5.943105e-02	 3.778730e-07	 3.828251e-02	 2.412645e-07	 2.114848e-02	 1.367956e-07	-3.106472e-08	 5.043745e-08	 3.105511e-08	 5.042859e-08	 0.000000e+00	 0.000000e+00
 3.019952e-03	 2.231694e-02	 1.442550e-07	 4.866303e-05	 9.247123e-10	 2.222425e-02	 1.465414e-07	 6.247143e-02	 4.040500e-07	 4.024709e-02	 2.575035e-07	 2.222425e-02	 1.465414e-07	-3.302828e-08	 5.723417e-08	 3.301619e-08	 5.722253e-08	 0.000000e+00	 0.000000e+00
 3.467369e-03	 2.345676e-02	 1.546295e-07	 5.876674e-05	 1.114996e-09	 2.334479e-02	 1.573632e-07	 6.564210e-02	 4.330168e-07	 4.229719e-02	 2.756437e-07	 2.334479e-02	 1.573632e-07	 9.031337e-08	 6.535009e-08	-9.028982e-08	 6.533467e-08	 0.000000e+00	 0.000000e+00
 3.981072e-03	 2.464606e-02	 1.658063e-07	 7.093725e-05	 1.343698e-09	 2.451088e-02	 1.690861e-07	 6.894617e-02	 4.642042e-07	 4.443513e-02	 2.951093e-07	 2.451088e-02	 1.690861e-07	-3.545424e-08	 7.358218e-08	 3.543682e-08	 7.356206e-08	 0.000000e+00	 0.000000e+00
 4.570882e-03	 2.588620e-02	 1.773326e-07	 8.558840e-05	 1.618403e-09	 2.572306e-02	 1.812954e-07	 7.238633e-02	 4.963422e-07	 4.666305e-02	 3.150322e-07	 2.572306e-02	 1.812954e-07	 1.150204e-07	 8.630540e-08	-1.149818e-07	 8.627849e-08	 0.000000e+00	 0.000000e+00
 5.248075e-03	 2.717855e-02	 1.895752e-07	 1.032142e-04	 1.948100e-09	 2.698177e-02	 1.942834e-07	 7.596515e-02	 5.304445e-07	 4.898307e-02	 3.361005e-07	 2.698177e-02	 1.942834e-07	 1.143907e-07	 9.855806e-08	-1.143505e-07	 9.852208e-08	 0.000000e+00	 0.000000e+00
 6.025596e-03	 2.852437e-02	 2.027919e-07	 1.244034e-04	 2.343422e-09	 2.828711e-02	 2.084813e-07	 7.968459e-02	 5.672251e-07	 5.139705e-02	 3.587184e-07	 2.828711e-02	 2.084813e-07	 1.291705e-07	 1.116891e-07	-1.291091e-07	 1.116378e-07	 0.000000e+00	 0.000000e+00
 6.918310e-03	 2.992486e-02	 2.176118e-07	 1.498569e-04	 2.817027e-09	 2.963895e-02	 2.242816e-07	 8.354621e-02	 6.084311e-07	 5.390665e-02	 3.839570e-07	 2.963895e-02	 2.242816e-07	 1.565458e-07	 1.265402e-07	-1.564158e-07	 1.264725e-07	 0.000000e+00	 0.000000e+00
 7.943282e-03	 3.138126e-02	 2.332422e-07	 1.804070e-04	 3.383848e-09	 3.103694e-02	 2.414070e-07	 8.755127e-02	 6.518420e-07	 5.651346e-02	 4.110287e-07	 3.103694e-02	 2.414070e-07	 1.757196e-07	 1.420530e-07	-1.755443e-07	 1.419747e-07	 0.000000e+00	 0.000000e+00
 9.120108e-03	 3.289468e-02	 2.498160e-07	 2.170405e-04	 4.061483e-09	 3.248025e-02	 2.595882e-07	 9.170027e-02	 6.977968e-07	 5.921884e-02	 4.390787e-07	 3.248025e-02	 2.595882e-07	 2.096847e-07	 1.558297e-07	-2.095278e-07	 1.557245e-07	 0.000000e+00	 0.000000e+00
 1.047129e-02	 3.446610e-02	 2.696675e-07	 2.609248e-04	 4.870640e-09	 3.396758e-02	 2.812814e-07	 9.599296e-02	 7.528166e-07	 6.202380e-02	 4.708484e-07	 3.396758e-02	 2.812814e-07	 2.355318e-07	 1.758463e-07	-2.353363e-07	 1.757083e-07	 0.000000e+00	 0.000000e+00
 1.202264e-02	 3.609648e-02	 2.902771e-07	 3.134368e-04	 5.835600e-09	 3.549726e-02	 3.040430e-07	 1.004284e-01	 8.097792e-07	 6.492889e-02	 5.057027e-07	 3.549726e-02	 3.040430e-07	 2.655362e-07	 1.983650e-07	-2.653190e-07	 1.981840e-07	 0.000000e+00	 0.000000e+00
 1.380384e-02	 3.778671e-02	 3.109026e-07	 3.761965e-04	 6.985038e-09	 3.706699e-02	 3.274963e-07	 1.050047e-01	 8.666165e-07	 6.793473e-02	 5.383118e-07	 3.706699e-02	 3.274963e-07	-1.027885e-07	 2.218138e-07	 1.026611e-07	 2.215738e-07	 0.000000e+00	 0.000000e+00
 1.584893e-02	 3.953736e-02	 3.371191e-07	 4.511032e-04	 8.351317e-09	 3.867361e-02	 3.566444e-07	 1.097186e-01	 9.388013e-07	 7.104097e-02	 5.760223e-07	 3.867361e-02	 3.566444e-07	 3.423329e-07	 2.516480e-07	-3.418716e-07	 2.513424e-07	 0.000000e+00	 0.000000e+00
 1.819701e-02	 4.134918e-02	 3.624755e-07	 5.403754e-04	 9.972109e-09	 4.031351e-02	 3.856421e-07	 1.145664e-01	 1.008381e-06	 7.424718e-02	 6.208936e-07	 4.031351e-02	 3.856421e-07	 3.531153e-07	 2.832624e-07	-3.844237e-07	 2.828558e-07	 0.000000e+00	 0.000000e+00
 2.089296e-02	 4.322254e-02	 3.897650e-07	 6.465932e-04	 1.188952e-08	 4.198194e-02	 4.172430e-07	 1.195422e-01	 1.083030e-06	 7.755242e-02	 6.634477e-07	 4.198194e-02	 4.172430e-07	 3.981744e-07	 3.186862e-07	-3.975864e-07	 3.181782e-07	 0.000000e+00	 0.000000e+00
 2.398833e-02	 4.515767e-02	 4.194909e-07	 7.727421e-04	 1.415272e-08	 4.367316e-02	 4.523769e-07	 1.246388e-01	 1.164078e-06	 8.095487e-02	 7.091642e-07	 4.367316e-02	 4.523769e-07	 4.495264e-07	 3.584042e-07	-4.489326e-07	 3.577607e-07	 0.000000e+00	 0.000000e+00
 2.754229e-02	 4.715465e-02	 4.521404e-07	 9.222568e-04	 1.681979e-08	 4.538034e-02	 4.900890e-07	 1.298475e-01	 1.252734e-06	 8.445227e-02	 7.584248e-07	 4.538034e-02	 4.900890e-07	 4.699744e-07	 4.027520e-07	-4.692423e-07	 4.019781e-07	 0.000000e+00	 0.000000e+00
 3.162278e-02	 4.921327e-02	 4.865155e-07	 1.099062e-03	 1.995473e-08	 4.709524e-02	 5.320704e-07	 1.351571e-01	 1.345643e-06	 8.804143e-02	 8.093500e-07	 4.709524e-02	 5.320704e-07	 5.196339e-07	 4.525662e-07	-5.143487e-07	 4.513912e-07	 0.000000e+00	 0.000000e+00
 3.630781e-02	 5.133296e-02	 5.243677e-07	 1.307605e-03	 2.362827e-08	 4.880817e-02	 5.782066e-07	 1.405543e-01	 1.447484e-06	 9.171816e-02	 8.643587e-07	 4.880817e-02	 5.782066e-07	 5.573244e-07	 5.069332e-07	-5.498015e-07	 5.054088e-07	 0.000000e+00	 0.000000e+00
 4.168694e-02	 5.351282e-02	 5.654482e-07	 1.552881e-03	 2.792024e-08	 5.050779e-02	 6.289456e-07	 1.460233e-01	 1.557401e-06	 9.547729e-02	 9.227470e-07	 5.050779e-02	 6.289456e-07	 6.006420e-07	 5.681415e-07	-5.946143e-07	 5.664485e-07	 0.000000e+00	 0.000000e+00
 4.786301e-02	 5.575140e-02	 6.100636e-07	 1.840432e-03	 3.292278e-08	 5.218083e-02	 6.847966e-07	 1.515454e-01	 1.676019e-06	 9.931230e-02	 9.846794e-07	 5.218083e-02	 6.847966e-07	 6.632491e-07	 6.363609e-07	-6.578395e-07	 6.339503e-07	 0.000000e+00	 0.000000e+00
 5.495409e-02	 5.804662e-02	 6.585490e-07	 2.176324e-03	 3.873155e-08	 5.381199e-02	 7.462429e-07	 1.570983e-01	 1.804026e-06	 1.032151e-01	 1.050392e-06	 5.381199e-02	 7.462429e-07	 7.438849e-07	 7.106588e-07	-7.386386e-07	 7.072549e-07	 0.000000e+00	 0.000000e+00
 6.309573e-02	 6.039549e-02	 7.112730e-07	 2.567079e-03	 4.544133e-08	 5.538365e-02	 8.137800e-07	 1.626563e-01	 1.942155e-06	 1.071757e-01	 1.120030e-06	 5.538365e-02	 8.137800e-07	 8.311801e-07	 7.928282e-07	-8.255649e-07	 7.882293e-07	 0.000000e+00	 0.000000e+00
 7.244360e-02	 6.279390e-02	 7.686352e-07	 3.019554e-03	 5.313801e-08	 5.687572e-02	 8.903093e-07	 1.681891e-01	 2.091148e-06	 1.111818e-01	 1.193780e-06	 5.687572e-02	 8.903093e-07	 9.315189e-07	 8.827912e-07	-9.247891e-07	 8.765960e-07	 0.000000e+00	 0.000000e+00
 8.317638e-02	 6.523627e-02	 8.310616e-07	 3.540750e-03	 6.190652e-08	 5.826547e-02	 9.718177e-07	 1.736621e-01	 2.251764e-06	 1.152184e-01	 1.271849e-06	 5.826547e-02	 9.718177e-07	 1.053034e-06	 9.800314e-07	-1.048737e-06	 9.712518e-07	 0.000000e+00	 0.000000e+00
 9.549926e-02	 6.771504e-02	 9.016672e-07	 4.137528e-03	 7.181423e-08	 5.952741e-02	 1.060834e-06	 1.790348e-01	 2.431792e-06	 1.192669e-01	 1.358638e-06	 5.952741e-02	 1.060834e-06	 1.187154e-06	 1.085993e-06	-1.178252e-06	 1.074880e-06	 0.000000e+00	 0.000000e+00
 1.096478e-01	 7.022025e-02	 9.753934e-07	 4.816210e-03	 8.289532e-08	 6.063288e-02	 1.158386e-06	 1.842614e-01	 2.617258e-06	 1.233045e-01	 1.446113e-06	 6.063288e-02	 1.158386e-06	 1.327051e-06	 1.202131e-06	-1.313749e-06	 1.187724e-06	 0.000000e+00	 0.000000e+00
 1.258925e-01	 7.273847e-02	 1.055857e-06	 5.582052e-03	 9.514989e-08	 6.155053e-02	 1.264585e-06	 1.892885e-01	 2.817180e-06	 1.273036e-01	 1.538323e-06	 6.155053e-02	 1.264585e-06	 1.473019e-06	 1.329526e-06	-1.454929e-06	 1.310605e-06	 0.000000e+00	 0.000000e+00
 1.445440e-01	 7.525244e-02	 1.143289e-06	 6.438571e-03	 1.083611e-07	 6.224608e-02	 1.379694e-06	 1.940559e-01	 3.031434e-06	 1.312296e-01	 1.636429e-06	 6.224608e-02	 1.379694e-06	 1.629795e-06	 1.465479e-06	-1.604574e-06	 1.440685e-06	 0.000000e+00	 0.000000e+00
 1.659587e-01	 7.773984e-02	 1.238162e-06	 7.386719e-03	 1.226799e-07	 6.268264e-02	 1.503761e-06	 1.984954e-01	 3.260445e-06	 1.350408e-01	 1.740346e-06	 6.268264e-02	 1.503761e-06	 1.794922e-06	 1.610772e-06	-1.760993e-06	 1.578254e-06	 0.000000e+00	 0.000000e+00
 1.905461e-01	 8.017224e-02	 1.340907e-06	 8.423902e-03	 1.376216e-07	 6.282114e-02	 1.636559e-06	 2.025297e-01	 3.504315e-06	 1.386867e-01	 1.850512e-06	 6.282114e-02	 1.636559e-06	 1.969118e-06	 1.764816e-06	-1.924079e-06	 1.722148e-06	 0.000000e+00	 0.000000e+00
 2.187762e-01	 8.251405e-02	 1.451428e-06	 9.542902e-03	 1.531635e-07	 6.262103e-02	 1.777518e-06	 2.060725e-01	 3.762966e-06	 1.421061e-01	 1.967411e-06	 6.262103e-02	 1.777518e-06	 2.151262e-06	 1.926708e-06	-2.091541e-06	 1.870732e-06	 0.000000e+00	 0.000000e+00
 2.511886e-01	 8.472145e-02	 1.570019e-06	 1.073074e-02	 1.689842e-07	 6.204127e-02	 1.925629e-06	 2.090284e-01	 4.035959e-06	 1.452261e-01	 2.091606e-06	 6.204127e-02	 1.925629e-06	 2.339519e-06	 2.095120e-06	-2.263077e-06	 2.021588e-06	 0.000000e+00	 0.000000e+00
 2.884032e-01	 8.674155e-02	 1.696806e-06	 1.196757e-02	 1.845162e-07	 6.104173e-02	 2.079204e-06	 2.112925e-01	 4.322307e-06	 1.479611e-01	 2.223613e-06	 6.104173e-02	 2.079204e-06	 2.533600e-06	 2.268152e-06	-1.072494e-06	 2.584291e-06	 0.000000e+00	 0.000000e+00
 3.311311e-01	 8.851200e-02	 1.830875e-06	 1.322585e-02	 1.990893e-07	 5.958490e-02	 2.235857e-06	 2.127525e-01	 4.619593e-06	 1.502120e-01	 2.363823e-06	 5.958490e-02	 2.235857e-06	 1.154144e-06	 2.911751e-06	-2.611360e-06	 2.317103e-06	 0.000000e+00	 0.000000e+00
 3.801894e-01	 8.996112e-02	 1.972656e-06	 1.446979e-02	 2.104108e-07	 5.763813e-02	 2.392412e-06	 2.132893e-01	 4.923712e-06	 1.518666e-01	 2.512533e-06	 5.763813e-02	 2.392412e-06	 2.938212e-06	 2.617824e-06	-2.786346e-06	 2.452746e-06	 0.000000e+00	 0.000000e+00
 4.365158e-01	 9.100905e-02	 2.120807e-06	 1.565553e-02	 2.182769e-07	 5.517618e-02	 2.545804e-06	 2.127811e-01	 5.232086e-06	 1.528013e-01	 2.669769e-06	 5.517618e-02	 2.545804e-06	 3.144004e-06	 2.788122e-06	-2.960769e-06	 2.572837e-06	 0.000000e+00	 0.000000e+00
 5.011872e-01	 9.156992e-02	 2.274463e-06	 1.673204e-02	 2.228089e-07	 5.218416e-02	 2.690926e-06	 2.111068e-01	 5.541359e-06	 1.528839e-01	 2.835144e-06	 5.218416e-02	 2.690926e-06	 3.354988e-06	 2.950496e-06	-3.121095e-06	 2.671722e-06	 0.000000e+00	 0.000000e+00
 5.754399e-01	 9.155542e-02	 2.431929e-06	 1.764316e-02	 2.235626e-07	 4.866053e-02	 2.821286e-06	 2.081519e-01	 5.847736e-06	 1.519792e-01	 3.007716e-06	 4.866053e-02	 2.821286e-06	 3.560137e-06	 3.101183e-06	-3.270585e-06	 2.738642e-06	 0.000000e+00	 0.000000e+00
 6.606934e-01	 9.087958e-02	 2.590312e-06	 1.833067e-02	 2.185024e-07	 4.462015e-02	 2.928389e-06	 2.038152e-01	 6.147832e-06	 1.499559e-01	 3.185836e-06	 4.462015e-02	 2.928389e-06	 3.753008e-06	 3.237200e-06	-3.378015e-06	 2.763027e-06	 0.000000e+00	 0.000000e+00
 7.585776e-01	 8.946481e-02	 2.746905e-06	 1.873840e-02	 2.089746e-07	 4.009675e-02	 2.998426e-06	 1.980169e-01	 6.434132e-06	 1.466957e-01	 3.366846e-06	 4.009675e-02	 2.998426e-06	 3.945479e-06	 3.351866e-06	 1.297887e-07	 3.413757e-06	 0.000000e+00	 0.000000e+00
 8.709636e-01	 8.724852e-02	 2.897748e-06	 1.881684e-02	 1.946409e-07	 3.514511e-02	 3.031576e-06	 1.907056e-01	 6.699775e-06	 1.421037e-01	 3.547266e-06	 3.514511e-02	 3.031576e-06	 4.131698e-06	 3.441949e-06	-6.716373e-07	 2.661935e-06	 0.000000e+00	 0.000000e+00
 1.000000e+00	 8.418994e-02	 3.041812e-06	 1.852975e-02	 1.794428e-07	 2.984118e-02	 3.016511e-06	 1.818670e-01	 6.935248e-06	 1.361195e-01	 3.722608e-06	 2.984118e-02	 3.016511e-06	 4.295140e-06	 3.501439e-06	 5.696865e-07	 2.722014e-06	 0.000000e+00	 0.000000e+00
 1.148154e+00	 8.027591e-02	 3.165191e-06	 1.785689e-02	 1.684039e-07	 2.428129e-02	 2.952513e-06	 1.715291e-01	 7.143590e-06	 1.287270e-01	 3.887807e-06	 2.428129e-02	 2.952513e-06	 7.122229e-07	 4.419532e-06	-4.152082e-06	 3.025716e-06	 0.000000e+00	 0.000000e+00
 1.318257e+00	 7.552466e-02	 3.277930e-06	 1.679913e-02	 1.652633e-07	 1.857908e-02	 2.838271e-06	 1.597658e-01	 7.297560e-06	 1.199623e-01	 4.037650e-06	 1.857908e-02	 2.838271e-06	 6.486430e-07	 4.439432e-06	-1.870639e-06	 3.032226e-06	 0.000000e+00	 0.000000e+00
 1.513561e+00	 6.998738e-02	 3.375175e-06	 1.537969e-02	 1.688417e-07	 1.286297e-02	 2.639962e-06	 1.466959e-01	 7.416651e-06	 1.099170e-01	 4.169428e-06	 1.286297e-02	 2.639962e-06	 4.677957e-06	 3.520928e-06	 2.007156e-06	 4.006072e-06	 0.000000e+00	 0.000000e+00
 1.737801e+00	 6.374634e-02	 3.431072e-06	 1.364389e-02	 2.059267e-07	 7.264522e-03	 2.733490e-06	 1.324802e-01	 7.489229e-06	 9.873753e-02	 4.275233e-06	 7.264522e-03	 2.733490e-06	 2.282677e-07	 3.421859e-06	 3.449875e-06	 4.171814e-06	 0.000000e+00	 0.000000e+00
 1.995262e+00	 5.691023e-02	 3.466964e-06	 1.165511e-02	 2.200195e-07	 1.930471e-03	 2.642334e-06	 1.173132e-01	 7.503995e-06	 8.661745e-02	 4.346750e-06	 1.930471e-03	 2.642334e-06	 7.916901e-07	 3.376226e-06	 4.349949e-06	 4.324530e-06	 0.000000e+00	 0.000000e+00
 2.290868e+00	 4.960638e-02	 3.478760e-06	 9.490419e-03	 2.368265e-07	-3.036551e-03	 2.787287e-06	 1.014127e-01	 7.463754e-06	 7.378617e-02	 4.389089e-06	-3.036551e-03	 2.787287e-06	-2.878869e-06	 3.296988e-06	 3.566130e-06	 4.512171e-06	 0.000000e+00	 0.000000e+00
 2.630268e+00	 4.197155e-02	 3.465378e-06	 7.233164e-03	 2.550614e-07	-7.497535e-03	 2.743788e-06	 8.500695e-02	 7.369873e-06	 6.049359e-02	 4.397993e-06	-7.497535e-03	 2.743788e-06	-3.077870e-06	 3.293251e-06	 2.221123e-06	 4.649201e-06	 0.000000e+00	 0.000000e+00
 3.019952e+00	 3.414257e-02	 3.419162e-06	 4.965606e-03	 2.737670e-07	-1.138989e-02	 2.896318e-06	 6.832138e-02	 7.239217e-06	 4.699294e-02	 4.382436e-06	-1.138989e-02	 2.896318e-06	-1.260217e-06	 4.513276e-06	 2.030357e-06	 4.748158e-06	 0.000000e+00	 0.000000e+00
 3.467369e+00	 2.624717e-02	 3.337666e-06	 2.762592e-03	 2.931775e-07	-1.463594e-02	 3.147456e-06	 5.156815e-02	 7.103368e-06	 3.352403e-02	 4.337708e-06	-1.463594e-02	 3.147456e-06	-1.637701e-06	 4.575451e-06	 2.836087e-06	 4.832558e-06	 0.000000e+00	 0.000000e+00
 3.981072e+00	 1.839831e-02	 3.258676e-06	 6.858778e-04	 2.789073e-07	-1.720125e-02	 3.179002e-06	 3.493671e-02	 6.992221e-06	 2.029971e-02	 4.292892e-06	-1.720125e-02	 3.179002e-06	-2.307315e-06	 4.642621e-06	 3.085013e-06	 4.902546e-06	 0.000000e+00	 0.000000e+00
 4.570882e+00	 1.068950e-02	 3.200702e-06	-1.218699e-03	 3.012200e-07	-1.907389e-02	 3.176305e-06	 1.858764e-02	 6.903626e-06	 7.495819e-03	 4.264709e-06	-1.907389e-02	 3.176305e-06	-2.891418e-06	 4.746377e-06	 2.727620e-06	 4.940615e-06	 0.000000e+00	 0.000000e+00
 5.248075e+00	 3.198879e-03	 3.168114e-06	-2.922132e-03	 3.171287e-07	-2.029534e-02	 4.341808e-06	 2.662779e-03	 6.911350e-06	-4.753584e-03	 4.261838e-06	-2.029534e-02	 4.341808e-06	-2.936363e-06	 4.886170e-06	 2.580753e-06	 4.957616e-06	 0.000000e+00	 0.000000e+00
 6.025596e+00	-4.032810e-03	 3.167857e-06	-4.412146e-03	 4.019742e-07	-2.088807e-02	 3.062333e-06	-1.276322e-02	 6.951768e-06	-1.634677e-02	 4.315396e-06	-2.088807e-02	 3.062333e-06	-2.662396e-06	 5.027198e-06	 2.560290e-06	 4.947340e-06	 0.000000e+00	 0.000000e+00
 6.918310e+00	-1.096628e-02	 3.203029e-06	-5.690365e-03	 4.387794e-07	-2.092899e-02	 3.066332e-06	-2.760837e-02	 7.057019e-06	-2.724982e-02	 4.389151e-06	-2.092899e-02	 3.066332e-06	-2.583786e-06	 5.132520e-06	 3.743611e-06	 3.500785e-06	 0.000000e+00	 0.000000e+00
 7.943282e+00	-1.758274e-02	 3.274187e-06	-6.768551e-03	 4.795686e-07	-2.049668e-02	 3.041485e-06	-4.182654e-02	 7.225817e-06	-3.743434e-02	 4.498819e-06	-2.049668e-02	 3.041485e-06	-1.884864e-06	 5.306112e-06	-3.034213e-06	 3.423503e-06	 0.000000e+00	 0.000000e+00
 9.120108e+00	-2.387511e-02	 3.375627e-06	-7.665729e-03	 5.189382e-07	-1.965234e-02	 2.987187e-06	-5.539235e-02	 1.127735e-05	-4.690627e-02	 4.642821e-06	-1.965234e-02	 2.987187e-06	-1.363926e-06	 5.519129e-06	-2.227809e-06	 3.339987e-06	 0.000000e+00	 0.000000e+00
 1.047129e+01	-2.984335e-02	 5.351764e-06	-8.404776e-03	 5.563998e-07	-1.848007e-02	 2.956993e-06	-6.828901e-02	 1.188507e-05	-5.568998e-02	 6.988600e-06	-1.848007e-02	 2.956993e-06	-1.327089e-06	 5.761432e-06	-1.601753e-06	 3.232795e-06	 0.000000e+00	 0.000000e+00
 1.202264e+01	-3.549350e-02	 5.691381e-06	-9.009954e-03	 5.916141e-07	-1.707901e-02	 2.876843e-06	-8.051818e-02	 1.265538e-05	-6.382271e-02	 7.384997e-06	-1.707901e-02	 2.876843e-06	 8.741530e-06	 4.002150e-06	-1.113142e-06	 3.121358e-06	 0.000000e+00	 0.000000e+00
 1.380384e+01	-4.083301e-02	 6.033800e-06	-9.504761e-03	 6.257264e-07	-1.551527e-02	 2.794345e-06	-9.208879e-02	 1.349316e-05	-7.134713e-02	 7.887584e-06	-1.551527e-02	 2.794345e-06	 8.668809e-06	 4.131838e-06	-9.161425e-07	 2.995972e-06	 0.000000e+00	 0.000000e+00
 1.584893e+01	-4.587269e-02	 6.448959e-06	-9.910501e-03	 6.608375e-07	-1.385680e-02	 2.701866e-06	-1.030022e-01	 8.841302e-06	-7.830790e-02	 8.409741e-06	-1.385680e-02	 2.701866e-06	 8.518970e-06	 4.267970e-06	-8.166365e-07	 2.879778e-06	 0.000000e+00	 0.000000e+00
 1.819701e+01	-5.062456e-02	 6.895575e-06	-1.024565e-02	 6.969080e-07	-1.217077e-02	 4.404601e-06	-1.133024e-01	 1.531438e-05	-8.475078e-02	 8.933388e-06	-1.217077e-02	 4.404601e-06	 1.715956e-06	 4.438465e-06	-6.617376e-07	 2.763205e-06	 0.000000e+00	 0.000000e+00
 2.089296e+01	-5.509706e-02	 7.355291e-06	-1.052565e-02	 7.326888e-07	-1.048875e-02	 4.392535e-06	-1.229766e-01	 1.645820e-05	-9.071322e-02	 9.654958e-06	-1.048875e-02	 4.392535e-06	 7.765223e-09	 4.602279e-06	-4.749048e-07	 2.647918e-06	 0.000000e+00	 0.000000e+00
 2.398833e+01	-5.930113e-02	 7.893496e-06	-1.076292e-02	 7.679298e-07	-8.858793e-03	 4.337139e-06	-1.320553e-01	 1.747222e-05	-9.623494e-02	 1.024133e-05	-8.858793e-03	 4.337139e-06	-2.116949e-06	 4.755375e-06	-4.490905e-07	 2.533419e-06	 0.000000e+00	 0.000000e+00
 2.754229e+01	-6.324577e-02	 8.507009e-06	-1.096713e-02	 8.018822e-07	-7.311277e-03	 4.180472e-06	-1.405577e-01	 1.864186e-05	-1.013475e-01	 1.095501e-05	-7.311277e-03	 4.180472e-06	 7.782682e-06	 4.879715e-06	-5.236286e-07	 2.419292e-06	 0.000000e+00	 0.000000e+00
 3.162278e+01	-6.693857e-02	 9.065616e-06	-1.114566e-02	 8.333507e-07	-5.867961e-03	 4.057081e-06	-1.485048e-01	 1.991451e-05	-1.060817e-01	 1.169513e-05	-5.867961e-03	 4.057081e-06	 7.767191e-06	 5.040580e-06	-6.421594e-07	 2.310434e-06	 0.000000e+00	 0.000000e+00
 3.630781e+01	-7.039200e-02	 9.667801e-06	-1.130410e-02	 8.620624e-07	-4.542692e-03	 3.974161e-06	-1.559190e-01	 2.115361e-05	-1.104659e-01	 1.237760e-05	-4.542692e-03	 3.974161e-06	 7.649598e-06	 5.199723e-06	-9.898246e-07	 2.213419e-06	 0.000000e+00	 0.000000e+00
 4.168694e+01	-7.361597e-02	 1.023777e-05	-1.144624e-02	 8.891125e-07	-3.344322e-03	 3.911954e-06	-1.628258e-01	 2.266402e-05	-1.145235e-01	 1.322396e-05	-3.344322e-03	 3.911954e-06	 7.368710e-06	 5.357462e-06	-1.077820e-06	 2.122073e-06	 0.000000e+00	 0.000000e+00
 4.786301e+01	-7.661887e-02	 1.097197e-05	-1.157504e-02	 9.112822e-07	-2.275357e-03	 3.869054e-06	-1.692509e-01	 2.434172e-05	-1.182720e-01	 1.423646e-05	-2.275357e-03	 3.869054e-06	 6.994687e-06	 5.505850e-06	-1.253260e-06	 2.033823e-06	 0.000000e+00	 0.000000e+00
 5.495409e+01	-7.941251e-02	 1.174516e-05	-1.169225e-02	 9.335545e-07	-1.334473e-03	 3.856652e-06	-1.751960e-01	 1.304154e-05	-1.217421e-01	 1.523563e-05	-1.334473e-03	 3.856652e-06	 6.417083e-06	 5.664204e-06	-1.493401e-06	 1.940161e-06	 0.000000e+00	 0.000000e+00
 6.309573e+01	-8.200306e-02	 1.261933e-05	-1.179980e-02	 9.499196e-07	-5.189908e-04	 3.697052e-06	-1.807162e-01	 1.356611e-05	-1.249398e-01	 8.242673e-06	-5.189908e-04	 3.697052e-06	 5.806991e-06	 5.834254e-06	-1.676142e-06	 1.852221e-06	 0.000000e+00	 0.000000e+00
 7.244360e+01	-8.440234e-02	 1.362591e-05	-1.189828e-02	 9.597161e-07	 1.788336e-04	 3.570586e-06	-1.858206e-01	 1.404683e-05	-1.278891e-01	 8.536683e-06	 1.788336e-04	 3.570586e-06	 5.257029e-06	 5.999913e-06	-1.771496e-06	 1.768810e-06	 0.000000e+00	 0.000000e+00
 8.317638e+01	-8.662493e-02	 6.685490e-06	-1.198868e-02	 9.708797e-07	 7.667957e-04	 3.509836e-06	-1.905328e-01	 1.453646e-05	-1.306039e-01	 8.839665e-06	 7.667957e-04	 3.509836e-06	 5.001224e-06	 6.151435e-06	-1.930334e-06	 1.681322e-06	 0.000000e+00	 0.000000e+00
 9.549926e+01	-8.867629e-02	 6.894353e-06	-1.207158e-02	 9.809853e-07	 1.252980e-03	 3.408128e-06	-1.948760e-01	 1.499928e-05	-1.330999e-01	 9.132303e-06	 1.252980e-03	 3.408128e-06	 4.934012e-06	 6.298605e-06	-2.133662e-06	 1.590930e-06	 0.000000e+00	 0.000000e+00
 1.096478e+02	-9.056690e-02	 7.118689e-06	-1.214718e-02	 9.920807e-07	 1.647092e-03	 3.295851e-06	-1.988729e-01	 1.550879e-05	-1.353918e-01	 9.416609e-06	 1.647092e-03	 3.295851e-06	 4.689030e-06	 6.436861e-06	-2.295682e-06	 1.507289e-06	 0.000000e+00	 0.000000e+00
 1.258925e+02	-9.230702e-02	 7.349085e-06	-1.221637e-02	 1.002877e-06	 1.958770e-03	 3.225344e-06	-2.025466e-01	 1.604119e-05	-1.374934e-01	 9.698917e-06	 1.958770e-03	 3.225344e-06	 1.555883e-06	 6.465742e-06	-3.821021e-07	 3.130135e-06	 0.000000e+00	 0.000000e+00
 1.445440e+02	-9.390625e-02	 7.613079e-06	-1.227900e-02	 1.017641e-06	 2.196585e-03	 3.159135e-06	-2.059169e-01	 1.657851e-05	-1.394176e-01	 9.999089e-06	 2.196585e-03	 3.159135e-06	 2.086279e-06	 6.607572e-06	-6.707233e-08	 3.052805e-06	 0.000000e+00	 0.000000e+00
 1.659587e+02	-9.537324e-02	 7.826401e-06	-1.233600e-02	 1.042058e-06	 2.370591e-03	 3.115026e-06	-2.090044e-01	 1.704641e-05	-1.411771e-01	 1.029591e-05	 2.370591e-03	 3.115026e-06	 2.530111e-06	 6.746409e-06	 2.709297e-07	 2.980524e-06	 0.000000e+00	 0.000000e+00
 1.905461e+02	-9.671696e-02	 8.048020e-06	-1.238734e-02	 8.083086e-07	 2.489117e-03	 3.045991e-06	-2.118299e-01	 1.754718e-05	-1.427823e-01	 1.060704e-05	 2.489117e-03	 3.045991e-06	 2.918973e-06	 6.879409e-06	 5.702783e-07	 2.924707e-06	 0.000000e+00	 0.000000e+00
 2.187762e+02	-9.794673e-02	 8.300745e-06	-1.243373e-02	 8.153725e-07	 2.560303e-03	 3.006009e-06	-2.144124e-01	 1.805009e-05	-1.442483e-01	 1.086265e-05	 2.560303e-03	 3.006009e-06	 3.132770e-06	 7.009034e-06	 8.130323e-07	 2.898389e-06	 0.000000e+00	 0.000000e+00
 2.511886e+02	-9.907076e-02	 8.508645e-06	-1.247540e-02	 8.200538e-07	 2.590674e-03	 2.958383e-06	-2.167701e-01	 1.850579e-05	-1.455831e-01	 1.112194e-05	 2.590674e-03	 2.958383e-06	-6.592008e-07	 7.783950e-06	 1.168364e-06	 2.822591e-06	 0.000000e+00	 0.000000e+00
 2.884032e+02	-1.000968e-01	 8.691203e-06	-1.251283e-02	 8.265135e-07	 2.587339e-03	 2.851166e-06	-2.189203e-01	 1.892970e-05	-1.467981e-01	 1.140043e-05	 2.587339e-03	 2.851166e-06	 1.856915e-07	 7.961815e-06	 1.025524e-06	 2.706493e-06	 0.000000e+00	 0.000000e+00
 3.311311e+02	-1.010327e-01	 8.902442e-06	-1.254649e-02	 1.174412e-06	 2.556638e-03	 2.718939e-06	-2.208783e-01	 1.940624e-05	-1.479026e-01	 1.169950e-05	 2.556638e-03	 2.718939e-06	-6.822335e-07	 8.109219e-06	 8.859458e-07	 2.642743e-06	 0.000000e+00	 0.000000e+00
 3.801894e+02	-1.019027e-01	 7.870438e-06	-1.257627e-02	 1.205952e-06	 2.503464e-03	 2.638976e-06	-2.226605e-01	 1.986980e-05	-1.489049e-01	 1.198160e-05	 2.503464e-03	 2.638976e-06	 8.051924e-08	 8.293747e-06	 5.236274e-07	 2.535498e-06	 0.000000e+00	 0.000000e+00
 4.365158e+02	-1.026784e-01	 7.982335e-06	-1.260284e-02	 1.243578e-06	 2.432344e-03	 2.581272e-06	-2.243209e-01	 1.726941e-05	-1.498138e-01	 1.220144e-05	 2.432344e-03	 2.581272e-06	 8.195293e-07	 8.446341e-06	 3.650243e-07	 2.440158e-06	 0.000000e+00	 0.000000e+00
 5.011872e+02	-1.033837e-01	 8.101241e-06	-1.262632e-02	 1.276919e-06	 2.347410e-03	 2.557682e-06	-2.257526e-01	 2.072146e-05	-1.506378e-01	 1.245425e-05	 2.347410e-03	 2.557682e-06	 1.220725e-06	 8.628241e-06	-1.259479e-07	 7.513124e-07	 0.000000e+00	 0.000000e+00
 5.754399e+02	-1.040242e-01	 8.221916e-06	-1.264729e-02	 1.316219e-06	 2.252128e-03	 2.493500e-06	-2.270881e-01	 2.113239e-05	-1.513832e-01	 1.272976e-05	 2.252128e-03	 2.493500e-06	 4.819359e-06	 2.086076e-05	-2.373478e-07	 6.992099e-07	 0.000000e+00	 0.000000e+00
 6.606934e+02	-1.046054e-01	 8.345092e-06	-1.266589e-02	 1.346350e-06	 2.149659e-03	 2.400643e-06	-2.282996e-01	 2.158315e-05	-1.520579e-01	 1.294925e-05	 2.149659e-03	 2.400643e-06	 8.736175e-06	 2.066783e-05	-3.489468e-07	 6.526758e-07	 0.000000e+00	 0.000000e+00
 7.585776e+02	-1.051324e-01	 8.475548e-06	-1.268252e-02	 1.381755e-06	 2.042118e-03	 5.650167e-07	-2.293969e-01	 2.196617e-05	-1.526910e-01	 1.107929e-05	 2.042118e-03	 5.650167e-07	 8.002958e-06	 2.057793e-05	-3.662692e-07	 6.089175e-07	 0.000000e+00	 0.000000e+00
 8.709636e+02	-1.056095e-01	 8.599893e-06	-1.269663e-02	 8.586291e-07	 1.932088e-03	 5.266361e-07	-2.303881e-01	 2.235296e-05	-1.532187e-01	 1.348464e-05	 1.932088e-03	 5.266361e-07	 1.151100e-05	 2.094567e-05	-3.559187e-07	 5.669734e-07	 0.000000e+00	 0.000000e+00
 1.000000e+03	-1.060238e-01	 1.047327e-05	-1.270937e-02	 8.624260e-07	 1.821138e-03	 4.906458e-07	-2.313259e-01	 1.895007e-05	-1.537138e-01	 1.375913e-05	 1.821138e-03	 4.906458e-07	 1.089344e-05	 2.210582e-05	-3.338993e-07	 5.278842e-07	 0.000000e+00	 0.000000e+00
