 1.000000e-03	 3.819354e-12	 1.678066e-16	 1.145964e-12	 5.039215e-17	-2.482296e-12	 1.090349e-16	 3.819354e-12	 1.678066e-16	 1.145964e-12	 5.039215e-17	 0.000000e+00	 0.000000e+00	-2.482296e-12	 1.090349e-16	 0.000000e+00	 0.000000e+00	 0.000000e+00	 0.000000e+00
 1.148154e-03	 6.186445e-12	 2.717790e-16	 1.856721e-12	 8.164867e-17	-4.019960e-12	 1.765469e-16	 6.186445e-12	 2.717790e-16	 1.856721e-12	 8.164867e-17	 0.000000e+00	 0.000000e+00	-4.019960e-12	 1.765469e-16	 0.000000e+00	 0.000000e+00	 0.000000e+00	 0.000000e+00
 1.318257e-03	 1.001871e-11	 4.400923e-16	 3.007873e-12	 1.322730e-16	-6.508738e-12	 2.857921e-16	 1.001871e-11	 4.400923e-16	 3.007873e-12	 1.322730e-16	 0.000000e+00	 0.000000e+00	-6.508738e-12	 2.857921e-16	 0.000000e+00	 0.000000e+00	 0.000000e+00	 0.000000e+00
 1.513561e-03	 1.622145e-11	 7.124778e-16	 4.871924e-12	 2.142471e-16	-1.053574e-11	 4.625101e-16	 1.622145e-11	 7.124778e-16	 4.871924e-12	 2.142471e-16	 0.000000e+00	 0.000000e+00	-1.053574e-11	 4.625101e-16	 0.000000e+00	 0.000000e+00	 0.000000e+00	 0.000000e+00
 1.737801e-03	 2.625800e-11	 1.153146e-15	 7.889675e-12	 3.469555e-16	-1.704950e-11	 7.482714e-16	 2.625800e-11	 1.153146e-15	 7.889675e-12	 3.469555e-16	 0.000000e+00	 0.000000e+00	-1.704950e-11	 7.482714e-16	 0.000000e+00	 0.000000e+00	 0.000000e+00	 0.000000e+00
 1.995262e-03	 4.249247e-11	 1.865803e-15	 1.277389e-11	 5.617383e-16	-2.758150e-11	 1.210186e-15	 4.249247e-11	 1.865803e-15	 1.277389e-11	 5.617383e-16	 0.000000e+00	 0.000000e+00	-2.758150e-11	 1.210186e-15	 0.000000e+00	 0.000000e+00	 0.000000e+00	 0.000000e+00
 2.290868e-03	 6.874216e-11	 3.017845e-15	 2.067660e-11	 9.092126e-16	-4.460300e-11	 1.956470e-15	 6.874216e-11	 3.017845e-15	 2.067660e-11	 9.092126e-16	 0.000000e+00	 0.000000e+00	-4.460300e-11	 1.956470e-15	 0.000000e+00	 0.000000e+00	 0.000000e+00	 0.000000e+00
 2.630268e-03	 1.111668e-10	 4.879253e-15	 3.345885e-11	 1.471177e-15	-7.209859e-11	 3.161518e-15	 1.111668e-10	 4.879253e-15	 3.345885e-11	 1.471177e-15	 0.000000e+00	 0.000000e+00	-7.209859e-11	 3.161518e-15	 0.000000e+00	 0.000000e+00	 0.000000e+00	 0.000000e+00
 3.019952e-03	 1.796985e-10	 7.885108e-15	 5.412535e-11	 2.379656e-15	-1.164876e-10	 5.106077e-15	 1.796985e-10	 7.885108e-15	 5.412535e-11	 2.379656e-15	 0.000000e+00	 0.000000e+00	-1.164876e-10	 5.106077e-15	 0.000000e+00	 0.000000e+00	 0.000000e+00	 0.000000e+00
 3.467369e-03	 2.903390e-10	 1.273604e-14	 8.752411e-11	 3.847609e-15	-1.881015e-10	 8.241668e-15	 2.903390e-10	 1.273604e-14	 8.752411e-11	 3.847609e-15	 0.000000e+00	 0.000000e+00	-1.881015e-10	 8.241668e-15	 0.000000e+00	 0.000000e+00	 0.000000e+00	 0.000000e+00
 3.981072e-03	 4.688435e-10	 2.055840e-14	 1.414713e-10	 6.218185e-15	-3.035501e-10	 1.329344e-14	 4.688435e-10	 2.055840e-14	 1.414713e-10	 6.218185e-15	 0.000000e+00	 0.000000e+00	-3.035501e-10	 1.329344e-14	 0.000000e+00	 0.000000e+00	 0.000000e+00	 0.000000e+00
 4.570882e-03	 7.566204e-10	 3.316182e-14	 2.285576e-10	 1.004269e-14	-4.895028e-10	 2.142447e-14	 7.566204e-10	 3.316182e-14	 2.285576e-10	 1.004269e-14	 0.000000e+00	 0.000000e+00	-4.895028e-10	 2.142447e-14	 0.000000e+00	 0.000000e+00	 0.000000e+00	 0.000000e+00
 5.248075e-03	 1.220161e-09	 5.344978e-14	 3.690448e-10	 1.620959e-14	-7.887187e-10	 3.449748e-14	 1.220161e-09	 5.344978e-14	 3.690448e-10	 1.620959e-14	 0.000000e+00	 0.000000e+00	-7.887187e-10	 3.449748e-14	 0.000000e+00	 0.000000e+00	 0.000000e+00	 0.000000e+00
 6.025596e-03	 1.966084e-09	 8.607236e-14	 5.955025e-10	 2.614525e-14	-1.269641e-09	 5.548684e-14	 1.966084e-09	 8.607236e-14	 5.955025e-10	 2.614525e-14	 0.000000e+00	 0.000000e+00	-1.269641e-09	 5.548684e-14	 0.000000e+00	 0.000000e+00	 0.000000e+00	 0.000000e+00
 6.918310e-03	 3.165064e-09	 1.384640e-13	 9.602173e-10	 4.213763e-14	-2.041618e-09	 8.914137e-14	 3.165064e-09	 1.384640e-13	 9.602173e-10	 4.213763e-14	 0.000000e+00	 0.000000e+00	-2.041618e-09	 8.914137e-14	 0.000000e+00	 0.000000e+00	 0.000000e+00	 0.000000e+00
 7.943282e-03	 5.089825e-09	 2.224867e-13	 1.547005e-09	 6.785089e-14	-3.278980e-09	 1.430145e-13	 5.089825e-09	 2.224867e-13	 1.547005e-09	 6.785089e-14	 0.000000e+00	 0.000000e+00	-3.278980e-09	 1.430145e-13	 0.000000e+00	 0.000000e+00	 0.000000e+00	 0.000000e+00
 9.120108e-03	 8.175232e-09	 3.570226e-13	 2.489997e-09	 1.091436e-13	-5.258975e-09	 2.290927e-13	 8.175232e-09	 3.570226e-13	 2.489997e-09	 1.091436e-13	 0.000000e+00	 0.000000e+00	-5.258975e-09	 2.290927e-13	 0.000000e+00	 0.000000e+00	 0.000000e+00	 0.000000e+00
 1.047129e-02	 1.311303e-08	 5.720481e-13	 4.003434e-09	 1.753632e-13	-8.421315e-09	 3.663385e-13	 1.311303e-08	 5.720481e-13	 4.003434e-09	 1.753632e-13	 0.000000e+00	 0.000000e+00	-8.421315e-09	 3.663385e-13	 0.000000e+00	 0.000000e+00	 0.000000e+00	 0.000000e+00
 1.202264e-02	 2.100062e-08	 9.150191e-13	 6.428768e-09	 2.813900e-13	-1.346120e-08	 5.846480e-13	 2.100062e-08	 9.150191e-13	 6.428768e-09	 2.813900e-13	 0.000000e+00	 0.000000e+00	-1.346120e-08	 5.846480e-13	 0.000000e+00	 0.000000e+00	 0.000000e+00	 0.000000e+00
 1.380384e-02	 3.357363e-08	 1.460820e-12	 1.030884e-08	 4.508588e-13	-2.147386e-08	 9.309643e-13	 3.357363e-08	 1.460820e-12	 1.030884e-08	 4.508588e-13	 0.000000e+00	 0.000000e+00	-2.147386e-08	 9.309643e-13	 0.000000e+00	 0.000000e+00	 0.000000e+00	 0.000000e+00
 1.584893e-02	 5.356760e-08	 2.327108e-12	 1.650423e-08	 7.210316e-13	-3.417790e-08	 1.478685e-12	 5.356760e-08	 2.327108e-12	 1.650423e-08	 7.210316e-13	 0.000000e+00	 0.000000e+00	-3.417790e-08	 1.478685e-12	 0.000000e+00	 0.000000e+00	 0.000000e+00	 0.000000e+00
 1.819701e-02	 8.527726e-08	 3.698053e-12	 2.637488e-08	 1.150827e-12	-5.425785e-08	 2.341976e-12	 8.527726e-08	 3.698053e-12	 2.637488e-08	 1.150827e-12	 0.000000e+00	 0.000000e+00	-5.425785e-08	 2.341976e-12	 0.000000e+00	 0.000000e+00	 0.000000e+00	 0.000000e+00
 2.089296e-02	 1.354158e-07	 5.860527e-12	 4.206198e-08	 1.832800e-12	-8.588591e-08	 3.697436e-12	 1.354158e-07	 5.860527e-12	 4.206198e-08	 1.832800e-12	 0.000000e+00	 0.000000e+00	-8.588591e-08	 3.697436e-12	 0.000000e+00	 0.000000e+00	 0.000000e+00	 0.000000e+00
 2.398833e-02	 2.144252e-07	 9.259142e-12	 6.692303e-08	 2.911240e-12	-1.355093e-07	 5.816642e-12	 2.144252e-07	 9.259142e-12	 6.692303e-08	 2.911240e-12	 0.000000e+00	 0.000000e+00	-1.355093e-07	 5.816642e-12	 0.000000e+00	 0.000000e+00	 0.000000e+00	 0.000000e+00
 2.754229e-02	 3.384583e-07	 1.457909e-11	 1.061980e-07	 4.607464e-12	-2.130274e-07	 9.114261e-12	 3.384583e-07	 1.457909e-11	 1.061980e-07	 4.607464e-12	 0.000000e+00	 0.000000e+00	-2.130274e-07	 9.114261e-12	 0.000000e+00	 0.000000e+00	 0.000000e+00	 0.000000e+00
 3.162278e-02	 5.323485e-07	 2.286701e-11	 1.680224e-07	 7.268134e-12	-3.335312e-07	 1.421846e-11	 5.323485e-07	 2.286701e-11	 1.680224e-07	 7.268134e-12	 0.000000e+00	 0.000000e+00	-3.335312e-07	 1.421846e-11	 0.000000e+00	 0.000000e+00	 0.000000e+00	 0.000000e+00
 3.630781e-02	 8.340131e-07	 3.568790e-11	 2.649516e-07	 1.142818e-11	-5.198433e-07	 2.207189e-11	 8.340131e-07	 3.568790e-11	 2.649516e-07	 1.142818e-11	 0.000000e+00	 0.000000e+00	-5.198433e-07	 2.207189e-11	 0.000000e+00	 0.000000e+00	 0.000000e+00	 0.000000e+00
 4.168694e-02	 1.300909e-06	 5.541172e-11	 4.162333e-07	 1.790423e-11	-8.061717e-07	 3.406035e-11	 1.300909e-06	 5.541172e-11	 4.162333e-07	 1.790423e-11	 0.000000e+00	 0.000000e+00	-8.061717e-07	 3.406035e-11	 0.000000e+00	 0.000000e+00	 0.000000e+00	 0.000000e+00
 4.786301e-02	 2.019364e-06	 8.559401e-11	 6.511520e-07	 2.792770e-11	-1.243284e-06	 5.219554e-11	 2.019364e-06	 8.559401e-11	 6.511520e-07	 2.792770e-11	 0.000000e+00	 0.000000e+00	-1.243284e-06	 5.219554e-11	 0.000000e+00	 0.000000e+00	 0.000000e+00	 0.000000e+00
 5.495409e-02	 3.117879e-06	 1.315053e-10	 1.013887e-06	 4.333792e-11	-1.905698e-06	 7.947169e-11	 3.117879e-06	 1.315053e-10	 1.013887e-06	 4.333792e-11	 0.000000e+00	 0.000000e+00	-1.905698e-06	 7.947169e-11	 0.000000e+00	 0.000000e+00	 0.000000e+00	 0.000000e+00
 6.309573e-02	 4.785746e-06	 2.007426e-10	 1.570452e-06	 6.687654e-11	-2.901468e-06	 1.201526e-10	 4.785746e-06	 2.007426e-10	 1.570452e-06	 6.687654e-11	 0.000000e+00	 0.000000e+00	-2.901468e-06	 1.201526e-10	 0.000000e+00	 0.000000e+00	 0.000000e+00	 0.000000e+00
 7.244360e-02	 7.298632e-06	 3.042816e-10	 2.418439e-06	 1.025629e-10	-4.385152e-06	 1.801945e-10	 7.298632e-06	 3.042816e-10	 2.418439e-06	 1.025629e-10	 0.000000e+00	 0.000000e+00	-4.385152e-06	 1.801945e-10	 0.000000e+00	 0.000000e+00	 0.000000e+00	 0.000000e+00
 8.317638e-02	 1.105294e-05	 4.577518e-10	 3.700392e-06	 1.562546e-10	-6.574527e-06	 2.678585e-10	 1.105294e-05	 4.577518e-10	 3.700392e-06	 1.562546e-10	 0.000000e+00	 0.000000e+00	-6.574527e-06	 2.678585e-10	 0.000000e+00	 0.000000e+00	 0.000000e+00	 0.000000e+00
 9.549926e-02	 1.661079e-05	 6.830754e-10	 5.621710e-06	 2.363887e-10	-9.771333e-06	 3.943711e-10	 1.661079e-05	 6.830754e-10	 5.621710e-06	 2.363887e-10	 0.000000e+00	 0.000000e+00	-9.771333e-06	 3.943711e-10	 0.000000e+00	 0.000000e+00	 0.000000e+00	 0.000000e+00
 1.096478e-01	 2.475700e-05	 1.010845e-09	 8.473878e-06	 3.548977e-10	-1.438586e-05	 5.746310e-10	 2.475700e-05	 1.010845e-09	 8.473878e-06	 3.548977e-10	 0.000000e+00	 0.000000e+00	-1.438586e-05	 5.746310e-10	 0.000000e+00	 0.000000e+00	 0.000000e+00	 0.000000e+00
 1.258925e-01	 3.656874e-05	 1.481940e-09	 1.266349e-05	 5.277859e-10	-2.096443e-05	 8.289867e-10	 3.656874e-05	 1.481940e-09	 1.266349e-05	 5.277859e-10	 0.000000e+00	 0.000000e+00	-2.096443e-05	 8.289867e-10	 0.000000e+00	 0.000000e+00	 0.000000e+00	 0.000000e+00
 1.445440e-01	 5.349649e-05	 2.152077e-09	 1.874676e-05	 7.764740e-10	-3.021716e-05	 1.181575e-09	 5.349649e-05	 2.152077e-09	 1.874676e-05	 7.764740e-10	 0.000000e+00	 0.000000e+00	-3.021716e-05	 1.181575e-09	 0.000000e+00	 0.000000e+00	 0.000000e+00	 0.000000e+00
 1.659587e-01	 7.745207e-05	 3.085668e-09	 2.746798e-05	 1.129508e-09	-4.304226e-05	 1.662292e-09	 7.745207e-05	 3.085668e-09	 2.746798e-05	 1.129508e-09	 0.000000e+00	 0.000000e+00	-4.304226e-05	 1.662292e-09	 0.000000e+00	 0.000000e+00	 0.000000e+00	 0.000000e+00
 1.905461e-01	 1.108963e-04	 4.373377e-09	 3.979823e-05	 1.624220e-09	-6.054004e-05	 2.303741e-09	 1.108963e-04	 4.373377e-09	 3.979823e-05	 1.624220e-09	 0.000000e+00	 0.000000e+00	-6.054004e-05	 2.303741e-09	 0.000000e+00	 0.000000e+00	 0.000000e+00	 0.000000e+00
 2.187762e-01	 1.569117e-04	 6.122067e-09	 5.696810e-05	 2.308780e-09	-8.400801e-05	 3.143653e-09	 1.569117e-04	 6.122067e-09	 5.696810e-05	 2.308780e-09	 0.000000e+00	 0.000000e+00	-8.400801e-05	 3.143653e-09	 0.000000e+00	 0.000000e+00	 0.000000e+00	 0.000000e+00
 2.511886e-01	 2.192412e-04	 8.465201e-09	 8.048459e-05	 3.239497e-09	-1.149056e-04	 4.221945e-09	 2.192412e-04	 8.465201e-09	 8.048459e-05	 3.239497e-09	 0.000000e+00	 0.000000e+00	-1.149056e-04	 4.221945e-09	 0.000000e+00	 0.000000e+00	 0.000000e+00	 0.000000e+00
 2.884032e-01	 3.022690e-04	 1.155221e-08	 1.121195e-04	 4.473882e-09	-1.547767e-04	 5.579165e-09	 3.022690e-04	 1.155221e-08	 1.121195e-04	 4.473882e-09	 0.000000e+00	 0.000000e+00	-1.547767e-04	 5.579165e-09	 0.000000e+00	 0.000000e+00	 0.000000e+00	 0.000000e+00
 3.311311e-01	 4.109123e-04	 1.552524e-08	 1.538550e-04	 6.082513e-09	-2.051175e-04	 7.239499e-09	 4.109123e-04	 1.552524e-08	 1.538550e-04	 6.082513e-09	 0.000000e+00	 0.000000e+00	-2.051175e-04	 7.239499e-09	 0.000000e+00	 0.000000e+00	 0.000000e+00	 0.000000e+00
 3.801894e-01	 5.504027e-04	 2.053358e-08	 2.077719e-04	 8.155120e-09	-2.671842e-04	 9.194398e-09	 5.504027e-04	 2.053358e-08	 2.077719e-04	 8.155120e-09	 0.000000e+00	 0.000000e+00	-2.671842e-04	 9.194398e-09	 0.000000e+00	 0.000000e+00	 0.000000e+00	 0.000000e+00
 4.365158e-01	 7.259392e-04	 2.677914e-08	 2.758552e-04	 1.144360e-08	-3.417439e-04	 1.144292e-08	 7.259392e-04	 2.677914e-08	 2.758552e-04	 1.144360e-08	 0.000000e+00	 0.000000e+00	-3.417439e-04	 1.144292e-08	 0.000000e+00	 0.000000e+00	 0.000000e+00	 0.000000e+00
 5.011872e-01	 9.422022e-04	 3.439965e-08	 3.597878e-04	 1.488043e-08	-4.287785e-04	 1.395687e-08	 9.422022e-04	 3.439965e-08	 3.597878e-04	 1.488043e-08	 0.000000e+00	 0.000000e+00	-4.287785e-04	 1.395687e-08	 0.000000e+00	 0.000000e+00	 0.000000e+00	 0.000000e+00
 5.754399e-01	 1.202728e-03	 4.589832e-08	 4.605935e-04	 1.900000e-08	-5.271761e-04	 1.661720e-08	 1.202728e-03	 4.589832e-08	 4.605935e-04	 1.900000e-08	 0.000000e+00	 0.000000e+00	-5.271761e-04	 1.661720e-08	 0.000000e+00	 0.000000e+00	 0.000000e+00	 0.000000e+00
 6.606934e-01	 1.509453e-03	 5.726471e-08	 5.783447e-04	 2.381405e-08	-6.344635e-04	 1.930912e-08	 1.509453e-03	 5.726471e-08	 5.783447e-04	 2.381405e-08	 0.000000e+00	 0.000000e+00	-6.344635e-04	 1.930912e-08	 0.000000e+00	 0.000000e+00	 0.000000e+00	 0.000000e+00
 7.585776e-01	 1.861904e-03	 7.028494e-08	 7.118758e-04	 2.929372e-08	-7.466312e-04	 2.196275e-08	 1.861904e-03	 7.028494e-08	 7.118758e-04	 2.929372e-08	 0.000000e+00	 0.000000e+00	-7.466312e-04	 2.196275e-08	 0.000000e+00	 0.000000e+00	 0.000000e+00	 0.000000e+00
 8.709636e-01	 2.256893e-03	 8.486692e-08	 8.585791e-04	 3.532547e-08	-8.581130e-04	 2.455951e-08	 2.256893e-03	 8.486692e-08	 8.585791e-04	 3.532547e-08	 0.000000e+00	 0.000000e+00	-8.581130e-04	 2.455951e-08	 0.000000e+00	 0.000000e+00	 0.000000e+00	 0.000000e+00
 1.000000e+00	 2.688331e-03	 1.007933e-07	 1.014378e-03	 4.177520e-08	-9.619728e-04	 2.720044e-08	 2.688331e-03	 1.007933e-07	 1.014378e-03	 4.177520e-08	 0.000000e+00	 0.000000e+00	-9.619728e-04	 2.720044e-08	 0.000000e+00	 0.000000e+00	 0.000000e+00	 0.000000e+00
 1.148154e+00	 3.147335e-03	 1.177651e-07	 1.173882e-03	 4.841346e-08	-1.050316e-03	 3.014147e-08	 3.147335e-03	 1.177651e-07	 1.173882e-03	 4.841346e-08	 0.000000e+00	 0.000000e+00	-1.050316e-03	 3.014147e-08	 0.000000e+00	 0.000000e+00	 0.000000e+00	 0.000000e+00
 1.318257e+00	 3.622743e-03	 1.354196e-07	 1.330740e-03	 5.504020e-08	-1.114854e-03	 3.682678e-08	 3.622743e-03	 1.354196e-07	 1.330740e-03	 5.504020e-08	 0.000000e+00	 0.000000e+00	-1.114854e-03	 3.682678e-08	 0.000000e+00	 0.000000e+00	 0.000000e+00	 0.000000e+00
 1.513561e+00	 4.101847e-03	 1.533006e-07	 1.478195e-03	 6.137302e-08	-1.147857e-03	 4.166590e-08	 4.101847e-03	 1.533006e-07	 1.478195e-03	 6.137302e-08	 0.000000e+00	 0.000000e+00	-1.147857e-03	 4.166590e-08	 0.000000e+00	 0.000000e+00	 0.000000e+00	 0.000000e+00
 1.737801e+00	 4.571349e-03	 1.711447e-07	 1.609671e-03	 6.724740e-08	-1.142675e-03	 4.387108e-08	 4.571349e-03	 1.711447e-07	 1.609671e-03	 6.724740e-08	 0.000000e+00	 0.000000e+00	-1.142675e-03	 4.387108e-08	 0.000000e+00	 0.000000e+00	 0.000000e+00	 0.000000e+00
 1.995262e+00	 5.018333e-03	 1.885792e-07	 1.719421e-03	 7.237053e-08	-1.094506e-03	 5.040541e-08	 5.018333e-03	 1.885792e-07	 1.719421e-03	 7.237053e-08	 0.000000e+00	 0.000000e+00	-1.094506e-03	 5.040541e-08	 0.000000e+00	 0.000000e+00	 0.000000e+00	 0.000000e+00
 2.290868e+00	 5.431197e-03	 2.052330e-07	 1.803047e-03	 7.667776e-08	-1.001149e-03	 6.347212e-08	 5.431197e-03	 2.052330e-07	 1.803047e-03	 7.667776e-08	 0.000000e+00	 0.000000e+00	-1.001149e-03	 6.347212e-08	 0.000000e+00	 0.000000e+00	 0.000000e+00	 0.000000e+00
 2.630268e+00	 5.800318e-03	 2.210729e-07	 1.857817e-03	 6.702154e-08	-8.630194e-04	 7.308989e-08	 5.800318e-03	 2.210729e-07	 1.857817e-03	 6.702154e-08	 0.000000e+00	 0.000000e+00	-8.630194e-04	 7.308989e-08	 0.000000e+00	 0.000000e+00	 0.000000e+00	 0.000000e+00
 3.019952e+00	 6.118408e-03	 2.354940e-07	 1.882755e-03	 6.810238e-08	-6.832325e-04	 8.363635e-08	 6.118408e-03	 2.354940e-07	 1.882755e-03	 6.810238e-08	 0.000000e+00	 0.000000e+00	-6.832325e-04	 8.363635e-08	 0.000000e+00	 0.000000e+00	 0.000000e+00	 0.000000e+00
 3.467369e+00	 6.380724e-03	 2.486162e-07	 1.878659e-03	 6.830739e-08	-4.673204e-04	 9.474178e-08	 6.380724e-03	 2.486162e-07	 1.878659e-03	 6.830739e-08	 0.000000e+00	 0.000000e+00	-4.673204e-04	 9.474178e-08	 0.000000e+00	 0.000000e+00	 0.000000e+00	 0.000000e+00
 3.981072e+00	 6.584941e-03	 2.603873e-07	 1.847765e-03	 6.768809e-08	-2.226813e-04	 1.062797e-07	 6.584941e-03	 2.603873e-07	 1.847765e-03	 6.768809e-08	 0.000000e+00	 0.000000e+00	-2.226813e-04	 1.062797e-07	 0.000000e+00	 0.000000e+00	 0.000000e+00	 0.000000e+00
 4.570882e+00	 6.730792e-03	 2.704481e-07	 1.793411e-03	 6.629196e-08	 4.208176e-05	 1.179333e-07	 6.730792e-03	 2.704481e-07	 1.793411e-03	 6.629196e-08	 0.000000e+00	 0.000000e+00	 4.208176e-05	 1.179333e-07	 0.000000e+00	 0.000000e+00	 0.000000e+00	 0.000000e+00
 5.248075e+00	 6.819819e-03	 2.789388e-07	 1.719625e-03	 6.430907e-08	 3.178008e-04	 1.297385e-07	 6.819819e-03	 2.789388e-07	 1.719625e-03	 6.430907e-08	 0.000000e+00	 0.000000e+00	 3.178008e-04	 1.297385e-07	 0.000000e+00	 0.000000e+00	 0.000000e+00	 0.000000e+00
 6.025596e+00	 6.854904e-03	 2.864504e-07	 1.630858e-03	 6.244427e-08	 5.953740e-04	 1.419003e-07	 6.854904e-03	 2.864504e-07	 1.630858e-03	 6.244427e-08	 0.000000e+00	 0.000000e+00	 5.953740e-04	 1.419003e-07	 0.000000e+00	 0.000000e+00	 0.000000e+00	 0.000000e+00
 6.918310e+00	 6.839912e-03	 2.919634e-07	 1.531179e-03	 5.941409e-08	 8.663769e-04	 1.540495e-07	 6.839912e-03	 2.919634e-07	 1.531179e-03	 5.941409e-08	 0.000000e+00	 0.000000e+00	 8.663769e-04	 1.540495e-07	 0.000000e+00	 0.000000e+00	 0.000000e+00	 0.000000e+00
 7.943282e+00	 6.779316e-03	 2.969623e-07	 1.424713e-03	 5.616182e-08	 1.123462e-03	 1.662492e-07	 6.779316e-03	 2.969623e-07	 1.424713e-03	 5.616182e-08	 0.000000e+00	 0.000000e+00	 1.123462e-03	 1.662492e-07	 0.000000e+00	 0.000000e+00	 0.000000e+00	 0.000000e+00
 9.120108e+00	 6.677959e-03	 3.006894e-07	 1.315008e-03	 5.265105e-08	 1.360595e-03	 1.777297e-07	 6.677959e-03	 3.006894e-07	 1.315008e-03	 5.265105e-08	 0.000000e+00	 0.000000e+00	 1.360595e-03	 1.777297e-07	 0.000000e+00	 0.000000e+00	 0.000000e+00	 0.000000e+00
 1.047129e+01	 6.540898e-03	 3.029415e-07	 1.204959e-03	 4.994930e-08	 1.573175e-03	 1.880659e-07	 6.540898e-03	 3.029415e-07	 1.204959e-03	 4.994930e-08	 0.000000e+00	 0.000000e+00	 1.573175e-03	 1.880659e-07	 0.000000e+00	 0.000000e+00	 0.000000e+00	 0.000000e+00
 1.202264e+01	 6.373139e-03	 3.044450e-07	 1.097189e-03	 4.587375e-08	 1.758032e-03	 1.966494e-07	 6.373139e-03	 3.044450e-07	 1.097189e-03	 4.587375e-08	 0.000000e+00	 0.000000e+00	 1.758032e-03	 1.966494e-07	 0.000000e+00	 0.000000e+00	 0.000000e+00	 0.000000e+00
 1.380384e+01	 6.179469e-03	 3.025442e-07	 9.934420e-04	 4.179170e-08	 1.913337e-03	 2.032151e-07	 6.179469e-03	 3.025442e-07	 9.934420e-04	 4.179170e-08	 0.000000e+00	 0.000000e+00	 1.913337e-03	 2.032151e-07	 0.000000e+00	 0.000000e+00	 0.000000e+00	 0.000000e+00
 1.584893e+01	 5.964636e-03	 2.991436e-07	 8.950313e-04	 3.832366e-08	 2.038511e-03	 2.066051e-07	 5.964636e-03	 2.991436e-07	 8.950313e-04	 3.832366e-08	 0.000000e+00	 0.000000e+00	 2.038511e-03	 2.066051e-07	 0.000000e+00	 0.000000e+00	 0.000000e+00	 0.000000e+00
 1.819701e+01	 5.732942e-03	 2.948175e-07	 8.028348e-04	 3.566317e-08	 2.133950e-03	 2.083427e-07	 5.732942e-03	 2.948175e-07	 8.028348e-04	 3.566317e-08	 0.000000e+00	 0.000000e+00	 2.133950e-03	 2.083427e-07	 0.000000e+00	 0.000000e+00	 0.000000e+00	 0.000000e+00
 2.089296e+01	 5.488549e-03	 2.876814e-07	 7.173833e-04	 3.255184e-08	 2.200888e-03	 2.096040e-07	 5.488549e-03	 2.876814e-07	 7.173833e-04	 3.255184e-08	 0.000000e+00	 0.000000e+00	 2.200888e-03	 2.096040e-07	 0.000000e+00	 0.000000e+00	 0.000000e+00	 0.000000e+00
 2.398833e+01	 5.235163e-03	 2.814708e-07	 6.388839e-04	 2.895206e-08	 2.241170e-03	 2.081081e-07	 5.235163e-03	 2.814708e-07	 6.388839e-04	 2.895206e-08	 0.000000e+00	 0.000000e+00	 2.241170e-03	 2.081081e-07	 0.000000e+00	 0.000000e+00	 0.000000e+00	 0.000000e+00
 2.754229e+01	 4.976159e-03	 2.130819e-07	 5.673505e-04	 3.251810e-08	 2.257093e-03	 2.053165e-07	 4.976159e-03	 2.130819e-07	 5.673505e-04	 3.251810e-08	 0.000000e+00	 0.000000e+00	 2.257093e-03	 2.053165e-07	 0.000000e+00	 0.000000e+00	 0.000000e+00	 0.000000e+00
 3.162278e+01	 4.714422e-03	 2.052787e-07	 5.024910e-04	 2.933426e-08	 2.251210e-03	 1.526439e-07	 4.714422e-03	 2.052787e-07	 5.024910e-04	 2.933426e-08	 0.000000e+00	 0.000000e+00	 2.251210e-03	 1.526439e-07	 0.000000e+00	 0.000000e+00	 0.000000e+00	 0.000000e+00
 3.630781e+01	 4.452748e-03	 1.990542e-07	 4.440510e-04	 2.634338e-08	 2.226124e-03	 1.954080e-07	 4.452748e-03	 1.990542e-07	 4.440510e-04	 2.634338e-08	 0.000000e+00	 0.000000e+00	 2.226124e-03	 1.954080e-07	 0.000000e+00	 0.000000e+00	 0.000000e+00	 0.000000e+00
 4.168694e+01	 4.193421e-03	 1.921843e-07	 3.916442e-04	 2.363211e-08	 2.184578e-03	 1.886651e-07	 4.193421e-03	 1.921843e-07	 3.916442e-04	 2.363211e-08	 0.000000e+00	 0.000000e+00	 2.184578e-03	 1.886651e-07	 0.000000e+00	 0.000000e+00	 0.000000e+00	 0.000000e+00
 4.786301e+01	 3.938401e-03	 1.836117e-07	 3.448388e-04	 2.118473e-08	 2.129257e-03	 1.822174e-07	 3.938401e-03	 1.836117e-07	 3.448388e-04	 2.118473e-08	 0.000000e+00	 0.000000e+00	 2.129257e-03	 1.822174e-07	 0.000000e+00	 0.000000e+00	 0.000000e+00	 0.000000e+00
 5.495409e+01	 3.689388e-03	 1.753136e-07	 3.031550e-04	 1.554581e-08	 2.062662e-03	 1.747677e-07	 3.689388e-03	 1.753136e-07	 3.031550e-04	 1.554581e-08	 0.000000e+00	 0.000000e+00	 2.062662e-03	 1.747677e-07	 0.000000e+00	 0.000000e+00	 0.000000e+00	 0.000000e+00
 6.309573e+01	 3.447592e-03	 1.821935e-07	 2.661951e-04	 1.385310e-08	 1.987063e-03	 1.676768e-07	 3.447592e-03	 1.821935e-07	 2.661951e-04	 1.385310e-08	 0.000000e+00	 0.000000e+00	 1.987063e-03	 1.676768e-07	 0.000000e+00	 0.000000e+00	 0.000000e+00	 0.000000e+00
 7.244360e+01	 3.214477e-03	 1.591671e-07	 2.334836e-04	 1.233074e-08	 1.904582e-03	 1.606177e-07	 3.214477e-03	 1.591671e-07	 2.334836e-04	 1.233074e-08	 0.000000e+00	 0.000000e+00	 1.904582e-03	 1.606177e-07	 0.000000e+00	 0.000000e+00	 0.000000e+00	 0.000000e+00
 8.317638e+01	 2.990521e-03	 1.513329e-07	 2.045914e-04	 1.070906e-08	 1.817123e-03	 1.223386e-07	 2.990521e-03	 1.513329e-07	 2.045914e-04	 1.070906e-08	 0.000000e+00	 0.000000e+00	 1.817123e-03	 1.223386e-07	 0.000000e+00	 0.000000e+00	 0.000000e+00	 0.000000e+00
 9.549926e+01	 2.776461e-03	 1.435676e-07	 1.791483e-04	 1.201549e-08	 1.726497e-03	 1.166484e-07	 2.776461e-03	 1.435676e-07	 1.791483e-04	 1.201549e-08	 0.000000e+00	 0.000000e+00	 1.726497e-03	 1.166484e-07	 0.000000e+00	 0.000000e+00	 0.000000e+00	 0.000000e+00
 1.096478e+02	 2.572727e-03	 1.363122e-07	 1.567398e-04	 1.063162e-08	 1.634107e-03	 1.112979e-07	 2.572727e-03	 1.363122e-07	 1.567398e-04	 1.063162e-08	 0.000000e+00	 0.000000e+00	 1.634107e-03	 1.112979e-07	 0.000000e+00	 0.000000e+00	 0.000000e+00	 0.000000e+00
 1.258925e+02	 2.379549e-03	 1.290290e-07	 1.370495e-04	 9.439748e-09	 1.541205e-03	 1.062518e-07	 2.379549e-03	 1.290290e-07	 1.370495e-04	 9.439748e-09	 0.000000e+00	 0.000000e+00	 1.541205e-03	 1.062518e-07	 0.000000e+00	 0.000000e+00	 0.000000e+00	 0.000000e+00
 1.445440e+02	 2.196954e-03	 1.308227e-07	 1.197631e-04	 6.567801e-09	 1.448876e-03	 1.005093e-07	 2.196954e-03	 1.308227e-07	 1.197631e-04	 6.567801e-09	 0.000000e+00	 0.000000e+00	 1.448876e-03	 1.005093e-07	 0.000000e+00	 0.000000e+00	 0.000000e+00	 0.000000e+00
 1.659587e+02	 2.025110e-03	 1.222917e-07	 1.046139e-04	 5.907488e-09	 1.358045e-03	 9.841986e-08	 2.025110e-03	 1.222917e-07	 1.046139e-04	 5.907488e-09	 0.000000e+00	 0.000000e+00	 1.358045e-03	 9.841986e-08	 0.000000e+00	 0.000000e+00	 0.000000e+00	 0.000000e+00
 1.905461e+02	 1.863864e-03	 1.055420e-07	 9.134507e-05	 5.189331e-09	 1.269273e-03	 8.865101e-08	 1.863864e-03	 1.055420e-07	 9.134507e-05	 5.189331e-09	 0.000000e+00	 0.000000e+00	 1.269273e-03	 8.865101e-08	 0.000000e+00	 0.000000e+00	 0.000000e+00	 0.000000e+00
 2.187762e+02	 1.712841e-03	 9.841755e-08	 7.973178e-05	 4.558371e-09	 1.183274e-03	 8.353877e-08	 1.712841e-03	 9.841755e-08	 7.973178e-05	 4.558371e-09	 0.000000e+00	 0.000000e+00	 1.183274e-03	 8.353877e-08	 0.000000e+00	 0.000000e+00	 0.000000e+00	 0.000000e+00
 2.511886e+02	 1.571819e-03	 9.206396e-08	 6.957416e-05	 4.013481e-09	 1.100473e-03	 7.747662e-08	 1.571819e-03	 9.206396e-08	 6.957416e-05	 4.013481e-09	 0.000000e+00	 0.000000e+00	 1.100473e-03	 7.747662e-08	 0.000000e+00	 0.000000e+00	 0.000000e+00	 0.000000e+00
 2.884032e+02	 1.440450e-03	 8.625027e-08	 6.069697e-05	 4.544506e-09	 1.021251e-03	 7.776586e-08	 1.440450e-03	 8.625027e-08	 6.069697e-05	 4.544506e-09	 0.000000e+00	 0.000000e+00	 1.021251e-03	 7.776586e-08	 0.000000e+00	 0.000000e+00	 0.000000e+00	 0.000000e+00
 3.311311e+02	 1.318391e-03	 8.082002e-08	 5.293863e-05	 4.010479e-09	 9.457211e-04	 9.416756e-08	 1.318391e-03	 8.082002e-08	 5.293863e-05	 4.010479e-09	 0.000000e+00	 0.000000e+00	 9.457211e-04	 9.416756e-08	 0.000000e+00	 0.000000e+00	 0.000000e+00	 0.000000e+00
 3.801894e+02	 1.205203e-03	 7.562793e-08	 4.616322e-05	 3.544217e-09	 8.740181e-04	 8.863282e-08	 1.205203e-03	 7.562793e-08	 4.616322e-05	 3.544217e-09	 0.000000e+00	 0.000000e+00	 8.740181e-04	 8.863282e-08	 0.000000e+00	 0.000000e+00	 0.000000e+00	 0.000000e+00
 4.365158e+02	 1.100522e-03	 9.747315e-08	 4.024833e-05	 3.129831e-09	 8.062771e-04	 8.274651e-08	 1.100522e-03	 9.747315e-08	 4.024833e-05	 3.129831e-09	 0.000000e+00	 0.000000e+00	 8.062771e-04	 8.274651e-08	 0.000000e+00	 0.000000e+00	 0.000000e+00	 0.000000e+00
 5.011872e+02	 1.003706e-03	 6.528758e-08	 3.508632e-05	 2.759010e-09	 7.425036e-04	 7.776897e-08	 1.003706e-03	 6.528758e-08	 3.508632e-05	 2.759010e-09	 0.000000e+00	 0.000000e+00	 7.425036e-04	 7.776897e-08	 0.000000e+00	 0.000000e+00	 0.000000e+00	 0.000000e+00
 5.754399e+02	 9.144791e-04	 6.078479e-08	 3.058257e-05	 2.430167e-09	 6.826392e-04	 5.527159e-08	 9.144791e-04	 6.078479e-08	 3.058257e-05	 2.430167e-09	 0.000000e+00	 0.000000e+00	 6.826392e-04	 5.527159e-08	 0.000000e+00	 0.000000e+00	 0.000000e+00	 0.000000e+00
 6.606934e+02	 8.323415e-04	 5.592296e-08	 2.665408e-05	 2.138148e-09	 6.266585e-04	 5.159933e-08	 8.323415e-04	 5.592296e-08	 2.665408e-05	 2.138148e-09	 0.000000e+00	 0.000000e+00	 6.266585e-04	 5.159933e-08	 0.000000e+00	 0.000000e+00	 0.000000e+00	 0.000000e+00
 7.585776e+02	 7.568457e-04	 5.191823e-08	 2.322811e-05	 1.875803e-09	 5.744384e-04	 4.801412e-08	 7.568457e-04	 5.191823e-08	 2.322811e-05	 1.875803e-09	 0.000000e+00	 0.000000e+00	 5.744384e-04	 4.801412e-08	 0.000000e+00	 0.000000e+00	 0.000000e+00	 0.000000e+00
 8.709636e+02	 6.875673e-04	 4.812243e-08	 2.024086e-05	 1.640611e-09	 5.257844e-04	 4.147044e-08	 6.875673e-04	 4.812243e-08	 2.024086e-05	 1.640611e-09	 0.000000e+00	 0.000000e+00	 5.257844e-04	 4.147044e-08	 0.000000e+00	 0.000000e+00	 0.000000e+00	 0.000000e+00
 1.000000e+03	 6.240572e-04	 4.374532e-08	 1.763660e-05	 1.435831e-09	 4.806895e-04	 3.847526e-08	 6.240572e-04	 4.374532e-08	 1.763660e-05	 1.435831e-09	 0.000000e+00	 0.000000e+00	 4.806895e-04	 3.847526e-08	 0.000000e+00	 0.000000e+00	 0.000000e+00	 0.000000e+00
