 0.000000e+00  1.000000e+00  0.000000e+00
 1.000000e+00  2.000000e+00  0.000000e+00
 2.000000e+00  3.000000e+00  0.000000e+00
 3.000000e+00  4.000000e+00  1.646969e-03
 4.000000e+00  5.000000e+00  3.420372e-03
 5.000000e+00  6.000000e+00  2.938959e-03
 6.000000e+00  7.000000e+00  2.005110e-03
 7.000000e+00  8.000000e+00  1.266421e-03
 8.000000e+00  9.000000e+00  7.815504e-04
 9.000000e+00  1.000000e+01  4.871963e-04
 1.000000e+01  1.100000e+01  3.031803e-04
 1.100000e+01  1.200000e+01  1.920535e-04
 1.200000e+01  1.300000e+01  1.255346e-04
 1.300000e+01  1.400000e+01  8.274640e-05
 1.400000e+01  1.500000e+01  5.392746e-05
 1.500000e+01  1.600000e+01  3.704340e-05
 1.600000e+01  1.700000e+01  2.457419e-05
 1.700000e+01  1.800000e+01  1.715547e-05
 1.800000e+01  1.900000e+01  1.223133e-05
 1.900000e+01  2.000000e+01  8.531368e-06
 2.000000e+01  2.100000e+01  6.036436e-06
 2.100000e+01  2.200000e+01  4.067492e-06
 2.200000e+01  2.300000e+01  3.145770e-06
 2.300000e+01  2.400000e+01  2.297474e-06
 2.400000e+01  2.500000e+01  1.689282e-06
 2.500000e+01  2.600000e+01  1.187652e-06
 2.600000e+01  2.700000e+01  9.440694e-07
 2.700000e+01  2.800000e+01  7.194395e-07
 2.800000e+01  2.900000e+01  5.232223e-07
 2.900000e+01  3.000000e+01  3.991108e-07
 3.000000e+01  3.100000e+01  2.874818e-07
 3.100000e+01  3.200000e+01  2.208476e-07
 3.200000e+01  3.300000e+01  1.711442e-07
 3.300000e+01  3.400000e+01  1.404821e-07
 3.400000e+01  3.500000e+01  1.118498e-07
 3.500000e+01  3.600000e+01  7.896314e-08
 3.600000e+01  3.700000e+01  7.118812e-08
 3.700000e+01  3.800000e+01  4.791765e-08
 3.800000e+01  3.900000e+01  3.915012e-08
 3.900000e+01  4.000000e+01  3.192736e-08
