 1.000000e-03	 1.347397e-02	 1.549910e-06	 3.445742e-06	 6.158639e-11	 1.346792e-02	 1.816054e-06	 1.621113e-02	 1.645230e-06	 2.440722e-03	 2.385753e-07	 1.377066e-02	 1.651980e-06	-6.790162e-07	 5.365342e-07	 1.103328e-02	 3.135798e-04	 7.308252e-12	 1.076815e-11	 1.000000e-03	 1.343914e-02	 2.502049e-05	 3.439243e-06	 6.009279e-09	 1.347797e-02	 1.847339e-05	 1.617272e-02	 2.980488e-05	 2.434323e-03	 4.524100e-06	 1.378223e-02	 1.873373e-05	 1.367808e-06	 1.053297e-06	-1.369866e-06	 1.053900e-06	-3.902892e-12	 5.632779e-10
 1.148154e-03	 1.396290e-02	 2.279017e-06	 4.113441e-06	 7.346666e-11	 1.397245e-02	 5.792792e-06	 1.681008e-02	 2.401493e-06	 2.529135e-03	 2.479765e-07	 1.429592e-02	 5.053646e-06	 1.367761e-05	 2.821497e-06	-1.242050e-05	 3.071633e-06	 8.296963e-12	 1.200085e-11	 1.148154e-03	 1.396915e-02	 1.981449e-05	 4.121292e-06	 6.295318e-09	 1.396981e-02	 2.305584e-05	 1.681766e-02	 2.354205e-05	 2.526266e-03	 3.569165e-06	 1.426443e-02	 1.989676e-05	 1.623709e-06	 1.174902e-06	-1.183088e-06	 1.194461e-06	-6.309976e-12	 6.468523e-10
 1.318257e-03	 1.445320e-02	 2.427429e-06	 4.905849e-06	 8.756206e-11	 1.444293e-02	 1.601249e-06	 1.740800e-02	 2.172234e-06	 2.618057e-03	 1.935878e-07	 1.479292e-02	 2.206936e-06	 9.892551e-06	 4.090133e-06	-4.642501e-06	 2.555782e-06	 9.825615e-12	 1.379283e-11	 1.318257e-03	 1.443308e-02	 2.054785e-05	 4.902739e-06	 6.380632e-09	 1.443961e-02	 2.554503e-05	 1.742330e-02	 2.423485e-05	 2.615739e-03	 4.614623e-06	 1.479801e-02	 2.804307e-05	 1.763000e-06	 1.323299e-06	 9.471932e-07	 1.329428e-06	-2.496172e-10	 7.431291e-10
 1.513561e-03	 2.766820e-03	 2.271678e-04	 5.845274e-06	 1.042627e-10	 1.492393e-02	 1.597762e-06	 5.700558e-03	 2.631952e-04	 2.707070e-03	 1.041559e-07	 1.529587e-02	 1.560289e-06	-1.462599e-02	 3.769931e-04	 1.601013e-02	 2.917746e-04	 1.248098e-11	 1.581705e-11	 1.513561e-03	 1.493053e-02	 2.164802e-05	 5.844535e-06	 7.589930e-09	 1.490576e-02	 2.870347e-05	 1.799491e-02	 2.573065e-05	 2.708638e-03	 4.214511e-06	 1.528215e-02	 2.179241e-05	-1.007270e-06	 1.703749e-06	-8.178558e-09	 1.477367e-06	 3.843851e-11	 8.537352e-10
 1.737801e-03	 1.541626e-02	 2.952031e-07	 6.957795e-06	 1.240240e-10	 1.540887e-02	 4.339389e-07	 1.860219e-02	 6.060071e-07	 2.795609e-03	 7.510689e-08	 1.580619e-02	 4.401534e-07	-2.745668e-07	 1.107524e-06	-1.792523e-05	 7.675195e-06	 1.432782e-11	 1.816074e-11	 1.737801e-03	 1.541799e-02	 2.278824e-05	 6.943154e-06	 1.141233e-08	 1.546785e-02	 2.722843e-05	 1.860761e-02	 3.393539e-05	 2.786629e-03	 4.132571e-06	 1.579480e-02	 2.841128e-05	-4.995496e-06	 1.761390e-06	-2.151512e-06	 1.652546e-06	 1.270669e-10	 9.801807e-10
 1.995262e-03	 1.589557e-02	 5.486268e-07	 8.273846e-06	 1.473327e-10	 1.588660e-02	 5.896670e-07	 1.919611e-02	 6.704194e-07	 2.883613e-03	 5.619844e-08	 1.631206e-02	 3.253849e-07	-1.409714e-07	 2.672465e-07	 2.615899e-07	 2.798786e-07	 1.644769e-11	 2.085177e-11	 1.995262e-03	 1.589479e-02	 2.441408e-05	 8.266952e-06	 1.122552e-08	 1.584118e-02	 2.367773e-05	 1.918678e-02	 2.871372e-05	 2.886814e-03	 4.300561e-06	 1.631092e-02	 3.298089e-05	-1.999255e-07	 1.841761e-06	 1.924178e-06	 2.118116e-06	-4.028426e-10	 1.126275e-09
 2.290868e-03	 1.636835e-02	 4.021674e-07	 9.828874e-06	 1.749162e-10	 1.635789e-02	 5.698381e-07	 1.978498e-02	 3.914807e-07	 2.970711e-03	 8.721397e-08	 1.681424e-02	 3.335002e-07	-4.019086e-08	 2.022898e-07	-7.667087e-08	 1.992120e-07	 1.888051e-11	 2.394162e-11	 2.290868e-03	 1.636547e-02	 2.524080e-05	 9.810619e-06	 1.353693e-08	 1.634792e-02	 2.483269e-05	 1.977480e-02	 3.072735e-05	 2.975284e-03	 4.508423e-06	 1.683143e-02	 2.515041e-05	 1.407327e-07	 2.706797e-06	-7.503197e-07	 2.051398e-06	 1.421188e-09	 1.296260e-09
 2.630268e-03	 1.683370e-02	 5.298607e-07	 1.166409e-05	 2.074246e-10	 1.682101e-02	 5.576047e-07	 2.036658e-02	 6.249722e-07	 3.056647e-03	 6.340856e-08	 1.731015e-02	 6.571763e-07	-9.754667e-08	 2.445219e-07	-5.297829e-03	 1.591399e-04	-1.683100e-11	 2.704230e-11	 2.630268e-03	 1.687900e-02	 3.532232e-05	 1.168202e-05	 1.628446e-08	 1.683485e-02	 2.604804e-05	 2.043760e-02	 4.038866e-05	 3.057481e-03	 4.788747e-06	 1.731531e-02	 2.635416e-05	-5.785648e-06	 2.419378e-06	 1.228043e-07	 2.271775e-06	 2.126766e-10	 1.486049e-09
 3.019952e-03	 1.728824e-02	 7.491393e-07	 1.382729e-05	 2.455855e-10	 1.727388e-02	 7.923312e-07	 2.093827e-02	 4.304411e-07	 3.141106e-03	 1.669640e-07	 1.779786e-02	 2.144933e-06	 4.522851e-07	 5.041359e-07	-3.763179e-07	 4.830799e-07	-1.938389e-11	 3.104825e-11	 3.019952e-03	 1.730063e-02	 2.971322e-05	 1.384844e-05	 1.974831e-08	 1.725615e-02	 3.782435e-05	 2.095811e-02	 3.276654e-05	 3.135760e-03	 5.106575e-06	 1.782107e-02	 3.554640e-05	-2.211363e-06	 3.301719e-06	 1.635479e-07	 2.525601e-06	 4.362224e-09	 1.707298e-09
 3.467369e-03	 1.773133e-02	 9.791979e-07	 1.637381e-05	 2.905058e-10	 1.771365e-02	 9.431694e-07	 2.149846e-02	 1.115708e-06	 3.223385e-03	 6.803554e-08	 1.827494e-02	 9.667032e-07	 1.045118e-07	 4.421678e-07	-2.969428e-07	 4.747678e-07	-2.233266e-11	 3.564769e-11	 3.467369e-03	 1.769975e-02	 3.672186e-05	 1.633058e-05	 2.395349e-08	 1.772463e-02	 2.925842e-05	 2.154818e-02	 4.218589e-05	 3.217384e-03	 5.282452e-06	 1.827417e-02	 2.988875e-05	-3.114288e-07	 3.311101e-06	 8.115941e-07	 2.806818e-06	-7.610642e-10	 1.960129e-09
 3.981072e-03	 1.815797e-02	 4.005876e-07	 1.936754e-05	 3.435567e-10	 1.813694e-02	 4.003162e-07	 2.204186e-02	 6.903422e-07	 3.303456e-03	 7.111241e-08	 1.873826e-02	 4.036274e-07	-3.152786e-07	 2.639164e-07	 3.940359e-08	 1.858587e-07	-2.574430e-11	 4.092869e-11	 3.981072e-03	 1.813218e-02	 3.029693e-05	 1.933557e-05	 3.407026e-08	 1.811826e-02	 3.617861e-05	 2.197413e-02	 4.778919e-05	 3.301346e-03	 5.496224e-06	 1.879801e-02	 3.576942e-05	-2.158881e-06	 3.158951e-06	-7.131303e-07	 3.810839e-06	-1.736315e-09	 2.257549e-09
 4.570882e-03	 1.856756e-02	 4.199224e-07	 2.288202e-05	 4.057327e-10	 1.854267e-02	 4.213870e-07	 2.256781e-02	 4.950868e-07	 3.380740e-03	 7.478947e-08	 1.918711e-02	 4.206305e-07	 8.226530e-08	 1.985417e-07	-2.404371e-08	 9.947110e-08	 1.938780e-11	 4.535607e-11	 4.570882e-03	 1.851193e-02	 4.224816e-05	 2.286834e-05	 4.066515e-08	 1.851720e-02	 3.785565e-05	 2.260689e-02	 4.799722e-05	 3.373491e-03	 5.739498e-06	 1.925873e-02	 4.188562e-05	 1.746987e-06	 3.830249e-06	 2.199951e-06	 4.366628e-06	 1.236461e-09	 2.590302e-09
 5.248075e-03	 1.895650e-02	 4.413247e-07	 2.700173e-05	 4.786323e-10	 1.892712e-02	 4.431463e-07	 2.307238e-02	 5.212293e-07	 3.454804e-03	 7.850684e-08	 1.961757e-02	 4.417479e-07	 2.157299e-07	 1.231023e-07	 4.901135e-09	 2.368624e-07	 2.216889e-11	 5.207442e-11	 5.248075e-03	 1.894122e-02	 3.893720e-05	 2.701875e-05	 5.065168e-08	 1.893476e-02	 3.566290e-05	 2.313101e-02	 4.963345e-05	 3.456282e-03	 6.033605e-06	 1.959557e-02	 4.746773e-05	-1.707821e-07	 4.224765e-06	-1.464473e-06	 3.979520e-06	 8.977135e-11	 2.978368e-09
 6.025596e-03	 1.932173e-02	 4.631347e-07	 3.182332e-05	 5.631131e-10	 1.928700e-02	 4.651717e-07	 2.355208e-02	 5.474238e-07	 3.525183e-03	 8.214016e-08	 2.002684e-02	 4.637735e-07	 1.480575e-07	 1.418326e-07	-8.802561e-08	 2.365172e-07	 2.538415e-11	 5.978730e-11	 6.025596e-03	 1.929299e-02	 3.896059e-05	 3.189051e-05	 6.106030e-08	 1.931119e-02	 4.791865e-05	 2.359305e-02	 4.127700e-05	 3.521091e-03	 6.311482e-06	 2.000175e-02	 3.529362e-05	 9.187675e-06	 4.265266e-06	-5.240633e-08	 5.233515e-06	-4.083388e-09	 3.431639e-09
 6.918310e-03	 1.966009e-02	 4.869936e-07	 3.745703e-05	 6.625010e-10	 1.961928e-02	 4.879952e-07	 2.400333e-02	 5.742594e-07	 3.591360e-03	 8.642150e-08	 2.041194e-02	 4.890590e-07	 8.448352e-08	 2.726400e-07	-6.927934e-08	 1.335690e-07	 2.909089e-11	 6.864171e-11	 6.918310e-03	 1.967308e-02	 4.342310e-05	 3.745378e-05	 5.988668e-08	 1.969472e-02	 4.878932e-05	 2.403155e-02	 4.902586e-05	 3.604202e-03	 8.915752e-06	 2.047549e-02	 4.974939e-05	-3.866269e-06	 4.728736e-06	 1.707159e-06	 5.888863e-06	-1.971758e-09	 3.943227e-09
 7.943282e-03	 1.996819e-02	 5.120931e-07	 4.402810e-05	 7.773140e-10	 1.992023e-02	 5.138829e-07	 2.442237e-02	 6.031593e-07	 3.652831e-03	 9.038109e-08	 2.076951e-02	 5.123897e-07	-5.815711e-08	 1.471284e-07	-9.206688e-08	 1.779575e-07	 3.333901e-11	 7.880650e-11	 7.943282e-03	 1.997600e-02	 3.742919e-05	 4.407732e-05	 8.491583e-08	 1.996167e-02	 3.777661e-05	 2.443359e-02	 5.850328e-05	 3.637401e-03	 6.849795e-06	 2.073294e-02	 3.811312e-05	-9.761389e-06	 6.428821e-06	-9.939469e-06	 5.309912e-06	-7.197932e-09	 4.536351e-09
 9.120108e-03	 2.024233e-02	 5.338191e-07	 5.167819e-05	 9.106972e-10	 2.018677e-02	 8.252083e-07	 2.480584e-02	 9.291171e-07	 3.709045e-03	 9.427028e-08	 2.109599e-02	 5.358683e-07	 3.035823e-08	 1.751170e-07	 4.169843e-07	 1.842326e-07	 3.824224e-11	 9.047500e-11	 9.120108e-03	 2.028978e-02	 3.911720e-05	 5.175901e-05	 8.612475e-08	 2.020221e-02	 3.921395e-05	 2.485780e-02	 4.707119e-05	 3.703730e-03	 7.165470e-06	 2.108454e-02	 4.019506e-05	-4.415291e-06	 5.808601e-06	 9.084386e-06	 7.159401e-06	 5.499634e-09	 5.220492e-09
 1.047129e-02	 2.047957e-02	 8.267328e-07	 6.056670e-05	 1.065191e-09	 2.041288e-02	 5.635088e-07	 2.514719e-02	 6.678626e-07	 3.759443e-03	 9.884892e-08	 2.138771e-02	 5.659517e-07	 5.884779e-08	 2.489904e-07	 6.997925e-08	 1.786845e-07	 4.390057e-11	 1.038688e-10	 1.047129e-02	 2.045980e-02	 4.105059e-05	 6.048990e-05	 1.036638e-07	 2.039823e-02	 4.086460e-05	 2.504459e-02	 6.143116e-05	 3.755354e-03	 1.025679e-05	 2.136551e-02	 4.142228e-05	-4.390041e-06	 6.421212e-06	 2.869120e-06	 8.198863e-06	 3.558183e-09	 6.017071e-09
 1.202264e-02	 2.067373e-02	 5.895558e-07	 7.087210e-05	 1.239795e-09	 2.059650e-02	 5.907830e-07	 2.544439e-02	 6.951904e-07	 3.803458e-03	 1.033094e-07	 2.164087e-02	 5.919180e-07	-5.186237e-07	 2.247350e-07	-7.670476e-08	 2.926948e-07	 5.036598e-11	 1.192430e-10	 1.202264e-02	 2.069700e-02	 4.259152e-05	 7.081561e-05	 1.254779e-07	 2.065507e-02	 4.932918e-05	 2.542303e-02	 6.954700e-05	 3.803576e-03	 9.598339e-06	 2.166888e-02	 4.350507e-05	 4.890188e-06	 7.086214e-06	-6.516329e-06	 9.276493e-06	 7.295523e-10	 6.949113e-09
 1.380384e-02	 2.082285e-02	 6.183663e-07	 8.279286e-05	 1.440580e-09	 2.073263e-02	 6.200291e-07	 2.569208e-02	 7.288221e-07	 3.840508e-03	 1.078973e-07	 2.185150e-02	 6.209388e-07	-5.376023e-07	 2.390604e-07	 6.815351e-08	 2.166699e-07	 5.782249e-11	 1.368899e-10	 1.380384e-02	 2.098994e-02	 4.392184e-05	 8.286521e-05	 1.507691e-07	 2.075121e-02	 5.398677e-05	 2.572800e-02	 5.294570e-05	 3.843125e-03	 9.994712e-06	 2.182042e-02	 5.443726e-05	 6.891949e-06	 8.809133e-06	 7.485718e-06	 8.194694e-06	 3.691356e-09	 8.020027e-09
 1.584893e-02	 2.092184e-02	 6.478275e-07	 9.654808e-05	 1.668448e-09	 2.081663e-02	 6.497258e-07	 2.588532e-02	 7.632023e-07	 3.869963e-03	 1.125591e-07	 2.201524e-02	 6.504673e-07	-1.178622e-08	 2.407811e-07	 1.195986e-08	 2.409670e-07	 6.639057e-11	 1.571450e-10	 1.584893e-02	 2.092815e-02	 4.636083e-05	 9.628136e-05	 1.798243e-07	 2.074551e-02	 5.918798e-05	 2.592274e-02	 5.547899e-05	 3.858618e-03	 8.462435e-06	 2.196769e-02	 4.684106e-05	-6.717054e-06	 8.601404e-06	-1.308417e-06	 8.621789e-06	-1.356782e-09	 9.266024e-09
 1.819701e-02	 2.096632e-02	 6.791278e-07	 1.123776e-04	 1.925213e-09	 2.084388e-02	 6.816835e-07	 2.601923e-02	 8.001583e-07	 3.891247e-03	 1.175442e-07	 2.212788e-02	 6.827561e-07	 3.256328e-07	 2.628110e-07	-3.304158e-07	 2.633496e-07	 7.629376e-11	 1.803921e-10	 1.819701e-02	 2.098566e-02	 5.400471e-05	 1.125842e-04	 2.149679e-07	 2.083915e-02	 6.350856e-05	 2.601890e-02	 7.445780e-05	 3.880430e-03	 9.541555e-06	 2.215724e-02	 4.871532e-05	 4.146596e-06	 1.024280e-05	-1.014514e-05	 9.479199e-06	 1.285868e-08	 1.073960e-08
 2.089296e-02	 2.095166e-02	 7.115549e-07	 1.305413e-04	 2.212539e-09	 2.080938e-02	 7.143323e-07	 2.608870e-02	 8.380814e-07	 3.903721e-03	 1.226125e-07	 2.218479e-02	 7.155662e-07	 9.645145e-09	 2.903421e-07	-6.527200e-09	 2.904700e-07	 8.767898e-11	 2.070727e-10	 2.089296e-02	 2.098790e-02	 5.122955e-05	 1.304902e-04	 3.744823e-07	 2.079228e-02	 5.045403e-05	 2.596879e-02	 6.006137e-05	 3.887124e-03	 9.215604e-06	 2.227959e-02	 5.050488e-05	-2.581977e-05	 1.378125e-05	-1.499791e-05	 1.043167e-05	-1.297634e-08	 1.235685e-08
 2.398833e-02	 2.087305e-02	 7.445806e-07	 1.513171e-04	 2.543523e-09	 2.070810e-02	 7.476742e-07	 2.608838e-02	 8.767435e-07	 3.906754e-03	 1.277556e-07	 2.218138e-02	 7.491571e-07	-7.510781e-09	 3.159287e-07	-2.113346e-08	 3.176986e-07	 1.009139e-10	 2.376905e-10	 2.398833e-02	 2.089584e-02	 5.168342e-05	 1.516089e-04	 3.849654e-07	 2.068718e-02	 5.134228e-05	 2.607930e-02	 6.226006e-05	 3.914549e-03	 9.555673e-06	 2.212568e-02	 7.218279e-05	 3.641975e-06	 1.145889e-05	-1.891585e-06	 1.189310e-05	 1.747015e-08	 1.439787e-08
 2.754229e-02	 2.072583e-02	 7.793106e-07	 1.749961e-04	 3.456392e-09	 2.053503e-02	 7.828566e-07	 2.601307e-02	 9.273062e-07	 3.899742e-03	 1.330816e-07	 2.211302e-02	 7.891027e-07	 5.616495e-09	 3.467134e-07	 7.258833e-08	 3.458115e-07	 1.163284e-10	 2.728254e-10	 2.754229e-02	 2.071094e-02	 5.370260e-05	 1.752917e-04	 3.639721e-07	 2.055410e-02	 5.352315e-05	 2.598152e-02	 6.718344e-05	 3.885662e-03	 1.128337e-05	 2.210989e-02	 7.951484e-05	 8.813770e-06	 1.266441e-05	 1.685032e-05	 1.705034e-05	-2.418002e-08	 1.663185e-08
 3.162278e-02	 2.050489e-02	 8.179182e-07	 2.018846e-04	 3.992394e-09	 2.028474e-02	 8.197754e-07	 2.585738e-02	 9.596113e-07	 3.882058e-03	 1.383132e-07	 2.197491e-02	 8.206736e-07	-9.940339e-08	 3.724937e-07	 9.093958e-08	 3.761402e-07	 1.339742e-10	 3.131428e-10	 3.162278e-02	 2.050657e-02	 7.688509e-05	 2.017447e-04	 5.591841e-07	 2.027764e-02	 5.604643e-05	 2.589623e-02	 7.942501e-05	 3.898102e-03	 1.493441e-05	 2.188074e-02	 7.984041e-05	-7.621274e-06	 1.427377e-05	-1.726807e-05	 1.438019e-05	-1.166907e-08	 1.935959e-08
 3.630781e-02	 2.020551e-02	 8.515285e-07	 2.322854e-04	 4.603187e-09	 1.995213e-02	 8.549609e-07	 2.561586e-02	 1.001510e-06	 3.853093e-03	 1.434941e-07	 2.176215e-02	 8.584260e-07	 4.772467e-07	 4.066581e-07	-5.288940e-07	 4.066950e-07	 1.541060e-10	 3.594006e-10	 3.630781e-02	 2.019921e-02	 5.793286e-05	 2.327459e-04	 5.853934e-07	 1.986726e-02	 5.803511e-05	 2.554680e-02	 6.969388e-05	 3.849206e-03	 1.083406e-05	 2.172464e-02	 5.906029e-05	 1.699011e-05	 1.511096e-05	 6.164328e-06	 1.912319e-05	-4.245634e-08	 2.257841e-08
 4.168694e-02	 1.982241e-02	 8.904046e-07	 2.664940e-04	 5.282328e-09	 1.953159e-02	 8.962859e-07	 2.528295e-02	 1.047688e-06	 3.812201e-03	 1.490589e-07	 2.146979e-02	 9.035794e-07	 5.404727e-07	 4.417784e-07	-5.414130e-07	 4.419509e-07	 1.772317e-10	 4.124642e-10	 4.168694e-02	 1.979634e-02	 5.966844e-05	 2.655735e-04	 6.207701e-07	 1.969365e-02	 7.810216e-05	 2.532354e-02	 7.406222e-05	 3.805474e-03	 1.123636e-05	 2.147564e-02	 8.312397e-05	-5.000309e-05	 3.104010e-05	 4.515945e-06	 1.655045e-05	-3.392853e-08	 2.636143e-08
 4.786301e-02	 1.935071e-02	 9.324016e-07	 3.047826e-04	 6.048151e-09	 1.901805e-02	 9.379194e-07	 2.485336e-02	 1.096769e-06	 3.758779e-03	 1.544966e-07	 2.109348e-02	 9.419883e-07	 5.730420e-07	 4.788911e-07	-5.692764e-07	 4.796292e-07	 2.036220e-10	 4.733203e-10	 4.786301e-02	 1.923984e-02	 8.381918e-05	 3.048583e-04	 1.060935e-06	 1.890932e-02	 6.492432e-05	 2.476163e-02	 8.527517e-05	 3.779143e-03	 1.172933e-05	 2.101691e-02	 6.394464e-05	-8.023378e-06	 1.815441e-05	-1.094957e-06	 1.813049e-05	-1.856948e-08	 3.070895e-08
 5.495409e-02	 1.878552e-02	 9.748414e-07	 3.473801e-04	 6.912447e-09	 1.840621e-02	 9.809928e-07	 2.432191e-02	 1.147064e-06	 3.692219e-03	 1.605169e-07	 2.062826e-02	 9.856661e-07	 5.751606e-07	 5.152675e-07	-5.787908e-07	 5.161469e-07	 2.337894e-10	 5.430879e-10	 5.495409e-02	 1.890408e-02	 6.808089e-05	 3.478307e-04	 1.044921e-06	 1.844064e-02	 8.180512e-05	 2.424974e-02	 1.083375e-04	 3.679862e-03	 1.229762e-05	 2.052534e-02	 6.583599e-05	 4.121610e-05	 2.112808e-05	 1.300972e-05	 2.114578e-05	-6.472745e-08	 3.607234e-08
 6.309573e-02	 1.812169e-02	 1.021108e-06	 3.944457e-04	 7.866933e-09	 1.769077e-02	 1.026697e-06	 2.368320e-02	 1.200357e-06	 3.611826e-03	 1.662891e-07	 2.006946e-02	 1.032239e-06	 6.139227e-07	 5.537048e-07	-6.189676e-07	 5.546958e-07	 2.680431e-10	 6.230372e-10	 6.309573e-02	 1.825315e-02	 6.628946e-05	 3.937475e-04	 1.163610e-06	 1.771386e-02	 8.475210e-05	 2.364361e-02	 8.068211e-05	 3.614367e-03	 1.278954e-05	 2.008219e-02	 6.777024e-05	 3.555832e-05	 2.166616e-05	 2.410719e-07	 2.168712e-05	 7.745961e-08	 4.236002e-08
 7.244360e-02	 1.735457e-02	 1.067372e-06	 4.460371e-04	 8.928282e-09	 1.686698e-02	 1.073969e-06	 2.293244e-02	 1.255045e-06	 3.516947e-03	 1.720516e-07	 1.941295e-02	 1.080915e-06	 6.506995e-07	 5.928063e-07	-6.522426e-07	 5.940488e-07	 3.068396e-10	 7.146005e-10	 7.244360e-02	 1.733839e-02	 6.922188e-05	 4.463964e-04	 1.359084e-06	 1.699277e-02	 6.724960e-05	 2.293659e-02	 8.845651e-05	 3.529156e-03	 1.829022e-05	 1.947168e-02	 8.303633e-05	 7.694635e-06	 2.360977e-05	-2.382832e-05	 2.367430e-05	-2.967867e-08	 4.991640e-08
 8.317638e-02	 1.647941e-02	 1.112881e-06	 5.020682e-04	 1.012401e-08	 1.593018e-02	 1.120432e-06	 2.206491e-02	 1.308296e-06	 3.406852e-03	 1.778656e-07	 1.865469e-02	 1.129356e-06	 6.934646e-07	 6.315358e-07	-6.959879e-07	 6.329758e-07	 3.520767e-10	 8.193799e-10	 8.317638e-02	 1.644371e-02	 7.123712e-05	 5.014867e-04	 1.465509e-06	 1.585696e-02	 6.966230e-05	 2.201853e-02	 8.745033e-05	 3.431392e-03	 1.395999e-05	 1.864958e-02	 7.258418e-05	-7.778029e-06	 2.573872e-05	 8.124248e-06	 2.573733e-05	-5.558645e-08	 5.900866e-08
 9.549926e-02	 1.549178e-02	 1.158575e-06	 5.622585e-04	 1.146448e-08	 1.487618e-02	 1.166931e-06	 2.107631e-02	 1.362443e-06	 3.280747e-03	 1.838836e-07	 1.779113e-02	 1.178124e-06	 7.431145e-07	 6.684477e-07	-7.415262e-07	 6.701993e-07	 4.027213e-10	 9.392901e-10	 9.549926e-02	 1.552413e-02	 8.461520e-05	 5.613740e-04	 1.734325e-06	 1.491683e-02	 7.185878e-05	 2.100071e-02	 1.152247e-04	 3.290566e-03	 1.655339e-05	 1.782373e-02	 7.733419e-05	 3.974575e-05	 2.806979e-05	-3.263869e-05	 3.144914e-05	-1.056584e-08	 7.003330e-08
 1.096478e-01	 1.438727e-02	 1.204437e-06	 6.260717e-04	 1.292814e-08	 1.370112e-02	 1.213000e-06	 1.996254e-02	 1.415973e-06	 3.137682e-03	 1.899737e-07	 1.681902e-02	 1.226975e-06	 7.940351e-07	 7.052823e-07	-7.953380e-07	 7.070421e-07	 4.553824e-10	 1.076042e-09	 1.096478e-01	 1.433632e-02	 7.669824e-05	 6.270752e-04	 3.122234e-06	 1.370221e-02	 8.144190e-05	 1.995900e-02	 1.073136e-04	 3.129662e-03	 1.542763e-05	 1.688037e-02	 9.318503e-05	 9.608259e-07	 3.121098e-05	-6.158868e-05	 3.639644e-05	 3.203967e-08	 8.336266e-08
 1.258925e-01	 1.316178e-02	 1.251244e-06	 6.926395e-04	 1.460637e-08	 1.240176e-02	 1.259586e-06	 1.872001e-02	 1.471104e-06	 2.976616e-03	 1.963006e-07	 1.573575e-02	 1.275996e-06	 8.855565e-07	 7.449724e-07	-8.756506e-07	 7.515147e-07	 5.162856e-10	 1.233433e-09	 1.258925e-01	 1.322560e-02	 7.924929e-05	 6.921867e-04	 2.439298e-06	 1.245942e-02	 7.776618e-05	 1.888627e-02	 9.687451e-05	 2.984512e-03	 1.620862e-05	 1.568115e-02	 1.002154e-04	 3.015174e-06	 3.828354e-05	-4.730200e-05	 3.333612e-05	 1.454619e-07	 9.972923e-08
 1.445440e-01	 1.181164e-02	 1.295132e-06	 7.606795e-04	 1.661539e-08	 1.097573e-02	 1.303776e-06	 1.734573e-02	 1.525188e-06	 2.796274e-03	 2.030623e-07	 1.453954e-02	 1.325360e-06	-2.007607e-07	 7.413085e-07	 2.116720e-07	 7.429894e-07	 6.023032e-10	 1.414925e-09	 1.445440e-01	 1.191036e-02	 9.909910e-05	 7.582659e-04	 2.883351e-06	 1.105176e-02	 7.917089e-05	 1.741799e-02	 1.009639e-04	 2.817436e-03	 1.712054e-05	 1.455807e-02	 9.856704e-05	-2.321112e-06	 3.625781e-05	-3.140735e-05	 4.598460e-05	 9.141436e-08	 1.193414e-07
 1.659587e-01	 1.033353e-02	 1.328412e-06	 8.283940e-04	 1.893825e-08	 9.421594e-03	 1.337742e-06	 1.583736e-02	 1.570147e-06	 2.594993e-03	 2.095655e-07	 1.322942e-02	 1.368821e-06	-7.568645e-08	 7.668891e-07	 7.897212e-08	 7.694182e-07	 6.836403e-10	 1.617818e-09	 1.659587e-01	 1.020942e-02	 8.586514e-05	 8.244588e-04	 3.532849e-06	 9.412213e-03	 8.623171e-05	 1.589366e-02	 1.052734e-04	 2.624580e-03	 1.812478e-05	 1.321168e-02	 8.682860e-05	 3.855111e-05	 4.693587e-05	-4.850955e-06	 3.947647e-05	 5.716684e-08	 1.431342e-07
 1.905461e-01	 8.724571e-03	 1.352370e-06	 8.933588e-04	 2.184867e-08	 7.739004e-03	 1.360386e-06	 1.419326e-02	 1.602621e-06	 2.370918e-03	 2.165228e-07	 1.180555e-02	 1.397858e-06	-1.278175e-07	 8.322562e-07	 1.307989e-07	 8.314958e-07	 7.890693e-10	 1.848522e-09	 1.905461e-01	 8.690786e-03	 9.012623e-05	 8.948435e-04	 4.019286e-06	 7.682091e-03	 8.510384e-05	 1.390167e-02	 1.394209e-04	 2.416361e-03	 2.536546e-05	 1.179191e-02	 9.039238e-05	-5.799063e-06	 5.295259e-05	-6.419952e-05	 4.310917e-05	-2.864988e-07	 1.726071e-07
 2.187762e-01	 6.982473e-03	 1.373537e-06	 9.524065e-04	 2.553475e-08	 5.929002e-03	 1.379335e-06	 1.241264e-02	 1.629454e-06	 2.121661e-03	 2.238852e-07	 1.026927e-02	 1.423419e-06	 1.125991e-06	 9.725049e-07	 4.403420e-07	 9.044975e-07	 9.383922e-10	 2.122742e-09	 2.187762e-01	 6.956228e-03	 1.039592e-04	 9.538720e-04	 4.732855e-06	 5.861976e-03	 9.619539e-05	 1.250454e-02	 1.149606e-04	 2.123091e-03	 2.137286e-05	 1.021833e-02	 9.425435e-05	 1.601317e-05	 4.703340e-05	-3.532521e-07	 5.020242e-05	 2.806408e-07	 2.079483e-07
 2.511886e-01	 5.105783e-03	 1.393741e-06	 1.001507e-03	 3.014151e-08	 3.994388e-03	 1.392953e-06	 1.049581e-02	 1.655628e-06	 1.844351e-03	 2.316512e-07	 8.623537e-03	 1.446460e-06	 1.275282e-06	 1.034993e-06	-1.281373e-06	 1.036248e-06	 1.050069e-09	 2.449405e-09	 2.511886e-01	 5.278690e-03	 9.853944e-05	 9.960743e-04	 5.937099e-06	 4.092028e-03	 9.219298e-05	 1.034096e-02	 1.330176e-04	 1.841743e-03	 2.370148e-05	 8.482156e-03	 9.847943e-05	-4.412497e-05	 5.131363e-05	-2.411529e-05	 5.397204e-05	-1.511765e-07	 2.541475e-07
 2.884032e-01	 3.093890e-03	 1.416961e-06	 1.035649e-03	 3.589698e-08	 1.939868e-03	 1.407916e-06	 8.444295e-03	 1.681668e-06	 1.535489e-03	 2.399330e-07	 6.873078e-03	 1.464234e-06	 5.362412e-07	 1.095401e-06	-5.126288e-07	 1.091793e-06	 1.353095e-09	 2.821072e-09	 2.884032e-01	 3.258484e-03	 1.082839e-04	 1.039771e-03	 6.586978e-06	 1.860536e-03	 1.122412e-04	 8.542057e-03	 1.397684e-04	 1.551102e-03	 2.501756e-05	 6.810329e-03	 1.031725e-04	 8.417836e-05	 5.911271e-05	 8.783229e-05	 7.365459e-05	-2.733133e-07	 3.053062e-07
 3.311311e-01	 9.488490e-04	 1.439126e-06	 1.048718e-03	 4.292756e-08	-2.271540e-04	 1.427002e-06	 6.261076e-03	 1.721344e-06	 1.190794e-03	 2.539883e-07	 5.024691e-03	 1.493047e-06	 9.836421e-07	 1.190527e-06	-9.301533e-07	 1.191593e-06	 1.431069e-09	 3.345527e-09	 3.311311e-01	 8.808692e-04	 1.170141e-04	 1.037182e-03	 7.770625e-06	-3.362118e-04	 1.019935e-04	 6.588522e-03	 1.615538e-04	 1.189744e-03	 2.591866e-05	 5.114376e-03	 1.085010e-04	-2.975273e-05	 6.589409e-05	-3.168918e-05	 6.145808e-05	 3.239585e-07	 3.698906e-07
 3.801894e-01	-1.332213e-03	 1.420448e-06	 1.033432e-03	 5.151393e-08	-2.496284e-03	 1.408045e-06	 3.952864e-03	 1.735345e-06	 8.051789e-04	 2.572557e-07	 3.088180e-03	 1.505113e-06	 6.956395e-07	 1.323847e-06	-6.738816e-07	 1.319125e-06	 2.812903e-09	 4.070637e-09	 3.801894e-01	-1.106609e-03	 1.183500e-04	 1.023560e-03	 1.029823e-05	-2.534721e-03	 1.261551e-04	 3.915095e-03	 1.618495e-04	 7.691272e-04	 3.452199e-05	 3.092285e-03	 1.224519e-04	 5.468364e-05	 6.763278e-05	 8.326185e-05	 6.745619e-05	 3.763774e-07	 4.486997e-07
 4.365158e-01	-3.736909e-03	 1.438641e-06	 9.813289e-04	 6.171264e-08	-4.854344e-03	 1.391956e-06	 1.520191e-03	 1.707083e-06	 3.734181e-04	 2.676898e-07	 1.075843e-03	 1.487102e-06	-1.545440e-06	 2.113276e-06	 1.522075e-06	 2.102852e-06	-4.998428e-09	 5.085842e-09	 4.365158e-01	-3.647637e-03	 1.279013e-04	 9.843565e-04	 1.435928e-05	-4.913322e-03	 1.263316e-04	 1.388136e-03	 1.694133e-04	 3.193832e-04	 3.960778e-05	 1.044988e-03	 1.400826e-04	 4.807249e-06	 8.966660e-05	 7.763547e-05	 7.471895e-05	 8.520721e-08	 5.452343e-07
 5.011872e-01	-6.263577e-03	 1.428715e-06	 8.827953e-04	 7.391160e-08	-7.283564e-03	 1.392783e-06	-1.017463e-03	 1.740116e-06	-1.103762e-04	 4.936083e-07	-9.966762e-04	 1.463215e-06	-1.781522e-06	 2.302411e-06	 1.740995e-06	 2.290520e-06	-3.797737e-09	 6.276247e-09	 5.011872e-01	-6.190058e-03	 1.393967e-04	 8.765848e-04	 1.282811e-05	-7.218421e-03	 1.323787e-04	-1.296943e-03	 1.657116e-04	-1.150741e-04	 3.464362e-05	-6.045331e-04	 1.632484e-04	 3.072572e-05	 9.921250e-05	-5.021166e-05	 8.884829e-05	 4.502080e-07	 6.630865e-07
 5.754399e-01	-8.902727e-03	 1.410846e-06	 7.271761e-04	 8.839023e-08	-9.762511e-03	 1.430478e-06	-3.653456e-03	 1.712260e-06	-6.550245e-04	 5.242336e-07	-3.109517e-03	 1.465040e-06	-2.209047e-06	 2.508336e-06	 2.152585e-06	 2.495643e-06	-4.238539e-09	 7.813275e-09	 5.754399e-01	-8.946391e-03	 1.536323e-04	 7.476931e-04	 1.859552e-05	-9.743309e-03	 1.447081e-04	-3.231407e-03	 1.800894e-04	-6.771298e-04	 3.892645e-05	-3.139065e-03	 1.762059e-04	 3.068372e-05	 9.162915e-05	 6.194846e-05	 9.132827e-05	 2.687301e-07	 8.033055e-07
 6.606934e-01	-1.163229e-02	 1.457758e-06	 5.030191e-04	 1.050072e-07	-1.226044e-02	 1.503978e-06	-6.371368e-03	 1.674227e-06	-1.267219e-03	 5.575684e-07	-5.239818e-03	 1.500978e-06	-3.007627e-06	 2.731124e-06	 2.928334e-06	 2.716257e-06	-8.299324e-09	 9.530360e-09	 6.606934e-01	-1.136982e-02	 1.695727e-04	 5.071942e-04	 1.799854e-05	-1.241437e-02	 1.673771e-04	-6.651307e-03	 2.185119e-04	-1.250359e-03	 4.396298e-05	-5.233387e-03	 1.838670e-04	 9.181550e-05	 1.023601e-04	-1.307425e-04	 1.236870e-04	-8.550145e-08	 9.724141e-07
 7.585776e-01	-1.444523e-02	 1.530044e-06	 1.985157e-04	 1.238289e-07	-1.475142e-02	 1.598018e-06	-9.141384e-03	 1.716644e-06	-1.954561e-03	 5.971685e-07	-7.355123e-03	 1.562379e-06	-5.324668e-07	 1.907943e-06	 5.318310e-07	 1.894494e-06	 6.807776e-09	 1.084997e-08	 7.585776e-01	-1.432547e-02	 1.986477e-04	 2.013745e-04	 2.626736e-05	-1.480285e-02	 1.660874e-04	-9.203558e-03	 2.240341e-04	-1.918212e-03	 4.991575e-05	-7.252580e-03	 1.731692e-04	 7.794992e-05	 1.204859e-04	 2.269280e-04	 1.137751e-04	 9.976433e-07	 1.174107e-06
 8.709636e-01	-1.731347e-02	 1.622138e-06	-1.979119e-04	 1.447101e-07	-1.719570e-02	 2.788119e-06	-1.195062e-02	 1.780161e-06	-2.724133e-03	 6.381212e-07	-9.429192e-03	 1.654211e-06	-1.467973e-07	 2.065980e-06	 2.003117e-07	 2.050802e-06	 6.673393e-09	 1.326808e-08	 8.709636e-01	-1.723326e-02	 2.092719e-04	-2.355900e-04	 2.567323e-05	-1.721876e-02	 1.947662e-04	-1.195855e-02	 2.550917e-04	-2.868880e-03	 6.975222e-05	-9.310606e-03	 1.823890e-04	-8.668721e-05	 1.358576e-04	 2.564103e-04	 1.381492e-04	-1.296203e-06	 1.413121e-06
 1.000000e+00	-2.020952e-02	 1.768456e-06	-6.968347e-04	 1.677205e-07	-1.954833e-02	 3.031382e-06	-1.476331e-02	 1.872287e-06	-3.581998e-03	 6.790331e-07	-1.142284e-02	 2.911960e-06	 3.020481e-06	 2.255924e-06	-2.870748e-06	 2.230606e-06	 6.764301e-09	 1.617638e-08	 1.000000e+00	-2.023744e-02	 3.032284e-04	-7.333425e-04	 3.061545e-05	-1.938341e-02	 2.060499e-04	-1.476920e-02	 2.965992e-04	-3.539355e-03	 7.054827e-05	-1.161337e-02	 1.988473e-04	 1.168820e-04	 1.757269e-04	-1.246389e-04	 1.418953e-04	-1.285276e-06	 1.693101e-06
 1.148154e+00	-2.309045e-02	 3.025532e-06	-1.306825e-03	 1.926579e-07	-2.176126e-02	 3.294587e-06	-1.754226e-02	 1.979977e-06	-4.532242e-03	 7.132479e-07	-1.329243e-02	 3.127660e-06	 2.214538e-06	 2.391937e-06	-2.210720e-06	 2.362837e-06	 7.686168e-09	 1.963377e-08	 1.148154e+00	-2.308712e-02	 2.598790e-04	-1.297689e-03	 3.647261e-05	-2.192757e-02	 2.191942e-04	-1.825925e-02	 2.932425e-04	-4.628472e-03	 7.984695e-05	-1.348494e-02	 2.163982e-04	 2.016868e-04	 1.614291e-04	 2.081092e-04	 1.771511e-04	 2.368473e-07	 2.019826e-06
 1.318257e+00	-2.592243e-02	 3.221101e-06	-2.033268e-03	 2.186912e-07	-2.377987e-02	 3.559914e-06	-2.024465e-02	 3.476844e-06	-5.575848e-03	 7.432416e-07	-1.499543e-02	 3.412318e-06	 1.900200e-06	 2.548371e-06	-1.849061e-06	 2.521775e-06	 8.688315e-09	 2.370802e-08	 1.318257e+00	-2.536158e-02	 3.321288e-04	-2.066869e-03	 6.261019e-05	-2.371843e-02	 2.550518e-04	-2.036315e-02	 3.238315e-04	-5.549103e-03	 8.900231e-05	-1.501338e-02	 2.347935e-04	-2.011297e-04	 1.905554e-04	-2.491769e-04	 1.763536e-04	-8.209195e-07	 2.395833e-06
 1.513561e+00	-2.865266e-02	 3.490256e-06	-2.877013e-03	 2.452492e-07	-2.554824e-02	 3.877341e-06	-2.282603e-02	 3.665239e-06	-6.709416e-03	 7.716166e-07	-1.648273e-02	 3.635324e-06	 2.036642e-06	 2.729537e-06	-1.923942e-06	 2.691588e-06	 7.870402e-09	 2.850172e-08	 1.513561e+00	-2.889561e-02	 3.496466e-04	-2.930692e-03	 5.160031e-05	-2.583843e-02	 2.593346e-04	-2.221304e-02	 3.565924e-04	-6.782323e-03	 1.107346e-04	-1.677690e-02	 2.684406e-04	 7.542159e-05	 2.011031e-04	 8.951632e-05	 2.085778e-04	 2.010391e-07	 2.822554e-06
 1.737801e+00	-3.122547e-02	 3.782723e-06	-3.832969e-03	 2.713366e-07	-2.700997e-02	 4.239438e-06	-2.523343e-02	 3.947289e-06	-7.923949e-03	 7.991880e-07	-1.770746e-02	 3.959168e-06	 1.260092e-07	 2.988609e-06	-3.034611e-08	 2.941619e-06	 9.981960e-09	 3.397082e-08	 1.737801e+00	-3.094843e-02	 3.522366e-04	-3.770305e-03	 6.114466e-05	-2.691175e-02	 2.784328e-04	-2.532901e-02	 3.937658e-04	-7.985875e-03	 1.129655e-04	-1.759436e-02	 2.749615e-04	-1.537916e-04	 2.231756e-04	-8.817116e-05	 2.266089e-04	 1.872389e-06	 3.308521e-06
 1.995262e+00	-3.358255e-02	 4.108917e-06	-4.888715e-03	 2.964384e-07	-2.810943e-02	 4.623106e-06	-2.740897e-02	 4.250103e-06	-9.203572e-03	 8.253624e-07	-1.862457e-02	 4.314166e-06	-4.192330e-07	 3.015907e-06	 4.785207e-07	 4.878855e-06	 1.440147e-08	 4.016715e-08	 1.995262e+00	-3.348884e-02	 3.865775e-04	-4.878127e-03	 7.777538e-05	-2.760836e-02	 2.972429e-04	-2.773455e-02	 4.303032e-04	-9.390700e-03	 1.371141e-04	-1.885678e-02	 3.742534e-04	 9.073746e-05	 2.720769e-04	-3.832615e-05	 2.546165e-04	-3.049712e-06	 3.856965e-06
 2.290868e+00	-3.566178e-02	 4.325360e-06	-6.023337e-03	 3.202709e-07	-2.879479e-02	 4.923715e-06	-2.929540e-02	 4.559408e-06	-1.052450e-02	 8.548346e-07	-1.919340e-02	 4.641873e-06	 4.330867e-07	 5.160940e-06	-7.119770e-07	 5.107697e-06	 1.911289e-08	 4.712990e-08	 2.290868e+00	-3.454336e-02	 4.205578e-04	-6.133665e-03	 8.366293e-05	-2.924614e-02	 3.744806e-04	-2.938272e-02	 4.703914e-04	-1.041903e-02	 1.639204e-04	-1.872463e-02	 3.094680e-04	 3.845463e-04	 2.681117e-04	 5.483389e-05	 2.702777e-04	-5.759107e-06	 4.442394e-06
 2.630268e+00	-3.739988e-02	 4.621476e-06	-7.206724e-03	 3.393897e-07	-2.902003e-02	 5.269918e-06	-3.083661e-02	 4.865997e-06	-1.185415e-02	 8.858654e-07	-1.937681e-02	 2.816211e-06	 1.353964e-06	 5.386818e-06	-1.391659e-06	 5.349728e-06	 2.546156e-08	 5.480612e-08	 2.630268e+00	-3.727543e-02	 4.574580e-04	-7.126198e-03	 9.669182e-05	-2.988890e-02	 3.720466e-04	-3.141482e-02	 5.082241e-04	-1.210118e-02	 1.648202e-04	-1.965926e-02	 3.259815e-04	-2.480744e-04	 3.317986e-04	-3.161012e-04	 2.884871e-04	 2.443828e-06	 5.101710e-06
 3.019952e+00	-3.873404e-02	 4.917440e-06	-8.399309e-03	 3.549000e-07	-2.875010e-02	 5.630561e-06	-3.197606e-02	 5.043252e-06	-1.315041e-02	 4.719583e-07	-1.915427e-02	 2.961185e-06	 1.730543e-06	 5.721767e-06	-2.178775e-06	 5.641100e-06	 2.986190e-08	 6.315235e-08	 3.019952e+00	-3.852665e-02	 4.933993e-04	-8.598791e-03	 1.163490e-04	-2.841144e-02	 4.330277e-04	-3.178787e-02	 5.489258e-04	-1.276230e-02	 1.973894e-04	-1.963897e-02	 3.746526e-04	-8.676835e-05	 3.304782e-04	 6.122705e-04	 3.095439e-04	-2.213404e-06	 5.777711e-06
 3.467369e+00	-3.960729e-02	 5.200615e-06	-9.552946e-03	 3.654733e-07	-2.796393e-02	 6.026832e-06	-3.265826e-02	 3.083345e-06	-1.436452e-02	 4.968812e-07	-1.851721e-02	 5.506751e-06	 1.599610e-06	 5.928804e-06	-2.530555e-06	 5.832761e-06	 3.939411e-08	 7.203613e-08	 3.467369e+00	-4.011923e-02	 5.498250e-04	-9.587336e-03	 1.356176e-04	-2.799430e-02	 3.546946e-04	-3.234800e-02	 5.882677e-04	-1.408343e-02	 2.141938e-04	-1.846501e-02	 3.480470e-04	-1.151532e-04	 3.640967e-04	-4.469599e-04	 3.002449e-04	 3.876756e-06	 6.465566e-06
 3.981072e+00	-3.997114e-02	 5.556065e-06	-1.061261e-02	 3.741062e-07	-2.665775e-02	 6.428478e-06	-3.285055e-02	 3.238175e-06	-1.544097e-02	 5.132147e-07	-1.745674e-02	 5.877740e-06	 1.292320e-06	 6.130258e-06	-2.901514e-06	 6.091060e-06	 4.804217e-08	 8.149890e-08	 3.981072e+00	-4.019755e-02	 5.635098e-04	-1.081701e-02	 1.483750e-04	-2.688459e-02	 3.598009e-04	-3.279894e-02	 6.281931e-04	-1.567417e-02	 2.278714e-04	-1.834219e-02	 3.746003e-04	 2.242084e-04	 3.536319e-04	-1.335064e-04	 3.091319e-04	-5.537667e-06	 7.185571e-06
 4.570882e+00	-3.978979e-02	 5.823256e-06	-1.151920e-02	 3.819877e-07	-2.483999e-02	 3.724164e-06	-3.251979e-02	 3.371424e-06	-1.631756e-02	 5.459481e-07	-1.599410e-02	 6.159322e-06	-1.279729e-07	 6.339812e-06	-2.180105e-06	 6.284802e-06	 6.118153e-08	 9.136802e-08	 4.570882e+00	-3.969826e-02	 5.964158e-04	-1.135053e-02	 1.810039e-04	-2.505789e-02	 3.763501e-04	-3.414821e-02	 7.057254e-04	-1.594003e-02	 2.611120e-04	-1.656531e-02	 3.670146e-04	 2.082872e-04	 3.732369e-04	-3.713996e-04	 3.150009e-04	 3.999999e-06	 7.893530e-06
 5.248075e+00	-3.904167e-02	 6.071513e-06	-1.221351e-02	 3.922325e-07	-2.255865e-02	 3.856041e-06	-3.165345e-02	 6.264845e-06	-1.693315e-02	 5.878617e-07	-1.416599e-02	 6.496256e-06	 5.587760e-06	 3.664307e-06	-5.999033e-06	 3.644030e-06	 7.531967e-08	 1.011118e-07	 5.248075e+00	-3.954582e-02	 6.266721e-04	-1.242140e-02	 1.693226e-04	-2.203486e-02	 3.706179e-04	-3.142556e-02	 7.266157e-04	-1.693393e-02	 3.058936e-04	-1.450667e-02	 3.502967e-04	-1.193587e-04	 3.899979e-04	-2.374248e-04	 3.326804e-04	 1.593924e-05	 8.565937e-06
 6.025596e+00	-3.772245e-02	 6.363295e-06	-1.264124e-02	 4.104418e-07	-1.986118e-02	 3.952440e-06	-3.023853e-02	 6.638894e-06	-1.723614e-02	 6.319295e-07	-1.201638e-02	 3.671868e-06	 5.195915e-06	 3.730508e-06	-5.274185e-06	 3.750762e-06	 9.013728e-08	 1.099936e-07	 6.025596e+00	-3.753552e-02	 6.526750e-04	-1.282961e-02	 1.889955e-04	-1.956149e-02	 3.616344e-04	-3.022567e-02	 7.272306e-04	-1.774327e-02	 2.885006e-04	-1.188714e-02	 3.601486e-04	 1.500915e-04	 4.316887e-04	-2.445301e-04	 3.323057e-04	 1.604017e-05	 9.160704e-06
 6.918310e+00	-3.584604e-02	 6.679639e-06	-1.275745e-02	 4.309291e-07	-1.682103e-02	 4.051172e-06	-2.829599e-02	 7.010857e-06	-1.717971e-02	 1.189925e-06	-9.621837e-03	 3.743246e-06	 4.696957e-06	 3.815679e-06	-4.673319e-06	 3.868834e-06	 1.137393e-07	 1.183865e-07	 6.918310e+00	-3.549173e-02	 7.181124e-04	-1.296318e-02	 1.927623e-04	-1.643977e-02	 3.269266e-04	-2.835773e-02	 7.534240e-04	-1.735810e-02	 3.205983e-04	-9.505763e-03	 3.228857e-04	-3.422978e-04	 4.543888e-04	 4.874493e-04	 3.080790e-04	 1.971845e-06	 9.731457e-06
 7.943282e+00	-3.344593e-02	 7.053492e-06	-1.253145e-02	 4.550047e-07	-1.353258e-02	 4.097391e-06	-2.585680e-02	 7.427572e-06	-1.672930e-02	 1.262734e-06	-7.057440e-03	 3.803061e-06	 4.369895e-06	 3.918348e-06	-4.892939e-06	 3.996787e-06	 1.301555e-07	 1.282886e-07	 7.943282e+00	-3.452963e-02	 7.660861e-04	-1.271453e-02	 2.014981e-04	-1.391442e-02	 3.317746e-04	-2.635445e-02	 7.759706e-04	-1.689156e-02	 3.187177e-04	-7.608508e-03	 3.021689e-04	 2.539575e-04	 4.293096e-04	-1.153159e-04	 2.985384e-04	-1.273046e-05	 1.016364e-05
 9.120108e+00	-3.056924e-02	 7.383549e-06	-1.195060e-02	 4.793271e-07	-1.008435e-02	 4.088242e-06	-2.296533e-02	 7.827956e-06	-1.587271e-02	 1.376278e-06	-4.394534e-03	 3.835495e-06	 4.268178e-06	 4.038664e-06	-5.235080e-06	 4.115852e-06	 1.536798e-07	 1.354330e-07	 9.120108e+00	-3.074478e-02	 7.359359e-04	-1.225543e-02	 2.194972e-04	-9.828223e-03	 2.759158e-04	-2.227337e-02	 7.938053e-04	-1.595950e-02	 3.268901e-04	-4.299196e-03	 2.763274e-04	 6.621984e-04	 4.394669e-04	-4.152805e-04	 2.775668e-04	-7.799521e-08	 1.051494e-05
 1.047129e+01	-2.727748e-02	 7.739573e-06	-1.102279e-02	 4.378529e-07	-6.587995e-03	 4.088305e-06	-1.967242e-02	 4.261177e-06	-1.461645e-02	 1.519969e-06	-1.725990e-03	 3.845136e-06	 4.781303e-06	 4.179272e-06	-5.289911e-06	 4.217733e-06	 1.707556e-07	 1.409935e-07	 1.047129e+01	-2.795898e-02	 7.231162e-04	-1.103952e-02	 2.096505e-04	-6.989127e-03	 2.870825e-04	-1.899197e-02	 8.100643e-04	-1.452364e-02	 3.599327e-04	-1.463212e-03	 2.700048e-04	 1.410695e-04	 4.776482e-04	 6.685006e-05	 2.748283e-04	-9.327993e-06	 1.078886e-05
 1.202264e+01	-2.363796e-02	 8.117467e-06	-9.773099e-03	 5.520639e-07	-3.148956e-03	 4.032143e-06	-1.605833e-02	 4.389580e-06	-1.298783e-02	 1.650340e-06	 8.640656e-04	 3.831555e-06	 3.995120e-06	 4.293398e-06	-3.801459e-06	 4.261833e-06	 1.866271e-07	 1.450051e-07	 1.202264e+01	-2.427409e-02	 8.086265e-04	-9.807423e-03	 2.170582e-04	-3.134152e-03	 2.123521e-04	-1.619067e-02	 8.198310e-04	-1.256377e-02	 3.467886e-04	 6.743552e-04	 2.350706e-04	-6.674759e-04	 4.556936e-04	 1.360232e-04	 2.112543e-04	-5.042215e-06	 1.093997e-05
 1.380384e+01	-1.972400e-02	 8.412180e-06	-8.248918e-03	 5.943529e-07	 1.335272e-04	 3.945146e-06	-1.217126e-02	 4.554019e-06	-1.103300e-02	 1.787762e-06	 3.298194e-03	 3.793955e-06	-6.460946e-06	 8.373292e-06	 5.850530e-06	 8.367618e-06	 1.821586e-07	 1.486158e-07	 1.380384e+01	-1.941632e-02	 7.367521e-04	-7.990459e-03	 2.323984e-04	 1.998550e-05	 1.913067e-04	-1.177855e-02	 8.247384e-04	-1.116970e-02	 4.069194e-04	 3.228253e-03	 2.012621e-04	-2.486230e-04	 4.646316e-04	-1.635729e-04	 1.890880e-04	-1.218748e-05	 1.098452e-05
 1.584893e+01	-1.560590e-02	 4.385426e-06	-6.508172e-03	 6.365905e-07	 3.171491e-03	 3.899084e-06	-8.081454e-03	 4.715491e-06	-8.812876e-03	 1.920895e-06	 5.512760e-03	 7.785987e-06	-8.899519e-06	 8.768498e-06	 6.709021e-06	 8.427591e-06	 1.826502e-07	 1.512121e-07	 1.584893e+01	-1.570327e-02	 1.040948e-03	-6.332205e-03	 1.989590e-04	 3.268490e-03	 1.980730e-04	-8.041205e-03	 8.660622e-04	-8.161139e-03	 3.280240e-04	 5.397497e-03	 2.118404e-04	 1.363065e-05	 4.883124e-04	 1.828462e-04	 1.809863e-04	-2.308148e-05	 1.101044e-05
 1.819701e+01	-1.134693e-02	 4.597800e-06	-4.617749e-03	 6.737614e-07	 5.896003e-03	 7.972229e-06	-3.840978e-03	 5.008524e-06	-6.397716e-03	 2.029184e-06	 7.447998e-03	 7.896593e-06	-1.199884e-05	 9.195534e-06	 7.034922e-06	 8.635663e-06	-1.533690e-07	 1.907302e-07	 1.819701e+01	-1.190329e-02	 7.366039e-04	-4.703330e-03	 2.532854e-04	 5.604051e-03	 2.149197e-04	-3.054149e-03	 8.914893e-04	-6.798287e-03	 3.396294e-04	 7.315371e-03	 2.152342e-04	-1.419042e-04	 4.805860e-04	-1.917898e-04	 1.887429e-04	 4.888940e-06	 1.099505e-05
 2.089296e+01	-7.008732e-03	 4.744311e-06	-2.646816e-03	 7.094224e-07	 8.243781e-03	 8.065768e-06	 4.868498e-04	 5.194466e-06	-3.861370e-03	 2.115686e-06	 9.065721e-03	 7.783318e-06	-1.317301e-05	 9.635223e-06	 6.138761e-06	 8.484249e-06	-1.468036e-07	 1.961131e-07	 2.089296e+01	-5.675130e-03	 7.369835e-04	-2.815706e-03	 1.984169e-04	 8.175537e-03	 2.254769e-04	-5.944428e-04	 8.308387e-04	-3.692843e-03	 3.100175e-04	 9.377431e-03	 2.248401e-04	-5.138148e-04	 4.893985e-04	 2.917963e-05	 2.052716e-04	 4.086707e-06	 1.092519e-05
 2.398833e+01	-2.630360e-03	 4.916282e-06	-6.609091e-04	 7.337328e-07	 1.017938e-02	 8.165234e-06	 4.867857e-03	 5.408259e-06	-1.275088e-03	 2.193389e-06	 1.034325e-02	 7.912256e-06	-1.349771e-05	 1.003491e-05	 3.730717e-06	 8.620054e-06	-1.335994e-07	 2.013415e-07	 2.398833e+01	-2.805756e-03	 7.335440e-04	-9.563566e-04	 1.902464e-04	 9.884804e-03	 2.639780e-04	 3.939265e-03	 8.295100e-04	-1.278985e-03	 2.991345e-04	 1.034693e-02	 2.509562e-04	 4.289086e-04	 5.287615e-04	 5.877245e-05	 2.379987e-04	-1.150646e-05	 1.089113e-05
 2.754229e+01	 1.755766e-03	 1.059376e-05	 1.282179e-03	 5.836026e-07	 1.168854e-02	 8.510987e-06	 9.272635e-03	 1.170374e-05	 1.297056e-03	 2.281602e-06	 1.127126e-02	 8.160770e-06	-1.453988e-05	 1.064382e-05	 4.610221e-06	 8.692770e-06	-1.370487e-07	 2.073468e-07	 2.754229e+01	 2.180011e-03	 7.295686e-04	 1.292905e-03	 1.629065e-04	 1.181110e-02	 2.796551e-04	 9.004507e-03	 8.644614e-04	 1.377122e-03	 2.872687e-04	 1.123708e-02	 2.789307e-04	 9.718421e-04	 5.468409e-04	 3.801950e-05	 2.511715e-04	-4.609443e-06	 1.079400e-05
 3.162278e+01	 6.122520e-03	 1.102584e-05	 3.136241e-03	 6.057268e-07	 1.276501e-02	 4.089736e-06	 1.367574e-02	 1.210119e-05	 3.803337e-03	 1.255098e-06	 1.185737e-02	 8.369316e-06	-5.148118e-07	 5.626967e-06	 6.682188e-06	 8.794811e-06	-1.323747e-07	 2.150540e-07	 3.162278e+01	 6.341743e-03	 7.279210e-04	 3.002607e-03	 1.828584e-04	 1.273668e-02	 3.271720e-04	 1.419693e-02	 8.230142e-04	 3.731981e-03	 2.748662e-04	 1.140868e-02	 3.053163e-04	-1.620990e-03	 5.118204e-04	-3.670303e-05	 2.881676e-04	-8.144637e-07	 1.079160e-05
 3.630781e+01	 1.044849e-02	 1.161423e-05	 4.867314e-03	 6.253884e-07	 1.343808e-02	 4.135994e-06	 1.805526e-02	 1.272702e-05	 6.199264e-03	 2.399515e-06	 1.211010e-02	 3.934352e-06	-6.801815e-07	 5.857442e-06	 5.815353e-07	 4.235870e-06	-1.237248e-07	 2.271224e-07	 3.630781e+01	 1.087638e-02	 7.600249e-04	 4.681015e-03	 1.672436e-04	 1.370957e-02	 3.586005e-04	 1.967189e-02	 8.166518e-04	 5.981834e-03	 2.844249e-04	 1.241058e-02	 3.443759e-04	 1.483734e-04	 5.179045e-04	 2.528704e-04	 3.324407e-04	 7.561020e-06	 1.082608e-05
 4.168694e+01	 1.472488e-02	 1.233704e-05	 6.454099e-03	 6.528918e-07	 1.373678e-02	 9.374299e-06	 2.240140e-02	 1.351169e-05	 8.464046e-03	 1.356275e-06	 1.207920e-02	 9.033244e-06	-1.490611e-07	 6.103459e-06	 1.046766e-05	 9.313037e-06	-1.282769e-07	 2.431468e-07	 4.168694e+01	 1.398152e-02	 8.736107e-04	 6.520790e-03	 1.386442e-04	 1.374294e-02	 3.525359e-04	 2.279345e-02	 8.116870e-04	 8.253242e-03	 2.720069e-04	 1.209691e-02	 3.512478e-04	 5.834593e-04	 5.255803e-04	-1.086373e-04	 3.253396e-04	 9.896768e-07	 1.081832e-05
 4.786301e+01	 1.895263e-02	 5.963430e-06	 7.887323e-03	 8.933579e-07	 1.368899e-02	 9.776803e-06	 2.671735e-02	 6.634443e-06	 1.057441e-02	 1.401031e-06	 1.177874e-02	 9.517935e-06	-1.770091e-05	 1.298853e-05	 1.008611e-05	 9.645997e-06	-1.502612e-07	 2.612820e-07	 4.786301e+01	 1.872474e-02	 7.122252e-04	 7.862392e-03	 1.247658e-04	 1.306976e-02	 3.932162e-04	 2.638516e-02	 8.794042e-04	 1.083512e-02	 2.697277e-04	 1.150262e-02	 3.967883e-04	 8.181400e-04	 5.564881e-04	-5.781377e-04	 3.447429e-04	-1.068292e-05	 1.082164e-05
 5.495409e+01	 2.311475e-02	 6.205265e-06	 9.165599e-03	 9.308068e-07	 1.334260e-02	 1.012234e-05	 3.098181e-02	 6.945514e-06	 1.252766e-02	 1.454391e-06	 1.125044e-02	 9.859950e-06	-1.597696e-05	 1.360462e-05	 1.039080e-05	 9.945621e-06	-1.714428e-07	 2.807287e-07	 5.495409e+01	 2.335099e-02	 7.061912e-04	 9.212827e-03	 1.159884e-04	 1.295439e-02	 3.988171e-04	 3.164857e-02	 8.473580e-04	 1.241786e-02	 2.237417e-04	 1.136033e-02	 3.812504e-04	-5.316857e-04	 5.329568e-04	-8.277355e-04	 3.452709e-04	-6.395398e-06	 1.079226e-05
 6.309573e+01	 2.720981e-02	 6.484323e-06	 1.029595e-02	 9.740365e-07	 1.274785e-02	 1.054873e-05	 3.519296e-02	 7.219152e-06	 1.432600e-02	 1.515038e-06	 1.053662e-02	 1.006104e-05	-1.673015e-05	 1.429780e-05	 1.167702e-05	 1.005405e-05	-1.914588e-07	 3.023320e-07	 6.309573e+01	 2.675041e-02	 7.551127e-04	 1.028884e-02	 1.082548e-04	 1.273662e-02	 4.125253e-04	 3.530200e-02	 7.840976e-04	 1.408846e-02	 2.125969e-04	 1.015334e-02	 4.352072e-04	 2.937940e-05	 5.628469e-04	 5.097025e-04	 3.899702e-04	 2.438333e-05	 1.075565e-05
 7.244360e+01	 3.122824e-02	 6.816186e-06	 1.128984e-02	 1.022168e-06	 1.195487e-02	 1.059672e-05	 3.934041e-02	 7.585449e-06	 1.597662e-02	 1.575368e-06	 9.679846e-03	 1.030973e-05	-1.694669e-05	 1.507277e-05	 1.424049e-05	 1.018744e-05	-2.079672e-07	 3.216024e-07	 7.244360e+01	 3.084374e-02	 7.600855e-04	 1.119950e-02	 1.074503e-04	 1.175680e-02	 3.946757e-04	 3.868767e-02	 7.756995e-04	 1.563699e-02	 2.120846e-04	 9.903149e-03	 3.958246e-04	 3.153058e-04	 5.357307e-04	-8.220670e-04	 3.772518e-04	-1.002853e-05	 1.070284e-05
 8.317638e+01	 3.516204e-02	 7.100959e-06	 1.216127e-02	 1.074605e-06	 1.101791e-02	 1.057572e-05	 4.341381e-02	 7.886930e-06	 1.749026e-02	 1.629224e-06	 8.725048e-03	 1.025183e-05	-1.798270e-05	 1.547351e-05	 1.996251e-05	 1.029108e-05	 1.721762e-07	 2.000714e-07	 8.317638e+01	 3.545403e-02	 7.211940e-04	 1.227324e-02	 1.122348e-04	 1.120457e-02	 3.953572e-04	 4.365646e-02	 8.266664e-04	 1.732012e-02	 1.937439e-04	 8.711963e-03	 4.159800e-04	-2.485869e-04	 5.370519e-04	 2.127970e-04	 3.581923e-04	 1.684422e-05	 1.058648e-05
 9.549926e+01	 3.899434e-02	 1.596869e-05	 1.292510e-02	 8.635448e-07	 9.976097e-03	 1.061394e-05	 4.739381e-02	 1.751577e-05	 1.887916e-02	 1.691643e-06	 7.704084e-03	 1.027000e-05	-1.704875e-05	 1.561696e-05	 2.812616e-05	 1.034358e-05	 1.837755e-07	 2.031560e-07	 9.549926e+01	 3.908321e-02	 7.135331e-04	 1.307384e-02	 9.675809e-05	 9.265577e-03	 3.981492e-04	 4.678130e-02	 7.548694e-04	 1.885543e-02	 1.964137e-04	 7.696488e-03	 4.087865e-04	-3.617361e-04	 5.566534e-04	 4.027580e-05	 3.575915e-04	-1.113729e-06	 1.047104e-05
 1.096478e+02	 4.273624e-02	 1.613991e-05	 1.359608e-02	 8.990979e-07	 8.866772e-03	 1.044565e-05	 5.129214e-02	 1.779715e-05	 2.015556e-02	 1.751215e-06	 6.646494e-03	 1.034713e-05	-1.734811e-05	 1.583270e-05	 2.944675e-05	 1.036363e-05	 1.954602e-07	 2.046209e-07	 1.096478e+02	 4.344490e-02	 6.613560e-04	 1.383082e-02	 1.157450e-04	 8.469593e-03	 4.113931e-04	 5.213999e-02	 8.064771e-04	 2.002097e-02	 1.781405e-04	 6.272015e-03	 4.098606e-04	-3.775199e-04	 5.741435e-04	-5.475559e-04	 3.541776e-04	-7.735094e-07	 1.025125e-05
 1.258925e+02	 4.636307e-02	 1.634305e-05	 1.418775e-02	 9.339652e-07	 7.730732e-03	 1.036467e-05	 5.509321e-02	 8.843783e-06	 2.133147e-02	 1.805386e-06	 5.586873e-03	 1.037832e-05	-1.854251e-05	 1.597850e-05	 2.668938e-05	 1.028846e-05	 2.015783e-07	 2.048531e-07	 1.258925e+02	 4.667925e-02	 6.866703e-04	 1.428344e-02	 8.923203e-05	 7.647889e-03	 3.826366e-04	 5.503706e-02	 7.535791e-04	 2.150693e-02	 1.783031e-04	 5.619372e-03	 3.818032e-04	-4.826310e-05	 5.308196e-04	 6.163093e-05	 3.463196e-04	-9.518243e-07	 1.003163e-05
 1.445440e+02	 4.986994e-02	 1.658038e-05	 1.471208e-02	 9.675556e-07	 6.597843e-03	 1.030655e-05	 5.879139e-02	 8.653538e-06	 2.241740e-02	 1.858918e-06	 4.547737e-03	 1.027233e-05	-1.620543e-05	 1.598757e-05	 2.579934e-05	 1.022483e-05	 1.962189e-07	 2.036575e-07	 1.445440e+02	 5.143949e-02	 6.411211e-04	 1.480373e-02	 8.240646e-05	 6.054619e-03	 3.892034e-04	 5.882057e-02	 7.665913e-04	 2.225147e-02	 1.668398e-04	 4.191063e-03	 4.042979e-04	 2.821234e-04	 5.266363e-04	 3.709963e-04	 3.377465e-04	 4.280097e-06	 9.653294e-06
 1.659587e+02	 5.325000e-02	 1.688671e-05	 1.517941e-02	 1.002847e-06	 5.494797e-03	 1.017651e-05	 6.234300e-02	 8.904057e-06	 2.342266e-02	 1.910986e-06	 3.546893e-03	 1.011477e-05	-1.598562e-05	 1.609469e-05	 2.722446e-05	 1.031101e-05	 2.010263e-07	 2.014216e-07	 1.659587e+02	 5.343315e-02	 6.336044e-04	 1.499841e-02	 8.129095e-05	 5.298599e-03	 4.100836e-04	 6.242853e-02	 7.459186e-04	 2.368450e-02	 1.630733e-04	 2.957052e-03	 3.605217e-04	 1.657586e-04	 5.467407e-04	 7.512326e-05	 3.274333e-04	-2.406413e-07	 9.345638e-06
 1.905461e+02	 5.649728e-02	 1.722663e-05	 1.559836e-02	 1.036315e-06	 4.441540e-03	 9.912821e-06	 6.572853e-02	 1.897661e-05	 2.435514e-02	 1.963946e-06	 2.605467e-03	 9.787699e-06	-1.641773e-05	 1.629583e-05	 2.601581e-05	 9.929365e-06	 1.966314e-07	 1.979723e-07	 1.905461e+02	 5.699752e-02	 6.700351e-04	 1.566147e-02	 8.711031e-05	 4.363870e-03	 3.626275e-04	 6.688777e-02	 7.712738e-04	 2.438784e-02	 1.600062e-04	 2.488843e-03	 3.627712e-04	 6.793038e-04	 5.160298e-04	-4.735110e-04	 3.138357e-04	 2.152199e-07	 8.983259e-06
 2.187762e+02	 5.960407e-02	 1.753261e-05	 1.597585e-02	 1.071748e-06	 3.448787e-03	 9.754016e-06	 6.900956e-02	 1.924033e-05	 2.522154e-02	 1.980527e-06	 1.729325e-03	 9.624937e-06	-2.721200e-06	 8.631664e-06	 2.392251e-05	 9.821049e-06	 1.901171e-07	 1.937244e-07	 2.187762e+02	 6.009939e-02	 6.135052e-04	 1.596468e-02	 8.503921e-05	 3.439651e-03	 3.318425e-04	 6.917064e-02	 7.172903e-04	 2.525661e-02	 1.573916e-04	 1.851347e-03	 3.327276e-04	 2.378802e-04	 5.356626e-04	-5.270397e-04	 3.017549e-04	-7.366450e-06	 8.523220e-06
 2.511886e+02	 6.256504e-02	 1.785952e-05	 1.631763e-02	 1.107007e-06	 2.523958e-03	 3.905217e-06	 7.214287e-02	 1.978529e-05	 2.602715e-02	 2.037812e-06	 9.250624e-04	 3.858018e-06	-4.104386e-06	 8.797296e-06	 2.175145e-05	 9.577721e-06	 1.845161e-07	 1.888065e-07	 2.511886e+02	 6.356663e-02	 6.050808e-04	 1.622265e-02	 8.467615e-05	 2.478029e-03	 3.157634e-04	 7.194412e-02	 6.779763e-04	 2.634099e-02	 1.564756e-04	 8.077193e-04	 3.166470e-04	-7.214648e-04	 5.072461e-04	-5.470090e-04	 3.014211e-04	 3.472743e-06	 8.066005e-06
 2.884032e+02	 6.538028e-02	 1.834046e-05	 1.662826e-02	 1.140859e-06	 1.682082e-03	 3.788271e-06	 7.512976e-02	 2.027501e-05	 2.677633e-02	 2.091360e-06	 2.006408e-04	 3.767553e-06	-5.751597e-06	 8.945611e-06	 1.908577e-05	 9.548780e-06	 1.540838e-07	 1.837352e-07	 2.884032e+02	 6.479755e-02	 5.993882e-04	 1.652163e-02	 8.611480e-05	 1.967518e-03	 3.199659e-04	 7.411587e-02	 6.698541e-04	 2.660309e-02	 1.551418e-04	 2.971924e-04	 3.021761e-04	 1.659067e-04	 5.030787e-04	 4.412983e-04	 2.768574e-04	-2.296222e-06	 7.898303e-06
 3.311311e+02	 6.804574e-02	 1.870920e-05	 1.691130e-02	 1.173355e-06	 9.237658e-04	 3.659774e-06	 7.796204e-02	 2.067380e-05	 2.747290e-02	 2.152434e-06	-4.429339e-04	 3.655711e-06	-7.246048e-06	 9.082954e-06	 1.639967e-05	 9.440164e-06	 1.078783e-07	 1.778807e-07	 3.311311e+02	 6.795310e-02	 5.951234e-04	 1.709840e-02	 8.229696e-05	 8.126012e-04	 3.180451e-04	 7.961172e-02	 9.062718e-04	 2.737943e-02	 1.546579e-04	-2.064720e-04	 2.867552e-04	 3.283985e-04	 5.257274e-04	-4.600070e-04	 2.804714e-04	 6.194701e-06	 7.243310e-06
 3.801894e+02	 7.056775e-02	 1.943102e-05	 1.716962e-02	 1.205216e-06	 2.502511e-04	 3.573117e-06	 8.064877e-02	 2.146524e-05	 2.811947e-02	 2.295741e-06	-1.004849e-03	 3.396199e-06	-8.502778e-06	 9.210729e-06	 1.495277e-05	 9.240786e-06	-2.065113e-07	 1.639387e-07	 3.801894e+02	 7.070064e-02	 5.868117e-04	 1.721538e-02	 8.610833e-05	-5.837719e-05	 2.928914e-04	 8.053848e-02	 6.940397e-04	 2.842813e-02	 1.617940e-04	-1.511963e-03	 2.714594e-04	 3.720195e-04	 4.975667e-04	-2.172514e-04	 2.483931e-04	 4.906050e-06	 7.079239e-06
 4.365158e+02	 7.293601e-02	 1.999106e-05	 1.740562e-02	 1.236219e-06	-3.383700e-04	 3.311030e-06	 8.317586e-02	 2.209256e-05	 2.872051e-02	 2.363867e-06	-1.490003e-03	 3.299171e-06	-9.731183e-06	 9.337424e-06	 1.767408e-06	 3.602917e-06	-1.845653e-07	 1.552797e-07	 4.365158e+02	 7.423578e-02	 6.056598e-04	 1.738384e-02	 8.840141e-05	-6.744504e-04	 2.572521e-04	 8.265749e-02	 6.787274e-04	 2.875027e-02	 1.633673e-04	-1.216812e-03	 2.564483e-04	 1.904359e-04	 4.927863e-04	-1.357156e-04	 2.454061e-04	-5.680282e-06	 6.335022e-06
 5.011872e+02	 7.516637e-02	 2.079606e-05	 1.762117e-02	 1.267776e-06	-8.481378e-04	 3.205817e-06	 8.555865e-02	 2.293649e-05	 2.927776e-02	 2.432484e-06	-1.900321e-03	 3.193262e-06	-1.083345e-05	 9.462470e-06	 1.785765e-06	 3.479603e-06	-1.729473e-07	 1.484801e-07	 5.011872e+02	 7.535135e-02	 6.042020e-04	 1.776065e-02	 9.158213e-05	-6.465468e-04	 2.536945e-04	 8.580279e-02	 7.668724e-04	 2.945276e-02	 1.571864e-04	-2.302438e-03	 2.423583e-04	-1.927398e-04	 4.882447e-04	-6.823658e-04	 2.206938e-04	-4.076835e-07	 5.942055e-06
 5.754399e+02	 7.725528e-02	 2.159385e-05	 1.781805e-02	 1.300303e-06	-1.278934e-03	 3.060883e-06	 8.779778e-02	 2.392591e-05	 2.979354e-02	 2.493901e-06	-2.238293e-03	 3.054434e-06	-1.182491e-05	 9.579432e-06	 2.056864e-06	 3.351090e-06	-1.525917e-07	 1.404239e-07	 5.754399e+02	 7.736302e-02	 6.119498e-04	 1.800659e-02	 9.224177e-05	-1.413548e-03	 2.256746e-04	 8.607110e-02	 6.390386e-04	 3.004818e-02	 1.577833e-04	-2.383604e-03	 2.389849e-04	-6.203768e-04	 4.891263e-04	-2.485903e-04	 2.193855e-04	 3.144076e-06	 5.466813e-06
 6.606934e+02	 7.920688e-02	 2.239662e-05	 1.799774e-02	 1.334328e-06	-1.640841e-03	 2.945130e-06	 8.989308e-02	 2.491322e-05	 3.027047e-02	 2.562545e-06	-2.512910e-03	 2.939861e-06	-1.266436e-05	 9.695155e-06	 2.331975e-06	 3.236899e-06	-1.346015e-07	 1.333630e-07	 6.606934e+02	 7.966655e-02	 5.918038e-04	 1.789408e-02	 9.281457e-05	-1.842987e-03	 2.129074e-04	 9.022098e-02	 6.727018e-04	 3.025000e-02	 1.752891e-04	-2.029275e-03	 2.117497e-04	 5.342008e-04	 4.872420e-04	 1.803625e-04	 2.040739e-04	 5.216786e-06	 5.083614e-06
 7.585776e+02	 8.102716e-02	 2.344085e-05	 1.816145e-02	 1.359809e-06	-1.936512e-03	 2.833345e-06	 9.184944e-02	 2.611303e-05	 3.071038e-02	 2.632146e-06	-2.727572e-03	 2.825909e-06	-1.330161e-05	 9.811032e-06	 2.239918e-06	 3.141680e-06	-1.171086e-07	 1.256730e-07	 7.585776e+02	 8.015120e-02	 5.751434e-04	 1.816082e-02	 1.003720e-04	-2.167264e-03	 2.119325e-04	 9.201997e-02	 6.341144e-04	 3.075528e-02	 1.619669e-04	-2.941155e-03	 2.238608e-04	 9.962234e-04	 4.828889e-04	-3.779547e-05	 1.829441e-04	-7.953622e-06	 5.029972e-06
 8.709636e+02	 8.272355e-02	 2.461104e-05	 1.831063e-02	 1.382210e-06	-2.172087e-03	 2.722230e-06	 9.367585e-02	 2.741079e-05	 3.111546e-02	 2.719405e-06	-2.888227e-03	 2.714323e-06	 8.988932e-06	 1.016971e-05	 2.195012e-06	 3.016005e-06	-1.437692e-08	 1.216249e-07	 8.709636e+02	 8.282852e-02	 5.717270e-04	 1.831129e-02	 1.069155e-04	-2.675638e-03	 1.964206e-04	 9.260214e-02	 6.677137e-04	 3.115888e-02	 1.631130e-04	-2.894980e-03	 1.867660e-04	-1.500545e-04	 4.860423e-04	 2.924085e-05	 1.713267e-04	 5.709161e-06	 4.373080e-06
 1.000000e+03	 8.429724e-02	 2.591582e-05	 1.844601e-02	 1.400569e-06	-2.353354e-03	 2.612546e-06	 9.537083e-02	 2.892184e-05	 3.148796e-02	 2.803929e-06	-3.000568e-03	 2.607194e-06	 8.856290e-06	 1.027611e-05	 2.073335e-06	 2.900288e-06	 3.955665e-07	 3.082232e-07	 1.000000e+03	 8.413970e-02	 5.728018e-04	 1.831552e-02	 9.983032e-05	-2.310908e-03	 1.735644e-04	 9.526451e-02	 6.716654e-04	 3.160545e-02	 1.652551e-04	-3.010490e-03	 1.865314e-04	 6.154816e-05	 4.839026e-04	 6.718928e-05	 1.739763e-04	-3.066115e-06	 4.315748e-06
