 1.000000e-03	 1.727958e-01	 3.988006e-06	 6.285330e-06	 1.133362e-10	 1.722231e-01	 4.004002e-06	 3.168858e+01	 7.242997e-04	 3.151288e+01	 7.202933e-04	 1.757001e-01	 4.007054e-06	-6.921192e-08	 3.680498e-07	 6.870944e-08	 3.693200e-07	 6.145334e-10	 9.045293e-10	 1.000000e-03	 1.729745e-01	 2.561927e-04	 6.275873e-06	 1.137534e-08	 1.722936e-01	 2.500748e-04	 3.172380e+01	 4.667943e-02	 3.154791e+01	 4.641974e-02	 1.757691e-01	 2.530705e-04	 1.031461e-06	 1.361588e-05	-1.417937e-05	 1.657234e-05	-3.494029e-08	 4.736122e-08
 1.148154e-03	 1.794636e-01	 4.197702e-06	 7.515486e-06	 1.354593e-10	 1.787788e-01	 4.223714e-06	 3.291406e+01	 7.611348e-04	 3.273155e+01	 7.569247e-04	 1.825041e-01	 4.226556e-06	 1.547002e-07	 4.144608e-07	-1.837807e-07	 4.128571e-07	 6.968402e-10	 1.007852e-09	 1.148154e-03	 1.795811e-01	 3.285887e-04	 7.526323e-06	 1.073965e-08	 1.788159e-01	 3.576802e-04	 3.302071e+01	 4.810861e-02	 3.274730e+01	 4.797249e-02	 1.826037e-01	 2.655233e-04	-3.182016e-05	 1.625373e-05	 1.849716e-06	 1.574490e-05	-4.757944e-08	 5.429655e-08
 1.318257e-03	 1.862017e-01	 4.407544e-06	 8.978397e-06	 1.617574e-10	 1.853835e-01	 4.431353e-06	 3.415188e+01	 8.000476e-04	 3.396251e+01	 7.956179e-04	 1.893749e-01	 4.435010e-06	 1.941555e-07	 4.649204e-07	-1.977203e-07	 4.644616e-07	 8.247382e-10	 1.158021e-09	 1.318257e-03	 1.862139e-01	 2.989975e-04	 8.996154e-06	 1.827664e-08	 1.855269e-01	 3.573066e-04	 3.417239e+01	 6.346264e-02	 3.401244e+01	 5.140945e-02	 1.894812e-01	 3.813382e-04	 2.473052e-05	 1.706998e-05	-2.000259e-05	 1.712753e-05	-2.521194e-08	 6.236104e-08
 1.513561e-03	 1.929993e-01	 4.611788e-06	 1.071638e-05	 1.929790e-10	 1.920226e-01	 4.641961e-06	 3.539982e+01	 8.377474e-04	 3.520352e+01	 8.331044e-04	 1.962991e-01	 4.643588e-06	 2.543575e-07	 5.226277e-07	-2.636645e-07	 5.225817e-07	 1.047892e-09	 1.327567e-09	 1.513561e-03	 1.927553e-01	 2.944363e-04	 1.072891e-05	 1.840261e-08	 1.917650e-01	 3.912320e-04	 3.549457e+01	 5.381577e-02	 3.516376e+01	 7.272235e-02	 1.967649e-01	 3.051048e-04	-7.619408e-06	 1.938742e-05	 7.154636e-06	 2.392741e-05	 2.526445e-08	 7.159490e-08
 1.737801e-03	 1.998412e-01	 4.836144e-06	 1.277904e-05	 2.300305e-10	 1.986765e-01	 4.871155e-06	 3.665474e+01	 8.785604e-04	 3.645148e+01	 8.736877e-04	 2.032582e-01	 4.873160e-06	 2.364700e-07	 5.852036e-07	-2.379112e-07	 5.867524e-07	 1.202602e-09	 1.523747e-09	 1.737801e-03	 1.994435e-01	 4.219899e-04	 1.278681e-05	 2.615309e-08	 1.989858e-01	 3.140757e-04	 3.674910e+01	 7.827287e-02	 3.638783e+01	 6.920849e-02	 2.033255e-01	 3.156413e-04	-4.088824e-07	 2.629721e-05	-3.048131e-06	 2.386821e-05	-7.647057e-08	 8.220451e-08
 1.995262e-03	 2.067143e-01	 5.069596e-06	 1.522442e-05	 2.739082e-10	 2.053264e-01	 5.109914e-06	 3.791381e+01	 9.209800e-04	 3.770357e+01	 9.158682e-04	 2.102351e-01	 5.112067e-06	-1.319313e-07	 6.415406e-07	 1.317095e-07	 6.431435e-07	 1.380060e-09	 1.748831e-09	 1.995262e-03	 2.069736e-01	 4.925036e-04	 1.528001e-05	 3.009871e-08	 2.055650e-01	 4.559404e-04	 3.776648e+01	 7.597285e-02	 3.770305e+01	 8.316857e-02	 2.101773e-01	 3.266949e-04	 5.592532e-06	 2.404511e-05	-2.798776e-05	 3.048141e-05	 6.451802e-08	 9.452568e-08
 2.290868e-03	 2.136011e-01	 3.869292e-06	 1.812030e-05	 3.258820e-10	 2.119491e-01	 3.905243e-06	 3.917336e+01	 7.029465e-04	 3.895615e+01	 6.990400e-04	 2.172082e-01	 3.905828e-06	-9.561779e-08	 7.152844e-07	 9.557812e-08	 7.170790e-07	 1.583580e-09	 2.007051e-09	 2.290868e-03	 2.140396e-01	 4.484685e-04	 1.809043e-05	 2.913579e-08	 2.119571e-01	 3.388091e-04	 3.922167e+01	 8.071612e-02	 3.890443e+01	 7.075759e-02	 2.173570e-01	 4.544841e-04	 1.330704e-05	 3.041881e-05	 4.220557e-05	 2.677981e-05	 3.520430e-08	 1.084323e-07
 2.630268e-03	 2.204870e-01	 4.069637e-06	 2.154568e-05	 3.873070e-10	 2.185221e-01	 4.114139e-06	 4.043008e+01	 7.394887e-04	 4.020593e+01	 7.353753e-04	 2.241562e-01	 4.115260e-06	-1.408976e-07	 7.981763e-07	 1.394384e-07	 7.999827e-07	-1.396348e-09	 2.266132e-09	 2.630268e-03	 2.202829e-01	 4.462291e-04	 2.156169e-05	 3.138334e-08	 2.182354e-01	 3.611545e-04	 4.036287e+01	 6.792809e-02	 4.013455e+01	 6.488706e-02	 2.242815e-01	 3.604417e-04	-1.765305e-05	 3.044490e-05	 2.256005e-05	 2.991003e-05	 3.666972e-07	 1.245531e-07
 3.019952e-03	 2.273530e-01	 4.279084e-06	 2.559242e-05	 4.597693e-10	 2.250187e-01	 4.322546e-06	 4.167983e+01	 7.784663e-04	 4.144877e+01	 7.743010e-04	 2.310545e-01	 4.323607e-06	-2.043588e-07	 8.955998e-07	-1.862799e-07	 1.233628e-06	-1.605044e-09	 2.600282e-09	 3.019952e-03	 2.285092e-01	 5.263845e-04	 2.560141e-05	 3.847158e-08	 2.252008e-01	 5.079414e-04	 4.170848e+01	 6.836315e-02	 4.148753e+01	 6.975135e-02	 2.310368e-01	 3.789227e-04	-4.314683e-05	 3.322816e-05	 3.944094e-05	 4.111943e-05	 1.466725e-07	 1.428823e-07
 3.467369e-03	 2.341807e-01	 4.509516e-06	 3.036702e-05	 5.452640e-10	 2.314099e-01	 4.575064e-06	 4.291826e+01	 8.193046e-04	 4.268038e+01	 8.147311e-04	 2.378758e-01	 4.576570e-06	-2.027509e-07	 9.954690e-07	 2.017518e-07	 9.976618e-07	-1.844999e-09	 2.983446e-09	 3.467369e-03	 2.342493e-01	 4.037977e-04	 3.041294e-05	 4.542797e-08	 2.317696e-01	 3.880876e-04	 4.286986e+01	 1.154174e-01	 4.272233e+01	 7.554468e-02	 2.379549e-01	 4.940907e-04	-4.103306e-05	 3.963992e-05	-2.413037e-05	 4.808781e-05	-7.481458e-08	 1.643671e-07
 3.981072e-03	 2.409485e-01	 4.746017e-06	 3.599266e-05	 6.460446e-10	 2.376633e-01	 4.821043e-06	 4.414050e+01	 8.629591e-04	 4.389591e+01	 8.581362e-04	 2.445897e-01	 4.823059e-06	-1.055063e-07	 1.108577e-06	 1.037090e-07	 1.110965e-06	-2.121066e-09	 3.422725e-09	 3.981072e-03	 2.408727e-01	 4.702189e-04	 3.602600e-05	 7.080196e-08	 2.378723e-01	 4.630398e-04	 4.418803e+01	 7.538735e-02	 4.379769e+01	 7.582988e-02	 2.442410e-01	 4.314354e-04	-1.171660e-05	 4.120064e-05	-2.277314e-05	 4.371648e-05	-8.660269e-08	 1.887402e-07
 4.570882e-03	 2.476353e-01	 4.964030e-06	 4.261135e-05	 7.645204e-10	 2.437449e-01	 5.046762e-06	 4.534151e+01	 9.021385e-04	 4.509034e+01	 8.970884e-04	 2.511643e-01	 5.048232e-06	 1.427679e-06	 1.235406e-06	-1.432061e-06	 1.237984e-06	-4.882844e-09	 4.187162e-09	 4.570882e-03	 2.480839e-01	 5.161790e-04	 4.249920e-05	 6.687668e-08	 2.433537e-01	 4.409120e-04	 4.538171e+01	 8.878459e-02	 4.508095e+01	 7.894095e-02	 2.517782e-01	 4.331000e-04	-3.975705e-05	 4.590183e-05	-1.598369e-05	 4.585861e-05	-4.216322e-09	 2.166512e-07
 5.248075e-03	 2.542186e-01	 5.208127e-06	 5.038621e-05	 9.035196e-10	 2.496159e-01	 5.300942e-06	 4.651570e+01	 9.463785e-04	 4.625812e+01	 9.410718e-04	 2.575630e-01	 5.302475e-06	 4.120031e-08	 1.377189e-06	-4.108324e-08	 1.379721e-06	 1.875852e-09	 4.346655e-09	 5.248075e-03	 2.546947e-01	 5.088409e-04	 5.044557e-05	 7.991473e-08	 2.491616e-01	 4.542448e-04	 4.655749e+01	 1.106915e-01	 4.638080e+01	 9.828351e-02	 2.580232e-01	 4.582074e-04	-3.223106e-05	 6.538647e-05	 5.082724e-05	 5.660158e-05	 1.563969e-07	 2.495919e-07
 6.025596e-03	 2.606740e-01	 5.460501e-06	 5.950386e-05	 1.066638e-09	 2.552348e-01	 5.575760e-06	 4.765687e+01	 9.924765e-04	 4.739310e+01	 9.869004e-04	 2.637467e-01	 5.577683e-06	 5.402284e-08	 1.527827e-06	-5.440444e-08	 1.530355e-06	 2.144329e-09	 4.984624e-09	 6.025596e-03	 2.601676e-01	 6.425357e-04	 5.954540e-05	 9.729248e-08	 2.542942e-01	 4.740569e-04	 4.764309e+01	 9.972436e-02	 4.744064e+01	 1.102316e-01	 2.644369e-01	 4.802102e-04	 6.776440e-05	 5.686004e-05	 1.088840e-05	 5.679451e-05	-1.808442e-07	 2.872814e-07
 6.918310e-03	 2.669761e-01	 5.719364e-06	 7.017691e-05	 1.257670e-09	 2.605570e-01	 5.861669e-06	 4.875867e+01	 1.040755e-03	 4.848897e+01	 1.034880e-03	 2.696732e-01	 5.864098e-06	 7.437528e-08	 1.693929e-06	-7.540244e-08	 1.696238e-06	 2.449202e-09	 5.715226e-09	 6.918310e-03	 2.666851e-01	 5.087950e-04	 7.010599e-05	 1.251441e-07	 2.603883e-01	 6.591604e-04	 4.865585e+01	 1.273447e-01	 4.867956e+01	 1.171037e-01	 2.710997e-01	 6.766590e-04	-3.211435e-05	 6.290858e-05	 5.973157e-05	 6.289551e-05	-2.690022e-07	 3.294097e-07
 7.943282e-03	 2.730997e-01	 5.989461e-06	 8.264627e-05	 1.480510e-09	 2.655344e-01	 6.163085e-06	 4.981428e+01	 1.090005e-03	 4.953894e+01	 1.083836e-03	 2.752970e-01	 6.165911e-06	-1.123240e-08	 1.873723e-06	 9.369723e-09	 1.875711e-06	 2.793845e-09	 6.551621e-09	 7.943282e-03	 2.729912e-01	 6.998464e-04	 8.268427e-05	 1.408884e-07	 2.654869e-01	 6.636822e-04	 4.995247e+01	 1.335632e-01	 4.952281e+01	 9.550462e-02	 2.760598e-01	 5.234535e-04	-2.612103e-05	 7.019594e-05	 2.417656e-05	 9.328751e-05	 4.005450e-07	 3.788868e-07
 9.120108e-03	 2.790174e-01	 6.262703e-06	 9.718330e-05	 1.739913e-09	 2.701127e-01	 6.456754e-06	 5.081604e+01	 1.138740e-03	 5.053541e+01	 1.132286e-03	 2.805668e-01	 6.459432e-06	-1.103291e-08	 2.074110e-06	 7.903847e-09	 2.075275e-06	 3.185961e-09	 7.508698e-09	 9.120108e-03	 2.786140e-01	 7.194015e-04	 9.694946e-05	 1.711115e-07	 2.717609e-01	 7.289745e-04	 5.074317e+01	 9.935634e-02	 5.048761e+01	 1.354141e-01	 2.790987e-01	 7.588958e-04	 1.027520e-05	 8.168586e-05	-1.562597e-04	 8.874842e-05	 3.477413e-07	 4.363310e-07
 1.047129e-02	 2.847012e-01	 6.567568e-06	 1.140916e-04	 2.041232e-09	 2.742360e-01	 6.795398e-06	 5.175616e+01	 1.194148e-03	 5.147066e+01	 1.187354e-03	 2.854293e-01	 6.797951e-06	-6.504799e-10	 2.293277e-06	-3.830285e-09	 2.293372e-06	 3.636917e-09	 8.603281e-09	 1.047129e-02	 2.847753e-01	 5.775762e-04	 1.141628e-04	 3.013460e-07	 2.739061e-01	 7.073963e-04	 5.219926e+01	 1.165668e-01	 5.157492e+01	 1.330798e-01	 2.856163e-01	 5.672084e-04	-1.316221e-04	 8.756508e-05	-6.001154e-05	 9.078954e-05	 3.684652e-07	 5.060948e-07
 1.202264e-02	 2.901236e-01	 6.864898e-06	 1.337082e-04	 2.389447e-09	 2.778440e-01	 7.130014e-06	 5.262639e+01	 1.248177e-03	 5.233646e+01	 1.241048e-03	 2.898275e-01	 7.133977e-06	-8.399072e-08	 2.535760e-06	 7.793784e-08	 2.534131e-06	 4.154013e-09	 9.854369e-09	 1.202264e-02	 2.906908e-01	 6.104915e-04	 1.337124e-04	 2.422193e-07	 2.774713e-01	 5.836319e-04	 5.238099e+01	 1.357600e-01	 5.237285e+01	 1.075253e-01	 2.902375e-01	 5.907070e-04	 3.574907e-05	 1.232126e-04	 5.281356e-05	 1.033436e-04	-1.978098e-07	 5.791894e-07
 1.380384e-02	 2.952564e-01	 7.175906e-06	 1.564034e-04	 2.789613e-09	 2.808712e-01	 7.476012e-06	 5.341800e+01	 1.304798e-03	 5.312417e+01	 1.297314e-03	 2.936988e-01	 7.480308e-06	 6.864626e-08	 2.799108e-06	-7.743445e-08	 2.795064e-06	 4.742569e-09	 1.128341e-08	 1.380384e-02	 2.972417e-01	 8.746594e-04	 1.568045e-04	 2.873946e-07	 2.814891e-01	 6.041862e-04	 5.343307e+01	 1.128605e-01	 5.312049e+01	 1.397708e-01	 2.933057e-01	 6.149191e-04	-4.753877e-05	 1.394206e-04	 7.609312e-05	 1.150796e-04	-3.206818e-07	 6.711976e-07
 1.584893e-02	 3.000683e-01	 7.489398e-06	 1.825797e-04	 3.247131e-09	 2.832474e-01	 7.842358e-06	 5.412148e+01	 1.362101e-03	 5.382431e+01	 1.354259e-03	 2.969766e-01	 7.849426e-06	 3.916564e-06	 3.052967e-06	-3.924995e-06	 3.046014e-06	 5.414039e-09	 1.291449e-08	 1.584893e-02	 2.996258e-01	 6.678076e-04	 1.819903e-04	 3.435805e-07	 2.838337e-01	 8.752253e-04	 5.413516e+01	 1.176265e-01	 5.382940e+01	 1.169723e-01	 2.959757e-01	 7.938295e-04	-8.985196e-05	 1.212736e-04	-6.290751e-05	 1.153407e-04	 9.934838e-08	 7.718445e-07
 1.819701e-02	 3.045321e-01	 7.821717e-06	 2.126680e-04	 3.766405e-09	 2.849005e-01	 8.231389e-06	 5.472733e+01	 1.422212e-03	 5.442748e+01	 1.413978e-03	 2.995918e-01	 8.237872e-06	 9.160618e-08	 3.380492e-06	-1.094779e-07	 3.368644e-06	 6.183737e-09	 1.477448e-08	 1.819701e-02	 3.032258e-01	 6.945409e-04	 2.125384e-04	 4.351228e-07	 2.848910e-01	 6.610560e-04	 5.489084e+01	 1.568695e-01	 5.477384e+01	 1.619204e-01	 2.991066e-01	 7.244891e-04	 2.000738e-04	 1.289930e-04	-5.375962e-05	 1.271165e-04	-1.884256e-06	 8.911118e-07
 2.089296e-02	 3.086161e-01	 8.162404e-06	 2.471222e-04	 4.353742e-09	 2.857512e-01	 8.629219e-06	 5.522544e+01	 1.483223e-03	 5.492363e+01	 1.474587e-03	 3.014687e-01	 8.637419e-06	 1.906496e-07	 3.709477e-06	-2.177994e-07	 3.691388e-06	 7.051901e-09	 1.689346e-08	 2.089296e-02	 3.087914e-01	 8.173586e-04	 2.467051e-04	 5.126760e-07	 2.862749e-01	 9.418154e-04	 5.542499e+01	 1.756078e-01	 5.456524e+01	 1.515666e-01	 3.002729e-01	 6.945564e-04	-2.679376e-04	 1.977328e-04	-2.281305e-04	 1.404761e-04	-8.030061e-07	 1.029371e-06
 2.398833e-02	 3.122892e-01	 8.506633e-06	 2.864089e-04	 5.014380e-09	 2.857187e-01	 9.034902e-06	 5.560521e+01	 1.544301e-03	 5.530223e+01	 1.535263e-03	 3.025299e-01	 9.044802e-06	-3.914751e-08	 4.069224e-06	-1.310236e-09	 4.042680e-06	 8.038837e-09	 1.930491e-08	 2.398833e-02	 3.139512e-01	 9.870358e-04	 2.864255e-04	 5.783203e-07	 2.856271e-01	 9.571956e-04	 5.569172e+01	 1.333868e-01	 5.528797e+01	 1.329018e-01	 3.012785e-01	 9.933422e-04	 7.645539e-05	 1.818365e-04	-3.573135e-05	 1.706129e-04	-1.391839e-06	 1.198722e-06
 2.754229e-02	 3.155214e-01	 8.867733e-06	 3.309939e-04	 5.749316e-09	 2.847206e-01	 9.460605e-06	 5.585639e+01	 1.606266e-03	 5.555309e+01	 1.596804e-03	 3.026962e-01	 9.472534e-06	 5.133337e-06	 4.415837e-06	-5.146880e-06	 4.378971e-06	 9.156347e-09	 2.204579e-08	 2.754229e-02	 3.169992e-01	 9.271801e-04	 3.314355e-04	 6.861150e-07	 2.855667e-01	 1.076873e-03	 5.588580e+01	 1.468091e-01	 5.514245e+01	 1.609825e-01	 3.024572e-01	 7.471128e-04	-7.904532e-05	 1.743502e-04	 2.220215e-04	 2.246562e-04	-8.350705e-07	 1.383199e-06
 3.162278e-02	 3.182803e-01	 9.225752e-06	 3.813220e-04	 6.566641e-09	 2.826694e-01	 9.870614e-06	 5.596777e+01	 1.670579e-03	 5.566507e+01	 1.660690e-03	 3.018836e-01	 9.884730e-06	 5.559183e-06	 4.845771e-06	-5.606105e-06	 4.789334e-06	 1.042403e-08	 2.515662e-08	 3.162278e-02	 3.197525e-01	 9.101695e-04	 3.816462e-04	 8.139602e-07	 2.836243e-01	 9.421273e-04	 5.608500e+01	 1.545289e-01	 5.563912e+01	 1.802898e-01	 3.024516e-01	 1.029360e-03	-4.624106e-04	 2.486325e-04	 2.080097e-04	 1.875554e-04	-4.009338e-07	 1.606432e-06
 3.630781e-02	 3.205325e-01	 9.577985e-06	 4.377909e-04	 7.469043e-09	 2.794770e-01	 1.033423e-05	 5.592889e+01	 1.732003e-03	 5.562781e+01	 1.721668e-03	 3.000067e-01	 1.035185e-05	 6.384226e-06	 5.277296e-06	-6.433887e-06	 5.206649e-06	 1.185299e-08	 2.868188e-08	 3.630781e-02	 3.203657e-01	 9.710316e-04	 4.385819e-04	 1.166364e-06	 2.811769e-01	 1.142420e-03	 5.587468e+01	 1.494534e-01	 5.580541e+01	 2.206414e-01	 3.005160e-01	 7.929517e-04	 2.593923e-04	 2.135961e-04	 1.516749e-04	 2.025337e-04	-6.366538e-07	 1.868811e-06
 4.168694e-02	 3.222403e-01	 9.957445e-06	 5.007169e-04	 8.457281e-09	 2.750576e-01	 1.081215e-05	 5.572865e+01	 1.800385e-03	 5.543023e+01	 1.789559e-03	 2.969825e-01	 1.083418e-05	 6.526481e-06	 5.734764e-06	-6.599910e-06	 5.641479e-06	 1.347308e-08	 3.266962e-08	 4.168694e-02	 3.235288e-01	 1.136047e-03	 5.018354e-04	 1.140119e-06	 2.770011e-01	 9.021079e-04	 5.598107e+01	 1.778541e-01	 5.565450e+01	 2.450466e-01	 2.981201e-01	 1.092199e-03	-3.028436e-04	 2.644809e-04	 2.543566e-04	 3.062183e-04	 3.978244e-06	 2.177740e-06
 4.786301e-02	 3.233658e-01	 1.035903e-05	 5.702848e-04	 1.122275e-08	 2.693271e-01	 1.129259e-05	 5.535670e+01	 1.865320e-03	 5.506208e+01	 1.854012e-03	 2.927289e-01	 1.131919e-05	 7.124272e-06	 6.226202e-06	-7.194685e-06	 6.095285e-06	 1.531844e-08	 3.717168e-08	 4.786301e-02	 3.235188e-01	 1.151644e-03	 5.734132e-04	 1.866190e-06	 2.717402e-01	 1.040650e-03	 5.532766e+01	 1.874153e-01	 5.523956e+01	 1.599266e-01	 2.927216e-01	 1.599801e-03	 4.252098e-04	 2.541146e-04	 5.392941e-04	 2.919582e-04	-3.183608e-06	 2.540198e-06
 5.495409e-02	 3.238662e-01	 1.075130e-05	 6.465234e-04	 1.268399e-08	 2.622058e-01	 1.177750e-05	 5.480335e+01	 1.931844e-03	 5.451370e+01	 1.920084e-03	 2.871673e-01	 1.181033e-05	 7.682155e-06	 6.738404e-06	-7.726233e-06	 6.559087e-06	 1.737411e-08	 4.224374e-08	 5.495409e-02	 3.224973e-01	 9.951799e-04	 6.458208e-04	 1.580572e-06	 2.642500e-01	 1.254186e-03	 5.529085e+01	 2.739208e-01	 5.481150e+01	 2.093366e-01	 2.870696e-01	 9.855233e-04	-3.096858e-05	 2.763362e-04	-2.561077e-04	 2.609856e-04	-2.987876e-06	 2.977435e-06
 6.309573e-02	 3.236886e-01	 1.114001e-05	 7.292021e-04	 1.425369e-08	 2.536210e-01	 1.226458e-05	 5.405891e+01	 1.999923e-03	 5.377543e+01	 1.987655e-03	 2.802253e-01	 1.230489e-05	 8.192718e-06	 7.270333e-06	-8.351337e-06	 7.032015e-06	 1.963981e-08	 4.794417e-08	 6.309573e-02	 3.228670e-01	 1.038391e-03	 7.291777e-04	 1.903335e-06	 2.534643e-01	 8.650933e-04	 5.388456e+01	 1.708448e-01	 5.387030e+01	 1.701559e-01	 2.816213e-01	 1.111589e-03	 4.755141e-04	 3.016963e-04	 8.818143e-05	 2.836457e-04	 3.014410e-06	 3.472733e-06
 7.244360e-02	 3.227766e-01	 1.153448e-05	 8.177894e-04	 1.591749e-08	 2.435135e-01	 1.275516e-05	 5.311550e+01	 2.066859e-03	 5.283942e+01	 2.054034e-03	 2.718423e-01	 1.280474e-05	 8.586507e-06	 7.846020e-06	-9.073166e-06	 7.507251e-06	 2.216579e-08	 5.433389e-08	 7.244360e-02	 3.231281e-01	 1.202327e-03	 8.209094e-04	 2.130402e-06	 2.435123e-01	 9.703275e-04	 5.307636e+01	 2.532833e-01	 5.281270e+01	 1.757875e-01	 2.725689e-01	 9.046104e-04	-2.607531e-04	 6.239391e-04	 9.614063e-05	 3.746966e-04	 8.520631e-07	 4.073073e-06
 8.317638e-02	 3.210621e-01	 1.192600e-05	 9.113703e-04	 1.762931e-08	 2.318399e-01	 1.324541e-05	 5.196643e+01	 2.126444e-03	 5.169882e+01	 2.112933e-03	 2.619717e-01	 1.330568e-05	 9.260821e-06	 8.411753e-06	-9.596049e-06	 8.007619e-06	 2.497215e-08	 6.147628e-08	 8.317638e-02	 3.203407e-01	 1.359822e-03	 9.122681e-04	 2.897309e-06	 2.317751e-01	 1.136843e-03	 5.228258e+01	 1.821621e-01	 5.163451e+01	 1.814165e-01	 2.635505e-01	 9.182111e-04	-3.367040e-06	 3.940549e-04	 1.497694e-04	 3.308258e-04	 3.744736e-06	 4.778054e-06
 9.549926e-02	 3.184666e-01	 1.231899e-05	 1.008573e-03	 1.935043e-08	 2.185763e-01	 1.373455e-05	 5.060634e+01	 2.181974e-03	 5.034866e+01	 2.168089e-03	 2.505839e-01	 1.380872e-05	 9.928351e-06	 8.987600e-06	-1.014765e-05	 8.527989e-06	 2.806510e-08	 6.943613e-08	 9.549926e-02	 3.187504e-01	 1.617351e-03	 1.016637e-03	 3.717816e-06	 2.182226e-01	 1.050301e-03	 5.035038e+01	 2.099169e-01	 5.130586e+01	 2.524730e-01	 2.518053e-01	 1.089006e-03	 2.721641e-04	 5.171957e-04	 5.841878e-04	 4.929827e-04	 3.780328e-06	 5.618286e-06
 1.096478e-01	 3.148958e-01	 1.271480e-05	 1.107502e-03	 2.104001e-08	 2.037241e-01	 1.420231e-05	 4.903254e+01	 2.231713e-03	 4.878577e+01	 2.217339e-03	 2.376716e-01	 1.429400e-05	 1.040614e-05	 9.581010e-06	-1.093259e-05	 9.006698e-06	 3.143563e-08	 7.827973e-08	 1.096478e-01	 3.154746e-01	 1.241188e-03	 1.106872e-03	 4.387161e-06	 2.028061e-01	 9.106331e-04	 4.903978e+01	 1.929088e-01	 4.866719e+01	 2.400210e-01	 2.367378e-01	 9.467218e-04	 3.111008e-04	 4.710452e-04	 6.275694e-04	 5.736371e-04	-5.268840e-06	 6.559893e-06
 1.258925e-01	 3.102455e-01	 1.311503e-05	 1.205690e-03	 2.262853e-08	 1.873198e-01	 1.463931e-05	 4.724443e+01	 2.275746e-03	 4.700958e+01	 2.260957e-03	 2.232587e-01	 1.475259e-05	 1.095437e-05	 1.013475e-05	-1.140007e-05	 9.410910e-06	 3.515099e-08	 8.807528e-08	 1.258925e-01	 3.097514e-01	 1.296790e-03	 1.210097e-03	 4.320565e-06	 1.885147e-01	 9.149138e-04	 4.701023e+01	 2.195298e-01	 4.689185e+01	 2.657103e-01	 2.235576e-01	 9.565546e-04	 1.772076e-04	 4.639575e-04	 7.842698e-04	 4.274192e-04	-3.238370e-06	 7.701696e-06
 1.445440e-01	 3.043943e-01	 1.350766e-05	 1.300078e-03	 2.405761e-08	 1.694373e-01	 1.503282e-05	 4.524475e+01	 2.315016e-03	 4.502270e+01	 2.299857e-03	 2.074015e-01	 1.517368e-05	 1.124104e-05	 1.070392e-05	-1.170234e-05	 9.738427e-06	 3.950698e-08	 9.889443e-08	 1.445440e-01	 3.069106e-01	 1.357203e-03	 1.302799e-03	 4.269301e-06	 1.694910e-01	 9.159737e-04	 4.526748e+01	 2.617619e-01	 4.548329e+01	 2.025565e-01	 2.072057e-01	 1.338249e-03	-5.720604e-04	 5.075350e-04	 1.262993e-04	 4.347463e-04	-1.012858e-05	 9.046452e-06
 1.659587e-01	 2.972141e-01	 1.388757e-05	 1.387053e-03	 2.523530e-08	 1.501950e-01	 1.536352e-05	 4.303959e+01	 2.341989e-03	 4.283102e+01	 2.326369e-03	 1.901958e-01	 1.553754e-05	 1.202360e-05	 1.122502e-05	-1.196211e-05	 1.000038e-05	 4.454353e-08	 1.108145e-07	 1.659587e-01	 2.970906e-01	 1.419128e-03	 1.392103e-03	 4.839517e-06	 1.520030e-01	 1.249156e-03	 4.286564e+01	 2.098719e-01	 4.286251e+01	 2.087170e-01	 1.924091e-01	 9.643491e-04	 1.301476e-03	 7.472689e-04	 1.714361e-04	 4.924457e-04	 1.663730e-06	 1.056940e-05
 1.905461e-01	 2.885712e-01	 1.425413e-05	 1.462537e-03	 2.608366e-08	 1.297613e-01	 1.561577e-05	 4.063890e+01	 2.353229e-03	 4.044430e+01	 2.337167e-03	 1.717805e-01	 1.583071e-05	 1.297996e-05	 1.171421e-05	-1.160245e-05	 1.020585e-05	 5.087462e-08	 1.239322e-07	 1.905461e-01	 2.894963e-01	 1.672271e-03	 1.466808e-03	 5.433359e-06	 1.298255e-01	 9.967216e-04	 4.059163e+01	 2.144585e-01	 4.046745e+01	 2.135878e-01	 1.715822e-01	 1.240512e-03	-8.033726e-04	 9.299108e-04	-3.362501e-04	 5.040786e-04	 1.085125e-05	 1.239014e-05
 2.187762e-01	 2.783363e-01	 1.460753e-05	 1.522169e-03	 2.655536e-08	 1.083587e-01	 1.577005e-05	 3.805691e+01	 2.337342e-03	 3.787648e+01	 2.321185e-03	 1.523414e-01	 1.603553e-05	 1.378959e-05	 1.217724e-05	-8.241324e-06	 1.081160e-05	 5.906843e-08	 1.384878e-07	 2.187762e-01	 2.769175e-01	 1.556490e-03	 1.517406e-03	 6.977842e-06	 1.078516e-01	 1.005040e-03	 3.800121e+01	 2.194468e-01	 3.768523e+01	 2.362815e-01	 1.527628e-01	 1.344563e-03	 1.204769e-04	 7.425775e-04	-7.792180e-04	 1.048670e-03	 1.430146e-05	 1.435997e-05
 2.511886e-01	 2.663964e-01	 1.493835e-05	 1.561559e-03	 2.667575e-08	 8.626558e-02	 1.580489e-05	 3.531217e+01	 2.306797e-03	 3.514585e+01	 2.290894e-03	 1.321123e-01	 1.613194e-05	 1.405910e-05	 1.248913e-05	-7.957278e-06	 1.090418e-05	 7.171392e-08	 1.550059e-07	 2.511886e-01	 2.674831e-01	 2.079365e-03	 1.561639e-03	 6.673011e-06	 8.600522e-02	 8.872776e-04	 3.573816e+01	 2.727833e-01	 3.498096e+01	 2.235899e-01	 1.321328e-01	 9.430635e-04	 1.350443e-03	 7.787616e-04	-4.722358e-04	 5.321142e-04	-8.646415e-06	 1.666327e-05
 2.884032e-01	 2.526779e-01	 1.523556e-05	 1.576633e-03	 2.653705e-08	 6.381574e-02	 1.570498e-05	 3.242822e+01	 2.280987e-03	 3.227566e+01	 2.265724e-03	 1.113744e-01	 1.610364e-05	 1.395208e-05	 1.271020e-05	-1.470257e-06	 1.120538e-05	 8.389526e-08	 1.730492e-07	 2.884032e-01	 2.519534e-01	 1.700447e-03	 1.596931e-03	 1.111766e-05	 6.373776e-02	 8.690917e-04	 3.246842e+01	 2.617312e-01	 3.240895e+01	 2.534595e-01	 1.121462e-01	 1.055851e-03	 1.637416e-04	 8.025435e-04	-3.872360e-04	 5.535073e-04	 2.409499e-05	 1.920431e-05
 3.311311e-01	 2.371388e-01	 1.548788e-05	 1.564046e-03	 2.628824e-08	 4.139351e-02	 1.546098e-05	 2.943323e+01	 2.262737e-03	 2.929382e+01	 2.247847e-03	 9.045171e-02	 1.594392e-05	 1.412929e-05	 1.281081e-05	 1.692135e-09	 1.180330e-05	-4.563061e-08	 1.907024e-07	 3.311311e-01	 2.396593e-01	 1.928321e-03	 1.573699e-03	 9.204141e-06	 4.071147e-02	 8.562714e-04	 2.932638e+01	 2.835732e-01	 2.947537e+01	 3.117175e-01	 9.101304e-02	 9.103256e-04	 7.489011e-04	 7.954277e-04	-4.451075e-04	 9.748660e-04	 2.220285e-05	 2.201638e-05
 3.801894e-01	 2.198264e-01	 1.566625e-05	 1.521615e-03	 2.605567e-08	 1.942514e-02	 1.506339e-05	 2.636023e+01	 2.241160e-03	 2.623308e+01	 2.226398e-03	 6.970376e-02	 1.564643e-05	 1.387600e-05	 1.281922e-05	-1.065586e-06	 1.241442e-05	-4.704180e-08	 2.121471e-07	 3.801894e-01	 2.246348e-01	 2.175850e-03	 1.520585e-03	 9.742884e-06	 1.917792e-02	 9.499231e-04	 2.628847e+01	 2.984603e-01	 2.619820e+01	 2.376122e-01	 7.023641e-02	 1.076502e-03	-1.104032e-03	 1.024877e-03	 1.255857e-04	 5.892924e-04	-2.894373e-05	 2.504704e-05
 4.365158e-01	 2.008700e-01	 1.581821e-05	 1.448730e-03	 2.609371e-08	-1.633857e-03	 1.454920e-05	 2.324596e+01	 2.195992e-03	 2.312998e+01	 2.181356e-03	 4.951493e-02	 1.522799e-05	 1.309533e-05	 1.269577e-05	-1.609559e-06	 1.293256e-05	-5.400082e-08	 2.367600e-07	 4.365158e-01	 1.997743e-01	 1.912140e-03	 1.440521e-03	 8.913121e-06	-1.974712e-03	 8.375876e-04	 2.366438e+01	 3.023100e-01	 2.357906e+01	 2.904882e-01	 5.052608e-02	 9.778987e-04	 8.739337e-04	 1.007223e-03	 3.976656e-04	 6.027786e-04	 4.957769e-05	 2.817011e-05
 5.011872e-01	 1.805037e-01	 1.576095e-05	 1.346658e-03	 2.646936e-08	-2.132089e-02	 1.402238e-05	 2.013042e+01	 2.227333e-03	 2.002439e+01	 2.213681e-03	 3.027581e-02	 1.469837e-05	 1.147036e-05	 1.250577e-05	-1.960304e-06	 1.340722e-05	-6.545266e-08	 2.652281e-07	 5.011872e-01	 1.780641e-01	 2.104151e-03	 1.346829e-03	 9.342894e-06	-2.173114e-02	 8.874563e-04	 2.011048e+01	 2.484718e-01	 1.956384e+01	 2.861545e-01	 2.900678e-02	 9.645605e-04	-4.264294e-04	 1.081497e-03	-4.198862e-04	 6.151201e-04	 1.174752e-05	 3.158739e-05
 5.754399e-01	 1.590404e-01	 1.529646e-05	 1.218690e-03	 2.719275e-08	-3.918141e-02	 1.380262e-05	 1.705777e+01	 2.125774e-03	 1.696040e+01	 2.110772e-03	 1.237108e-02	 1.421827e-05	-7.310984e-06	 1.187804e-05	-4.961317e-06	 1.384051e-05	-7.998641e-08	 2.977472e-07	 5.754399e-01	 1.619115e-01	 2.352608e-03	 1.211395e-03	 1.121512e-05	-3.975198e-02	 9.122172e-04	 1.686984e+01	 2.728592e-01	 1.741201e+01	 2.476014e-01	 1.072517e-02	 9.114289e-04	 2.185700e-04	 1.209053e-03	 1.887696e-03	 7.457921e-04	-6.183470e-05	 3.488219e-05
 6.606934e-01	 1.369735e-01	 1.492998e-05	 1.070095e-03	 2.794493e-08	-5.477477e-02	 1.385397e-05	 1.407284e+01	 1.983286e-03	 1.398286e+01	 1.970841e-03	-3.841468e-03	 1.397608e-05	-8.314330e-06	 1.190711e-05	-6.729703e-06	 1.421540e-05	-9.772739e-08	 3.339814e-07	 6.606934e-01	 1.336819e-01	 2.107249e-03	 1.080064e-03	 1.064001e-05	-5.518276e-02	 8.528352e-04	 1.437837e+01	 2.669877e-01	 1.402836e+01	 2.511556e-01	-4.942618e-03	 8.314217e-04	-2.171964e-03	 1.200561e-03	 1.115132e-03	 6.667259e-04	-1.374432e-05	 3.823351e-05
 7.585776e-01	 1.148050e-01	 1.443874e-05	 9.077572e-04	 2.865900e-08	-6.778809e-02	 1.390312e-05	 1.121994e+01	 1.831841e-03	 1.113620e+01	 1.820128e-03	-1.804956e-02	 1.391011e-05	-8.121390e-06	 1.178654e-05	-3.916416e-06	 1.449274e-05	-1.180339e-07	 3.733555e-07	 7.585776e-01	 1.164409e-01	 2.161892e-03	 9.091837e-04	 9.974606e-06	-6.810540e-02	 9.610142e-04	 1.101285e+01	 2.766719e-01	 1.099938e+01	 2.526278e-01	-1.780628e-02	 8.288643e-04	 3.612918e-05	 1.244931e-03	 7.305162e-04	 8.719055e-04	 5.868679e-05	 4.167488e-05
 8.709636e-01	 9.311865e-02	 1.377974e-05	 7.396322e-04	 2.925171e-08	-7.793378e-02	 1.405572e-05	 8.541497e+00	 1.683339e-03	 8.462979e+00	 1.672977e-03	-2.999951e-02	 1.386304e-05	-8.547274e-06	 1.171169e-05	 3.810090e-07	 1.467383e-05	-1.435256e-07	 4.157128e-07	 8.709636e-01	 9.405712e-02	 2.518774e-03	 7.263478e-04	 1.276523e-05	-7.827979e-02	 8.581536e-04	 8.422920e+00	 2.901295e-01	 8.558057e+00	 2.547515e-01	-2.984755e-02	 8.885355e-04	 1.508587e-05	 1.239665e-03	 6.900297e-04	 6.427158e-04	 2.184646e-05	 4.462783e-05
 1.000000e+00	 7.253298e-02	 1.351480e-05	 5.740891e-04	 2.999590e-08	-8.504387e-02	 1.427326e-05	 6.078276e+00	 1.595432e-03	 6.004180e+00	 1.585714e-03	-3.956590e-02	 1.390150e-05	-2.317012e-06	 1.175276e-05	 1.346931e-06	 1.475467e-05	-1.871026e-07	 4.613888e-07	 1.000000e+00	 7.240706e-02	 2.250711e-03	 5.389934e-04	 1.081897e-05	-8.559165e-02	 9.109145e-04	 5.842643e+00	 2.581428e-01	 6.405326e+00	 2.809167e-01	-3.804262e-02	 8.122880e-04	-7.898174e-04	 1.398515e-03	-1.812733e-04	 6.941018e-04	 1.501732e-04	 4.760943e-05
 1.148154e+00	 5.361171e-02	 2.007606e-05	 4.190500e-04	 3.067479e-08	-8.906865e-02	 1.447869e-05	 3.866777e+00	 1.479514e-03	 3.796517e+00	 1.470141e-03	-4.665662e-02	 1.395032e-05	-3.173291e-06	 1.139448e-05	-1.522513e-06	 1.471533e-05	-2.450917e-07	 5.107816e-07	 1.148154e+00	 5.535197e-02	 3.307269e-03	 4.231940e-04	 9.519681e-06	-8.928822e-02	 8.397234e-04	 3.932322e+00	 2.587981e-01	 4.103424e+00	 2.584240e-01	-4.530829e-02	 1.047485e-03	 1.349268e-05	 1.522993e-03	 7.726739e-04	 7.079309e-04	 1.075186e-05	 5.146141e-05
 1.318257e+00	 3.684793e-02	 1.922833e-05	 2.812905e-04	 3.172535e-08	-9.009151e-02	 1.453409e-05	 1.935933e+00	 1.350529e-03	 1.869088e+00	 1.341331e-03	-5.129886e-02	 1.392478e-05	 2.602447e-06	 1.856464e-05	-5.668925e-06	 1.459758e-05	-3.025505e-07	 5.644391e-07	 1.318257e+00	 3.228429e-02	 2.523957e-03	 2.780818e-04	 9.193721e-06	-8.841895e-02	 1.002069e-03	 1.524311e+00	 2.942717e-01	 2.369874e+00	 2.596786e-01	-4.929429e-02	 7.905446e-04	 7.522119e-04	 1.505604e-03	-1.199512e-03	 7.796436e-04	 6.918450e-05	 5.255615e-05
 1.513561e+00	 2.267203e-02	 1.114635e-05	 1.658870e-04	 3.268411e-08	-8.830406e-02	 1.466870e-05	 3.118025e-01	 1.268667e-03	 2.481096e-01	 1.259849e-03	-5.361176e-02	 1.388706e-05	 7.989221e-07	 1.842262e-05	-1.078247e-05	 1.446436e-05	-3.537917e-07	 6.233489e-07	 1.513561e+00	 2.424859e-02	 2.579225e-03	 1.599280e-04	 8.879025e-06	-8.769257e-02	 8.988488e-04	 2.193374e-01	 2.648174e-01	-8.689832e-03	 2.616367e-01	-5.304639e-02	 8.493826e-04	-1.683446e-03	 1.622640e-03	-2.297613e-05	 6.458426e-04	-1.880445e-05	 5.464356e-05
 1.737801e+00	 1.136651e-02	 1.092399e-05	 7.589803e-05	 3.370719e-08	-8.400225e-02	 2.572530e-05	-9.948552e-01	 1.204892e-03	-1.055592e+00	 1.196041e-03	-5.379133e-02	 1.375746e-05	 1.870805e-07	 1.790979e-05	-1.011372e-05	 1.400074e-05	-4.058022e-07	 6.884296e-07	 1.737801e+00	 1.071047e-02	 2.723066e-03	 7.549978e-05	 9.996002e-06	-8.469384e-02	 8.876459e-04	-3.897180e-01	 3.053770e-01	-9.935406e-01	 2.652372e-01	-5.382209e-02	 8.270274e-04	-8.667444e-04	 1.646131e-03	 2.956971e-04	 6.437846e-04	 6.192255e-06	 5.672499e-05
 1.995262e+00	 3.082643e-03	 1.066093e-05	 1.233484e-05	 3.468208e-08	-7.757923e-02	 2.544679e-05	-1.974301e+00	 1.154892e-03	-2.032249e+00	 1.145679e-03	-5.209437e-02	 2.414008e-05	 2.299387e-06	 1.738574e-05	 2.316045e-05	 2.333915e-05	-4.285483e-07	 7.606612e-07	 1.995262e+00	 2.542983e-03	 2.388310e-03	 1.180032e-05	 9.755151e-06	-7.884376e-02	 8.070847e-04	-1.691936e+00	 2.695465e-01	-2.328908e+00	 2.689058e-01	-5.166827e-02	 8.464187e-04	-1.906726e-03	 1.694683e-03	 9.579880e-04	 6.459375e-04	-1.036489e-05	 5.851742e-05
 2.290868e+00	-2.149961e-03	 1.831742e-05	-2.566465e-05	 3.568391e-08	-6.946688e-02	 2.529080e-05	-2.627143e+00	 1.131453e-03	-2.682519e+00	 1.121949e-03	-4.885085e-02	 2.382893e-05	 7.079602e-07	 1.741614e-05	 2.016049e-05	 2.266941e-05	-4.251621e-07	 8.397677e-07	 2.290868e+00	-5.888582e-03	 2.415918e-03	-2.487356e-05	 7.959517e-06	-6.866739e-02	 8.112692e-04	-2.828465e+00	 2.717150e-01	-2.790300e+00	 2.700683e-01	-4.824700e-02	 7.976083e-04	 4.331725e-04	 1.625427e-03	 5.661253e-04	 6.558522e-04	 2.713228e-05	 6.007577e-05
 2.630268e+00	-4.429834e-03	 1.879470e-05	-4.045499e-05	 3.655929e-08	-6.013362e-02	 2.474730e-05	-2.959072e+00	 1.957070e-03	-3.012190e+00	 1.939139e-03	-4.439751e-02	 2.334517e-05	 5.015255e-07	 1.751685e-05	 1.700045e-05	 2.185419e-05	-4.090179e-07	 9.267705e-07	 2.630268e+00	-8.412468e-03	 2.637566e-03	-5.410168e-05	 9.600357e-06	-6.070438e-02	 8.217467e-04	-2.616826e+00	 2.727480e-01	-3.116332e+00	 3.103248e-01	-4.422147e-02	 8.139733e-04	 4.981788e-04	 1.794608e-03	 3.223145e-04	 7.261661e-04	-2.355003e-05	 6.202554e-05
 3.019952e+00	-3.943853e-03	 1.934297e-05	-3.539719e-05	 3.734692e-08	-5.005089e-02	 2.418370e-05	-2.986282e+00	 2.001487e-03	-3.037593e+00	 1.982769e-03	-3.908450e-02	 2.283690e-05	 2.234157e-06	 1.747902e-05	 1.297960e-05	 2.116765e-05	-3.733142e-07	 1.021456e-06	 3.019952e+00	-7.163296e-03	 2.875928e-03	-3.727078e-05	 8.546376e-06	-4.898871e-02	 9.164527e-04	-3.282149e+00	 3.073375e-01	-3.240960e+00	 2.926152e-01	-3.999582e-02	 1.080637e-03	-1.925355e-04	 1.704187e-03	 1.966029e-04	 7.420510e-04	 8.758653e-05	 6.358718e-05
 3.467369e+00	-9.251373e-04	 1.961587e-05	-1.437985e-05	 3.897025e-08	-3.963522e-02	 1.322648e-05	-2.725211e+00	 2.072142e-03	-2.775312e+00	 2.052763e-03	-3.324573e-02	 2.252523e-05	 5.481325e-06	 1.757155e-05	 7.777794e-06	 2.082892e-05	-3.732836e-07	 1.121784e-06	 3.467369e+00	-3.179117e-03	 2.583451e-03	-1.156202e-05	 7.434971e-06	-4.104437e-02	 9.273756e-04	-2.787791e+00	 2.880554e-01	-3.436831e+00	 2.872967e-01	-3.377445e-02	 8.579517e-04	-1.881430e-03	 1.846852e-03	 5.170478e-04	 7.786849e-04	 1.356697e-04	 6.510635e-05
 3.981072e+00	 4.325309e-03	 1.098730e-05	 1.863953e-05	 4.014279e-08	-2.934299e-02	 1.273036e-05	-2.198251e+00	 2.113713e-03	-2.247843e+00	 2.094058e-03	-2.717827e-02	 1.182614e-05	 6.169571e-06	 1.770583e-05	 4.447010e-06	 2.044853e-05	-4.281993e-07	 1.225196e-06	 3.981072e+00	 1.667440e-03	 2.415899e-03	 6.229807e-06	 6.642888e-06	-3.119389e-02	 9.396524e-04	-1.903964e+00	 2.939769e-01	-1.929078e+00	 3.388665e-01	-2.691623e-02	 1.051696e-03	-3.602426e-03	 1.984830e-03	-1.510203e-04	 8.270509e-04	-1.025640e-04	 6.616799e-05
 4.570882e+00	 1.150880e-02	 1.114729e-05	 5.993702e-05	 4.231658e-08	-1.948591e-02	 1.216830e-05	-1.431682e+00	 2.198164e-03	-1.481615e+00	 2.178195e-03	-2.118521e-02	 1.142741e-05	-4.818672e-06	 1.031413e-05	 6.894027e-06	 2.024963e-05	-5.084696e-07	 1.327285e-06	 4.570882e+00	 9.448310e-03	 2.615997e-03	 6.307115e-05	 6.333216e-06	-1.919890e-02	 1.041642e-03	-1.404578e+00	 2.721517e-01	-2.057820e+00	 2.994670e-01	-2.184175e-02	 9.120603e-04	 7.281614e-04	 1.953256e-03	 3.474623e-04	 8.081193e-04	-7.831806e-05	 6.744335e-05
 5.248075e+00	 2.033394e-02	 2.163320e-05	 1.062853e-04	 3.328243e-08	-1.036128e-02	 1.161612e-05	-4.500941e-01	 1.268542e-03	-5.013053e-01	 1.258272e-03	-1.547197e-02	 1.098630e-05	-4.598564e-06	 1.104776e-05	 4.039040e-06	 1.983212e-05	-6.030290e-07	 1.426506e-06	 5.248075e+00	 1.817647e-02	 2.636003e-03	 1.123082e-04	 6.052541e-06	-1.056228e-02	 9.161352e-04	-7.682765e-01	 2.903403e-01	-2.969224e-01	 2.980871e-01	-1.543695e-02	 9.253245e-04	-2.041842e-03	 1.928563e-03	 4.160167e-04	 7.974397e-04	-1.710801e-05	 6.849812e-05
 6.025596e+00	 3.048149e-02	 2.237408e-05	 1.549826e-04	 3.492711e-08	-2.111035e-03	 1.118707e-05	 7.114968e-01	 1.317640e-03	 6.580985e-01	 1.307633e-03	-1.024220e-02	 1.046989e-05	-8.087687e-06	 1.101591e-05	-1.349924e-05	 1.052964e-05	 1.550833e-06	 1.209361e-06	 6.025596e+00	 2.930129e-02	 2.528683e-03	 1.645668e-04	 6.224101e-06	-1.794621e-03	 9.349423e-04	 9.611853e-01	 2.638635e-01	 5.113380e-01	 2.878111e-01	-1.168514e-02	 9.461418e-04	 1.929370e-04	 1.831719e-03	 4.747130e-04	 8.639494e-04	-5.545552e-05	 6.943969e-05
 6.918310e+00	 4.168917e-02	 2.367889e-05	 2.039950e-04	 3.684018e-08	 5.101259e-03	 1.084869e-05	 2.027358e+00	 1.363554e-03	 1.970816e+00	 1.352541e-03	-5.556373e-03	 1.008267e-05	-1.065098e-05	 1.140143e-05	-6.165670e-06	 1.018973e-05	 1.561590e-06	 1.259331e-06	 6.918310e+00	 3.948222e-02	 2.605173e-03	 2.096364e-04	 5.644232e-06	 5.841511e-03	 9.979407e-04	 1.483306e+00	 2.786471e-01	 2.166447e+00	 2.601023e-01	-5.305157e-03	 9.655656e-04	 6.056596e-04	 1.839232e-03	 1.517265e-03	 9.244551e-04	 1.063709e-05	 6.944121e-05
 7.943282e+00	 5.371327e-02	 2.459473e-05	 2.518285e-04	 3.895017e-08	 1.121073e-02	 1.061128e-05	 3.469581e+00	 1.430707e-03	 3.409014e+00	 1.418876e-03	-1.528306e-03	 9.815080e-06	-1.221965e-05	 1.188884e-05	-4.442436e-06	 1.007931e-05	 1.560263e-06	 1.297684e-06	 7.943282e+00	 5.468851e-02	 2.284193e-03	 2.544822e-04	 5.490258e-06	 1.112098e-02	 9.639386e-04	 3.768782e+00	 2.869467e-01	 3.748578e+00	 2.961357e-01	-2.069109e-03	 1.031873e-03	-1.463446e-03	 1.844719e-03	-1.671664e-03	 8.643322e-04	-3.686121e-05	 6.991759e-05
 9.120108e+00	 6.633434e-02	 2.587565e-05	 2.974827e-04	 4.117225e-08	 1.619306e-02	 1.040444e-05	 5.012357e+00	 1.498500e-03	 4.946919e+00	 1.486221e-03	 1.819574e-03	 9.561537e-06	-1.118475e-05	 1.240661e-05	 2.072478e-05	 9.862255e-06	-9.509763e-07	 1.343214e-06	 9.120108e+00	 6.520378e-02	 2.257239e-03	 3.002273e-04	 5.771874e-06	 1.602220e-02	 1.007715e-03	 4.762710e+00	 2.683100e-01	 5.092044e+00	 2.627749e-01	 1.097615e-03	 9.826042e-04	-2.481310e-03	 1.950574e-03	-4.560416e-04	 9.278161e-04	-1.706412e-05	 6.968130e-05
 1.047129e+01	 7.935534e-02	 2.735009e-05	 3.402765e-04	 4.763417e-08	 2.010532e-02	 1.016994e-05	 6.630423e+00	 1.581744e-03	 6.559322e+00	 1.569478e-03	 4.504890e-03	 9.324636e-06	 2.049284e-05	 2.457798e-05	 1.991538e-05	 9.693926e-06	-8.758665e-07	 1.363158e-06	 1.047129e+01	 8.014001e-02	 2.229346e-03	 3.457244e-04	 5.581793e-06	 2.167757e-02	 9.767883e-04	 6.464309e+00	 2.517308e-01	 6.357981e+00	 2.486810e-01	 4.374569e-03	 1.241814e-03	-2.579932e-03	 1.844168e-03	 7.907627e-04	 8.860960e-04	-7.864593e-06	 6.851662e-05
 1.202264e+01	 9.262262e-02	 2.853231e-05	 3.802256e-04	 4.655354e-08	 2.296096e-02	 9.778385e-06	 8.296717e+00	 3.155602e-03	 8.219331e+00	 3.122255e-03	 6.499687e-03	 9.160794e-06	 2.147752e-05	 2.614073e-05	 1.764643e-05	 9.464211e-06	-8.322686e-07	 1.372306e-06	 1.202264e+01	 9.554880e-02	 2.326311e-03	 3.672119e-04	 5.370352e-06	 2.422888e-02	 9.742623e-04	 7.933538e+00	 2.476936e-01	 8.246544e+00	 2.668213e-01	 5.776507e-03	 9.871701e-04	-1.932708e-03	 1.998194e-03	-1.967971e-03	 9.919830e-04	-7.596940e-06	 6.762440e-05
 1.380384e+01	 1.059834e-01	 2.983685e-05	 4.168646e-04	 4.924577e-08	 2.487258e-02	 9.668344e-06	 9.998160e+00	 3.296390e-03	 9.913856e+00	 3.265351e-03	 7.881741e-03	 8.795673e-06	 2.119560e-05	 2.742559e-05	-7.567325e-06	 9.590010e-06	-7.960644e-07	 1.373115e-06	 1.380384e+01	 1.076696e-01	 2.194928e-03	 4.121070e-04	 5.626004e-06	 2.521222e-02	 9.698457e-04	 1.023878e+01	 2.446836e-01	 9.910050e+00	 2.433116e-01	 8.240694e-03	 9.788604e-04	-2.635502e-03	 1.831560e-03	-3.112295e-04	 8.905273e-04	 8.402031e-05	 6.624402e-05
 1.584893e+01	 1.193221e-01	 3.138578e-05	 4.504059e-04	 5.211302e-08	 2.591168e-02	 9.544327e-06	 1.171088e+01	 3.531917e-03	 1.161938e+01	 3.493287e-03	 8.711103e-03	 8.743820e-06	 2.421716e-05	 1.527719e-05	-5.093857e-06	 9.485298e-06	-7.592563e-07	 1.365578e-06	 1.584893e+01	 1.161626e-01	 2.378222e-03	 4.573482e-04	 5.497087e-06	 2.631620e-02	 1.088475e-03	 1.157458e+01	 2.437254e-01	 1.132431e+01	 2.630480e-01	 6.917762e-03	 9.671030e-04	-1.915004e-03	 1.828650e-03	 6.088881e-04	 8.883243e-04	-1.602665e-05	 6.467195e-05
 1.819701e+01	 1.325256e-01	 3.380995e-05	 4.809946e-04	 5.511498e-08	 2.627303e-02	 9.643959e-06	 1.342155e+01	 3.733003e-03	 1.332232e+01	 3.696851e-03	 9.055982e-03	 8.599149e-06	 2.409416e-05	 1.599461e-05	-3.497405e-06	 9.364444e-06	-7.048485e-07	 1.352061e-06	 1.819701e+01	 1.323500e-01	 2.239289e-03	 4.785417e-04	 5.918066e-06	 2.723679e-02	 9.440762e-04	 1.349163e+01	 2.575918e-01	 1.337908e+01	 2.534816e-01	 9.107011e-03	 9.553354e-04	 4.520699e-04	 1.818624e-03	 8.447230e-04	 9.800629e-04	-3.448950e-05	 6.254673e-05
 2.089296e+01	 1.455246e-01	 3.523056e-05	 5.086738e-04	 8.840297e-08	 2.599621e-02	 9.488295e-06	 1.511383e+01	 3.971708e-03	 1.500670e+01	 3.932517e-03	 8.985417e-03	 8.600183e-06	-1.319326e-05	 1.652038e-05	 1.003050e-05	 8.921404e-06	-6.405162e-07	 1.330358e-06	 2.089296e+01	 1.459363e-01	 2.205258e-03	 5.065054e-04	 5.770175e-06	 2.442501e-02	 9.852273e-04	 1.522349e+01	 2.555741e-01	 1.475035e+01	 2.508713e-01	 8.543776e-03	 9.882122e-04	 1.446584e-03	 1.815343e-03	-4.913082e-04	 9.136561e-04	-1.466461e-05	 6.116028e-05
 2.398833e+01	 1.582354e-01	 3.710383e-05	 5.339599e-04	 9.477037e-08	 2.519941e-02	 1.958522e-05	 1.677663e+01	 4.178195e-03	 1.666148e+01	 4.138927e-03	 8.595742e-03	 8.642465e-06	-1.225220e-05	 1.706346e-05	 9.062372e-06	 8.786023e-06	-5.788314e-07	 1.298913e-06	 2.398833e+01	 1.565504e-01	 2.298015e-03	 5.310942e-04	 5.908753e-06	 2.526231e-02	 9.075035e-04	 1.699621e+01	 2.466290e-01	 1.670650e+01	 2.599528e-01	 8.430166e-03	 9.693480e-04	-2.351584e-03	 1.811797e-03	-6.420828e-04	 8.467190e-04	-4.834784e-05	 5.818846e-05
 2.754229e+01	 1.706046e-01	 3.913178e-05	 5.569372e-04	 9.775563e-08	 2.403051e-02	 9.219321e-06	 1.840017e+01	 4.393032e-03	 1.827690e+01	 4.352354e-03	 7.932791e-03	 8.477944e-06	-9.960170e-06	 1.779224e-05	 7.855614e-06	 8.659857e-06	-5.549780e-07	 1.263180e-06	 2.754229e+01	 1.692227e-01	 2.141205e-03	 5.576532e-04	 6.076093e-06	 2.352377e-02	 8.843322e-04	 1.838971e+01	 2.496537e-01	 1.871600e+01	 2.378091e-01	 8.966656e-03	 9.395830e-04	-4.121714e-04	 1.808705e-03	-3.339063e-04	 8.246406e-04	 6.829428e-06	 5.667261e-05
 3.162278e+01	 1.825810e-01	 4.152585e-05	 5.778220e-04	 1.021234e-07	 2.253442e-02	 8.776433e-06	 1.997507e+01	 4.663434e-03	 1.984377e+01	 4.621124e-03	 7.069626e-03	 8.385485e-06	-8.106903e-06	 1.856853e-05	-1.341326e-06	 8.718167e-06	-5.527471e-07	 1.222341e-06	 3.162278e+01	 1.793725e-01	 2.147863e-03	 5.765983e-04	 6.271756e-06	 2.337055e-02	 9.495081e-04	 1.965735e+01	 2.809006e-01	 2.007835e+01	 2.614380e-01	 5.658656e-03	 8.699956e-04	 2.766226e-03	 1.881847e-03	 6.663799e-04	 8.809858e-04	-4.457009e-05	 5.398085e-05
 3.630781e+01	 1.941718e-01	 2.021189e-05	 5.967854e-04	 1.069322e-07	 2.083693e-02	 8.963135e-06	 2.149605e+01	 4.899959e-03	 2.135669e+01	 4.850813e-03	 6.053327e-03	 2.013938e-05	-5.519005e-06	 1.941914e-05	-7.195903e-07	 8.465676e-06	-5.657240e-07	 1.176689e-06	 3.630781e+01	 1.953167e-01	 2.151462e-03	 5.914606e-04	 6.520915e-06	 2.014780e-02	 9.027176e-04	 2.186177e+01	 2.407823e-01	 2.124265e+01	 2.390813e-01	 4.750894e-03	 8.379104e-04	-2.284124e-04	 1.864010e-03	-8.480714e-05	 8.192301e-04	-7.602047e-05	 5.120228e-05
 4.168694e+01	 2.051768e-01	 4.620333e-05	 6.140260e-04	 1.125934e-07	 1.897474e-02	 2.034461e-05	 2.295759e+01	 5.244891e-03	 2.281046e+01	 5.191090e-03	 4.965529e-03	 1.985948e-05	-3.431070e-06	 2.026078e-05	-1.699822e-06	 8.060838e-06	-5.120927e-07	 1.133040e-06	 4.168694e+01	 2.043017e-01	 2.222918e-03	 6.168532e-04	 6.659371e-06	 1.833877e-02	 8.007054e-04	 2.249638e+01	 2.420126e-01	 2.302797e+01	 2.497053e-01	 4.520971e-03	 8.597852e-04	-1.122293e-03	 1.871205e-03	-4.510961e-04	 7.500471e-04	 5.387986e-07	 4.711564e-05
 4.786301e+01	 2.157863e-01	 2.366510e-05	 6.296847e-04	 1.176212e-07	 1.705490e-02	 2.034109e-05	 2.435666e+01	 5.530935e-03	 2.420173e+01	 5.476750e-03	 3.830294e-03	 1.988711e-05	-3.507058e-06	 2.111917e-05	 5.046088e-05	 1.992138e-05	-4.725848e-07	 1.087789e-06	 4.786301e+01	 2.171352e-01	 2.178719e-03	 6.206060e-04	 7.150539e-06	 1.800245e-02	 7.709302e-04	 2.491057e+01	 2.441021e-01	 2.409150e+01	 2.421920e-01	 3.760701e-03	 8.227550e-04	 1.175175e-03	 1.826128e-03	-3.478464e-04	 7.637281e-04	 1.406588e-05	 4.566962e-05
 5.495409e+01	 2.258474e-01	 5.121649e-05	 6.439095e-04	 1.224199e-07	 1.510605e-02	 2.016335e-05	 2.569057e+01	 5.816299e-03	 2.552839e+01	 5.760517e-03	 2.683687e-03	 1.985080e-05	-1.533574e-06	 4.320509e-05	 4.478606e-05	 1.992269e-05	-4.472431e-07	 1.040921e-06	 5.495409e+01	 2.251715e-01	 2.278537e-03	 6.518191e-04	 7.393039e-06	 1.485901e-02	 7.374759e-04	 2.545895e+01	 2.545589e-01	 2.526514e+01	 2.455717e-01	 3.574081e-03	 7.480687e-04	-2.575458e-03	 1.953401e-03	 1.025510e-03	 6.941286e-04	-1.269129e-05	 4.300511e-05
 6.309573e+01	 2.354648e-01	 2.581833e-05	 6.568058e-04	 1.265257e-07	 1.317417e-02	 2.018331e-05	 2.695806e+01	 6.060561e-03	 2.678877e+01	 6.000369e-03	 1.560713e-03	 1.974133e-05	-7.550028e-06	 4.470524e-05	 3.566498e-05	 1.978372e-05	 8.083221e-07	 1.010421e-06	 6.309573e+01	 2.361477e-01	 2.213216e-03	 6.616715e-04	 7.847991e-06	 1.201545e-02	 7.063314e-04	 2.685808e+01	 2.660850e-01	 2.708598e+01	 2.669599e-01	 3.515075e-04	 7.142414e-04	-1.664819e-03	 1.851333e-03	-5.178355e-04	 7.610811e-04	-4.650891e-05	 4.002460e-05
 7.244360e+01	 2.445438e-01	 2.667231e-05	 6.685347e-04	 1.316860e-07	 1.129954e-02	 1.969447e-05	 2.815766e+01	 6.262889e-03	 2.798132e+01	 6.207347e-03	 4.838310e-04	 1.941197e-05	-1.536310e-05	 4.621137e-05	 3.045341e-05	 1.970555e-05	 6.880053e-07	 9.629255e-07	 7.244360e+01	 2.470492e-01	 2.324557e-03	 6.729551e-04	 7.621361e-06	 1.223547e-02	 7.661663e-04	 2.825329e+01	 2.520664e-01	 2.796536e+01	 2.498200e-01	 1.945115e-05	 6.824447e-04	-2.361226e-03	 1.936187e-03	-2.061613e-04	 6.733212e-04	-9.435851e-06	 3.646086e-05
 8.317638e+01	 2.531194e-01	 2.749377e-05	 6.791725e-04	 1.336509e-07	 9.508858e-03	 1.925099e-05	 2.929011e+01	 6.483702e-03	 2.910729e+01	 6.419529e-03	-5.297934e-04	 1.866681e-05	-1.686817e-05	 4.770854e-05	 2.780390e-05	 1.893588e-05	 6.877306e-07	 9.124508e-07	 8.317638e+01	 2.521697e-01	 2.450954e-03	 6.609613e-04	 8.090386e-06	 8.343031e-03	 7.577571e-04	 2.975679e+01	 2.620705e-01	 2.923956e+01	 2.676914e-01	-5.856508e-04	 6.862599e-04	 2.383374e-04	 1.883013e-03	-3.225841e-04	 6.685110e-04	 2.564996e-05	 3.384888e-05
 9.549926e+01	 2.611989e-01	 2.829553e-05	 6.888421e-04	 1.375466e-07	 7.839681e-03	 7.754294e-06	 3.035485e+01	 6.688617e-03	 3.016579e+01	 6.627799e-03	-1.457176e-03	 1.799547e-05	-1.950558e-05	 4.935481e-05	 2.756825e-05	 1.832618e-05	 7.560281e-07	 8.659221e-07	 9.549926e+01	 2.626793e-01	 2.448126e-03	 7.020307e-04	 8.938373e-06	 6.754353e-03	 6.093797e-04	 3.049816e+01	 2.687832e-01	 3.039385e+01	 2.565731e-01	-1.859387e-03	 6.375942e-04	 3.023281e-04	 1.902858e-03	 3.863694e-04	 6.059467e-04	 1.483168e-05	 3.150500e-05
 1.096478e+02	 2.687953e-01	 2.905143e-05	 6.975813e-04	 1.411157e-07	 6.271264e-03	 7.538360e-06	 3.135458e+01	 6.890366e-03	 3.115951e+01	 6.827032e-03	-2.299925e-03	 1.745987e-05	-1.764886e-05	 5.063806e-05	 1.232810e-06	 7.321600e-06	-4.305034e-07	 8.036700e-07	 1.096478e+02	 2.705366e-01	 2.333034e-03	 7.078774e-04	 8.377768e-06	 6.509874e-03	 6.160470e-04	 3.134034e+01	 2.620924e-01	 3.086435e+01	 2.743720e-01	-2.814110e-03	 5.849610e-04	-2.442976e-03	 1.993855e-03	-9.822959e-04	 5.680236e-04	-8.366577e-06	 2.991653e-05
 1.258925e+02	 2.759174e-01	 2.971999e-05	 7.054990e-04	 1.446921e-07	 4.817579e-03	 1.776606e-05	 3.229133e+01	 7.127062e-03	 3.209061e+01	 7.060585e-03	-3.055032e-03	 1.705430e-05	-2.148115e-05	 5.172998e-05	 2.590777e-05	 1.736760e-05	-4.881228e-07	 7.536173e-07	 1.258925e+02	 2.727344e-01	 2.528223e-03	 6.796601e-04	 9.764973e-06	 4.480903e-03	 5.767301e-04	 3.198734e+01	 2.656649e-01	 3.202573e+01	 2.650899e-01	-3.032295e-03	 5.541129e-04	 4.265421e-04	 2.013434e-03	 1.094222e-03	 5.309915e-04	 7.421070e-05	 2.798335e-05
 1.445440e+02	 2.825814e-01	 3.043239e-05	 7.125396e-04	 1.505476e-07	 3.505980e-03	 1.749220e-05	 3.316615e+01	 7.348029e-03	 3.296004e+01	 7.279063e-03	-3.720005e-03	 1.670849e-05	-1.643427e-05	 5.309835e-05	 2.239463e-05	 1.692098e-05	 5.552857e-07	 7.228839e-07	 1.445440e+02	 2.828282e-01	 2.414421e-03	 7.166704e-04	 8.679578e-06	 2.746598e-03	 5.196142e-04	 3.342333e+01	 2.711226e-01	 3.316222e+01	 2.801178e-01	-2.819890e-03	 5.214484e-04	 2.749764e-03	 2.059679e-03	-6.403825e-04	 4.959379e-04	 4.196067e-05	 2.547419e-05
 1.659587e+02	 2.888059e-01	 3.114874e-05	 7.189983e-04	 1.568885e-07	 2.338184e-03	 6.784530e-06	 3.398410e+01	 3.754689e-03	 3.377303e+01	 3.723022e-03	-4.287111e-03	 1.643403e-05	-1.872605e-05	 5.448023e-05	 2.337422e-05	 1.695652e-05	 4.603641e-07	 6.839545e-07	 1.659587e+02	 2.892850e-01	 2.464431e-03	 7.137623e-04	 9.151128e-06	 2.231764e-03	 5.294312e-04	 3.371424e+01	 2.759011e-01	 3.361602e+01	 2.752348e-01	-3.829737e-03	 4.919213e-04	 2.046973e-03	 2.068297e-03	-5.120958e-04	 4.563355e-04	-2.618956e-05	 2.345737e-05
 1.905461e+02	 2.946590e-01	 6.924328e-05	 7.247519e-04	 1.586434e-07	 1.286645e-03	 6.499840e-06	 3.474446e+01	 3.851468e-03	 3.452868e+01	 3.819238e-03	-4.762355e-03	 5.815566e-06	-1.891476e-05	 5.573676e-05	 1.585323e-05	 1.597089e-05	 5.129574e-07	 6.369408e-07	 1.905461e+02	 2.973957e-01	 2.599976e-03	 7.180196e-04	 9.471110e-06	 6.684119e-04	 4.615479e-04	 3.452898e+01	 2.807615e-01	 3.499148e+01	 2.951804e-01	-5.373452e-03	 4.953098e-04	-1.784210e-03	 2.026780e-03	 2.182789e-04	 4.480390e-04	 2.064695e-05	 2.155916e-05
 2.187762e+02	 3.000624e-01	 7.293495e-05	 7.299273e-04	 1.635886e-07	 3.619907e-04	 6.203271e-06	 3.545101e+01	 3.953135e-03	 3.523079e+01	 3.919278e-03	-5.151948e-03	 5.645564e-06	 1.456381e-05	 2.868801e-05	-1.421592e-06	 5.771349e-06	 5.179627e-07	 5.959331e-07	 2.187762e+02	 3.011858e-01	 2.722487e-03	 7.457618e-04	 9.657738e-06	-3.733286e-04	 4.323530e-04	 3.518334e+01	 3.079946e-01	 3.555673e+01	 2.989729e-01	-5.437416e-03	 4.533370e-04	 2.169455e-04	 2.148120e-03	-2.865263e-04	 4.205356e-04	-1.253156e-05	 2.022160e-05
 2.511886e+02	 3.050638e-01	 7.708288e-05	 7.345951e-04	 1.798975e-07	-4.436606e-04	 6.005128e-06	 3.610635e+01	 4.049891e-03	 3.588199e+01	 4.015887e-03	-5.453402e-03	 5.255515e-06	 1.726309e-05	 2.914199e-05	-1.115583e-06	 5.543032e-06	 5.315040e-07	 5.572811e-07	 2.511886e+02	 3.060104e-01	 2.602363e-03	 7.413405e-04	 1.046435e-05	-1.147796e-03	 4.290267e-04	 3.627934e+01	 3.013792e-01	 3.532174e+01	 2.898565e-01	-5.488298e-03	 4.105896e-04	-6.347343e-04	 2.083510e-03	 9.271624e-04	 3.982098e-04	 7.455950e-06	 1.822676e-05
 2.884032e+02	 3.097202e-01	 8.206119e-05	 7.387434e-04	 1.897601e-07	-1.135174e-03	 5.732716e-06	 3.671328e+01	 4.149930e-03	 3.648505e+01	 4.115030e-03	-5.684333e-03	 5.019743e-06	 2.040349e-05	 2.953701e-05	-9.851212e-07	 5.325428e-06	 5.211011e-07	 5.184968e-07	 2.884032e+02	 3.120228e-01	 2.752924e-03	 7.269499e-04	 1.106189e-05	-1.303112e-03	 3.812612e-04	 3.697984e+01	 3.270764e-01	 3.635679e+01	 3.177633e-01	-6.254846e-03	 3.838307e-04	 3.458865e-03	 2.238641e-03	-5.738337e-04	 3.732357e-04	 2.498732e-06	 1.702480e-05
 3.311311e+02	 3.140229e-01	 8.785370e-05	 7.425320e-04	 2.083269e-07	-1.720894e-03	 5.476625e-06	 3.727439e+01	 4.260012e-03	 3.704258e+01	 4.224010e-03	-5.847102e-03	 4.819712e-06	 2.214285e-05	 2.988807e-05	 3.005469e-06	 5.455156e-06	 4.922974e-07	 4.861124e-07	 3.311311e+02	 3.125945e-01	 2.923549e-03	 7.394995e-04	 1.085508e-05	-2.038121e-03	 3.804593e-04	 3.758222e+01	 3.041319e-01	 3.682567e+01	 3.521642e-01	-6.610163e-03	 3.600105e-04	-5.203886e-03	 2.265699e-03	 5.807132e-04	 3.322224e-04	 3.424569e-06	 1.448305e-05
 3.801894e+02	 3.179821e-01	 3.614934e-05	 7.460282e-04	 2.285176e-07	-2.210298e-03	 5.255761e-06	 3.779240e+01	 4.346273e-03	 3.755725e+01	 4.307655e-03	-5.946388e-03	 4.619707e-06	 2.127768e-05	 3.030432e-05	 3.408059e-06	 5.224531e-06	 5.570128e-07	 4.554401e-07	 3.801894e+02	 3.214515e-01	 2.942960e-03	 7.411615e-04	 1.120506e-05	-2.580915e-03	 3.526355e-04	 3.732571e+01	 3.451093e-01	 3.753052e+01	 3.256752e-01	-6.139553e-03	 3.359550e-04	-4.720018e-04	 2.254703e-03	-7.553347e-06	 3.283963e-04	 1.850193e-05	 1.401320e-05
 4.365158e+02	 3.216641e-01	 3.718623e-05	 7.489882e-04	 2.157106e-07	-2.611017e-03	 5.017484e-06	 3.825646e+01	 1.129064e-02	 3.801837e+01	 1.115897e-02	-5.989042e-03	 4.416086e-06	 2.037481e-05	 3.079468e-05	 3.275878e-06	 5.001004e-06	 4.817952e-07	 4.215058e-07	 4.365158e+02	 3.171856e-01	 2.802367e-03	 7.279293e-04	 1.034326e-05	-3.023926e-03	 3.119530e-04	 3.847912e+01	 3.157703e-01	 3.732636e+01	 3.378472e-01	-6.080581e-03	 3.328115e-04	-5.238134e-03	 2.221604e-03	-6.792036e-05	 3.137223e-04	 2.364045e-05	 1.285395e-05
 5.011872e+02	 3.250661e-01	 3.792509e-05	 7.515651e-04	 2.004122e-07	-2.931689e-03	 4.767484e-06	 3.868884e+01	 1.221965e-02	 3.844818e+01	 1.207943e-02	-5.982767e-03	 4.511628e-06	 2.154988e-05	 3.101844e-05	 3.556299e-06	 4.764844e-06	 4.768437e-07	 3.921706e-07	 5.011872e+02	 3.279625e-01	 2.864926e-03	 7.411534e-04	 1.062677e-05	-3.058110e-03	 3.052533e-04	 3.869593e+01	 3.515961e-01	 3.863809e+01	 3.226876e-01	-5.977520e-03	 2.922425e-04	 1.985168e-03	 2.248882e-03	 1.104615e-04	 2.697176e-04	-9.762953e-07	 1.086613e-05
 5.754399e+02	 3.282596e-01	 3.458537e-05	 7.541882e-04	 2.066987e-07	-3.180209e-03	 4.531951e-06	 3.909206e+01	 1.290379e-02	 3.884821e+01	 1.277594e-02	-5.932230e-03	 4.321483e-06	 2.198219e-05	 3.137734e-05	 4.005459e-06	 4.525132e-06	 5.193024e-07	 3.631509e-07	 5.754399e+02	 3.322019e-01	 2.924872e-03	 7.506235e-04	 1.081078e-05	-3.200849e-03	 2.843739e-04	 3.939478e+01	 3.281984e-01	 3.881999e+01	 3.520066e-01	-5.948544e-03	 2.896974e-04	 4.180654e-03	 2.294750e-03	 3.655927e-04	 2.505973e-04	 2.533237e-06	 9.864472e-06
 6.606934e+02	 3.311367e-01	 3.488945e-05	 7.565056e-04	 2.517235e-07	-3.364870e-03	 4.340142e-06	 3.946047e+01	 1.375591e-02	 3.921459e+01	 1.361832e-02	-5.843439e-03	 4.134828e-06	-7.133591e-05	 3.216165e-05	 4.218496e-06	 4.303671e-06	 3.608413e-07	 3.377508e-07	 6.606934e+02	 3.291887e-01	 3.194455e-03	 7.545540e-04	 1.269427e-05	-3.402014e-03	 2.716669e-04	 3.985822e+01	 3.346622e-01	 3.922187e+01	 3.508809e-01	-6.086010e-03	 2.655673e-04	 3.173628e-03	 2.514572e-03	-4.738531e-05	 2.469064e-04	 5.372310e-06	 8.904090e-06
 7.585776e+02	 3.338082e-01	 3.556484e-05	 7.586067e-04	 2.822163e-07	-3.492094e-03	 4.110969e-06	 3.983450e+01	 4.275878e-03	 3.958589e+01	 4.241618e-03	-5.723238e-03	 3.900508e-06	-1.418931e-05	 9.413626e-05	 3.926457e-06	 4.098475e-06	 1.506050e-06	 1.250470e-06	 7.585776e+02	 3.352717e-01	 3.433950e-03	 7.448646e-04	 1.187400e-05	-3.215383e-03	 2.452179e-04	 4.023053e+01	 3.667690e-01	 4.009808e+01	 3.421242e-01	-5.483073e-03	 2.347992e-04	 2.803088e-03	 2.361908e-03	-1.229930e-04	 2.279180e-04	-2.177392e-06	 9.714983e-06
 8.709636e+02	 3.362131e-01	 3.579933e-05	 7.601719e-04	 3.262152e-07	-3.575791e-03	 1.313863e-05	 4.014762e+01	 4.341902e-03	 3.989690e+01	 4.306395e-03	-5.576350e-03	 3.700525e-06	-2.313243e-05	 9.978073e-05	 2.664483e-06	 3.643804e-06	 1.575155e-06	 1.274089e-06	 8.709636e+02	 3.378141e-01	 3.116620e-03	 7.621984e-04	 1.145199e-05	-3.299394e-03	 2.182953e-04	 4.015841e+01	 3.764641e-01	 3.996789e+01	 3.501387e-01	-5.688023e-03	 2.185581e-04	-1.814196e-03	 2.416409e-03	-8.428300e-05	 2.014462e-04	 3.204297e-06	 7.284106e-06
 1.000000e+03	 3.384405e-01	 3.603207e-05	 7.619201e-04	 3.780703e-07	-3.608731e-03	 1.277924e-05	 4.043430e+01	 4.407357e-03	 4.018164e+01	 4.371744e-03	-5.407744e-03	 3.520289e-06	-3.204449e-05	 1.075768e-04	 2.626765e-06	 3.453981e-06	 1.610952e-06	 1.230518e-06	 1.000000e+03	 3.494095e-01	 3.826885e-03	 7.685772e-04	 1.525765e-05	-3.955398e-03	 2.018835e-04	 4.043121e+01	 3.724136e-01	 4.042683e+01	 3.761610e-01	-5.092730e-03	 2.168959e-04	 9.704658e-04	 2.715360e-03	-6.087831e-05	 1.868819e-04	-4.941971e-06	 6.568212e-06
