 1.000000e-03	 1.746982e-01	 4.035817e-06	 6.495185e-08	 1.171223e-12	 1.741128e-01	 4.056740e-06	 3.186124e+03	 7.282438e-02	 3.185946e+03	 7.282033e-02	 1.776259e-01	 4.059819e-06	-6.996503e-08	 3.720771e-07	 7.037611e-08	 3.729910e-07	 6.261785e-10	 9.216545e-10	 1.000000e-03	 1.748731e-01	 2.592160e-04	 6.485478e-08	 8.912938e-11	 1.742085e-01	 2.546610e-04	 3.189766e+03	 4.673185e+00	 3.189590e+03	 4.673023e+00	 1.777270e-01	 2.569030e-04	 1.562242e-05	 1.671414e-05	-1.558806e-05	 1.674380e-05	-4.231475e-10	 4.820232e-08
 1.148154e-03	 1.814398e-01	 4.242633e-06	 7.766406e-08	 1.399838e-12	 1.807398e-01	 4.267363e-06	 3.309331e+03	 7.652774e-02	 3.309146e+03	 7.652348e-02	 1.845039e-01	 4.270734e-06	 1.563926e-07	 4.189950e-07	-1.527321e-07	 4.199211e-07	 7.100305e-10	 1.026931e-09	 1.148154e-03	 1.816542e-01	 3.515226e-04	 7.784898e-08	 1.335485e-10	 1.808877e-01	 2.675891e-04	 3.310744e+03	 4.857758e+00	 3.310572e+03	 4.856914e+00	 1.848042e-01	 2.816461e-04	 9.563471e-06	 1.766495e-05	-1.881698e-05	 1.538243e-05	-4.846304e-08	 5.532405e-08
 1.318257e-03	 1.882525e-01	 4.455413e-06	 9.278147e-08	 1.671598e-12	 1.874162e-01	 4.479151e-06	 3.433777e+03	 8.044016e-02	 3.433585e+03	 8.043568e-02	 1.914491e-01	 4.483064e-06	 1.962196e-07	 4.700054e-07	-1.991963e-07	 4.714672e-07	 8.403416e-10	 1.179938e-09	 1.318257e-03	 1.887582e-01	 2.840508e-04	 9.272371e-08	 1.310790e-10	 1.872254e-01	 3.119672e-04	 3.437473e+03	 6.453725e+00	 3.438384e+03	 5.192039e+00	 1.915843e-01	 3.842849e-04	 1.427601e-05	 2.126481e-05	-1.747937e-05	 1.802152e-05	 1.390159e-07	 6.357025e-08
 1.513561e-03	 1.951256e-01	 4.662466e-06	 1.107413e-07	 1.994261e-12	 1.941272e-01	 4.694159e-06	 3.559236e+03	 8.423059e-02	 3.559038e+03	 8.422590e-02	 1.984482e-01	 4.695797e-06	 2.570894e-07	 5.283470e-07	-2.400442e-07	 5.304342e-07	 1.067715e-09	 1.352689e-09	 1.513561e-03	 1.948699e-01	 2.979867e-04	 1.108963e-07	 1.522434e-10	 1.942228e-01	 3.802877e-04	 3.554954e+03	 5.390182e+00	 3.568638e+03	 5.350971e+00	 1.983605e-01	 2.992503e-04	 2.331436e-05	 2.017002e-05	 2.508429e-05	 2.422522e-05	-1.788522e-08	 7.302004e-08
 1.737801e-03	 2.020435e-01	 4.888865e-06	 1.320561e-07	 2.377122e-12	 2.008529e-01	 4.924522e-06	 3.685395e+03	 8.833390e-02	 3.685189e+03	 8.832896e-02	 2.054823e-01	 4.926541e-06	 2.390460e-07	 5.916034e-07	-2.340288e-07	 5.932425e-07	 1.225361e-09	 1.552575e-09	 1.737801e-03	 2.020774e-01	 3.910730e-04	 1.320093e-07	 1.837273e-10	 2.005720e-01	 3.184819e-04	 3.682489e+03	 7.459726e+00	 3.682737e+03	 5.667859e+00	 2.053426e-01	 3.143750e-04	 2.424647e-05	 2.700898e-05	-4.451706e-06	 2.173302e-05	-6.304361e-08	 8.383383e-08
 1.995262e-03	 2.089931e-01	 5.124887e-06	 1.573256e-07	 2.830535e-12	 2.075744e-01	 5.166115e-06	 3.811967e+03	 9.259865e-02	 3.811755e+03	 9.259350e-02	 2.125342e-01	 5.168281e-06	-1.333652e-07	 6.485554e-07	 1.334773e-07	 6.501891e-07	 1.406180e-09	 1.781909e-09	 1.995262e-03	 2.097485e-01	 4.323285e-04	 1.577947e-07	 3.705634e-10	 2.081889e-01	 4.635427e-04	 3.810049e+03	 7.998020e+00	 3.810059e+03	 5.937320e+00	 2.126885e-01	 3.638609e-04	-2.032250e-05	 2.483247e-05	 3.598977e-05	 2.547704e-05	 2.667123e-08	 9.621464e-08
 2.290868e-03	 2.159567e-01	 3.911493e-06	 1.872502e-07	 3.367609e-12	 2.142681e-01	 3.948296e-06	 3.938584e+03	 7.067653e-02	 3.938364e+03	 7.067271e-02	 2.195818e-01	 3.948884e-06	-9.669282e-08	 7.231037e-07	 9.682961e-08	 7.249294e-07	 1.613542e-09	 2.045003e-09	 2.290868e-03	 2.155821e-01	 4.441921e-04	 1.872767e-07	 2.686788e-10	 2.142820e-01	 3.422746e-04	 3.933982e+03	 6.377009e+00	 3.935837e+03	 8.644848e+00	 2.198815e-01	 3.477719e-04	-7.507354e-05	 2.684643e-05	-1.719251e-05	 3.394629e-05	-4.340407e-08	 1.105053e-07
 2.630268e-03	 2.229195e-01	 4.114041e-06	 2.226459e-07	 4.002465e-12	 2.209110e-01	 4.159914e-06	 4.064910e+03	 7.435071e-02	 4.064684e+03	 7.434633e-02	 2.266038e-01	 4.161053e-06	-1.424429e-07	 8.068985e-07	 1.410160e-07	 8.087559e-07	-1.422522e-09	 2.308977e-09	 2.630268e-03	 2.233391e-01	 3.659414e-04	 2.229861e-07	 3.229590e-10	 2.211720e-01	 3.646886e-04	 4.056616e+03	 8.450245e+00	 4.049185e+03	 8.359538e+00	 2.275800e-01	 4.374324e-04	-2.608253e-05	 3.842130e-05	 2.705630e-05	 3.010877e-05	-6.490959e-08	 1.270547e-07
 3.019952e-03	 2.298623e-01	 4.327135e-06	 2.644616e-07	 4.751074e-12	 2.274763e-01	 4.386117e-06	 4.190529e+03	 7.826139e-02	 4.190296e+03	 7.825691e-02	 2.335749e-01	 4.387464e-06	-2.067746e-07	 9.052591e-07	 2.066290e-07	 9.075887e-07	-1.635080e-09	 2.649427e-09	 3.019952e-03	 2.295254e-01	 3.800827e-04	 2.647939e-07	 5.517077e-10	 2.269239e-01	 3.835851e-04	 4.187386e+03	 7.019364e+00	 4.199301e+03	 6.938203e+00	 2.340694e-01	 5.464965e-04	-8.202170e-06	 3.534195e-05	 1.343644e-05	 3.395786e-05	 2.030597e-07	 1.458455e-07
 3.467369e-03	 2.367667e-01	 4.560847e-06	 3.137976e-07	 5.634538e-12	 2.339345e-01	 4.624990e-06	 4.315004e+03	 8.237472e-02	 4.314763e+03	 8.236986e-02	 2.404678e-01	 4.626462e-06	-2.049654e-07	 1.006342e-06	 2.034367e-07	 1.008478e-06	-1.879465e-09	 3.039808e-09	 3.467369e-03	 2.369379e-01	 4.029274e-04	 3.134896e-07	 5.232715e-10	 2.339734e-01	 3.966880e-04	 4.319734e+03	 7.178797e+00	 4.318994e+03	 1.269192e+01	 2.404665e-01	 5.001387e-04	-6.576042e-06	 4.160072e-05	-1.253229e-05	 4.796367e-05	 1.951387e-07	 1.674318e-07
 3.981072e-03	 2.436108e-01	 4.797454e-06	 3.719261e-07	 6.675917e-12	 2.402528e-01	 4.874139e-06	 4.437841e+03	 8.676361e-02	 4.437594e+03	 8.675869e-02	 2.472514e-01	 4.876151e-06	-1.066754e-07	 1.120682e-06	 1.057973e-07	 1.123083e-06	-2.160577e-09	 3.487356e-09	 3.981072e-03	 2.426341e-01	 4.229257e-04	 3.729045e-07	 5.682821e-10	 2.395869e-01	 5.112577e-04	 4.439966e+03	 7.738881e+00	 4.414814e+03	 8.930612e+00	 2.476906e-01	 5.619038e-04	-3.865897e-05	 4.910665e-05	 2.428591e-05	 4.344695e-05	 3.460553e-08	 1.922047e-07
 4.570882e-03	 2.503734e-01	 5.017765e-06	 4.403139e-07	 7.899987e-12	 2.463967e-01	 5.102369e-06	 4.558535e+03	 9.070208e-02	 4.558281e+03	 9.069705e-02	 2.538935e-01	 5.103829e-06	 1.443229e-06	 1.248892e-06	-1.447701e-06	 1.251481e-06	-4.975636e-09	 4.266091e-09	 4.570882e-03	 2.496929e-01	 5.430255e-04	 4.409560e-07	 6.876209e-10	 2.460189e-01	 4.379147e-04	 4.571799e+03	 1.058345e+01	 4.560848e+03	 7.992974e+00	 2.548851e-01	 5.948204e-04	-2.671336e-05	 4.621084e-05	-8.885327e-05	 4.634637e-05	-1.955609e-08	 2.208723e-07
 5.248075e-03	 2.570316e-01	 5.264428e-06	 5.206453e-07	 9.336361e-12	 2.523269e-01	 5.359373e-06	 4.676519e+03	 9.514948e-02	 4.676259e+03	 9.514392e-02	 2.603569e-01	 5.360894e-06	 4.166084e-08	 1.392216e-06	-4.099461e-08	 1.394745e-06	 1.911679e-09	 4.428640e-09	 5.248075e-03	 2.568332e-01	 6.397551e-04	 5.202535e-07	 8.800104e-10	 2.524595e-01	 4.589113e-04	 4.689254e+03	 9.337545e+00	 4.664092e+03	 1.210792e+01	 2.607538e-01	 4.624836e-04	-6.176453e-05	 5.146720e-05	-6.736247e-06	 6.712099e-05	-1.107060e-07	 2.551710e-07
 6.025596e-03	 2.635608e-01	 5.519334e-06	 6.148476e-07	 1.102108e-11	 2.580013e-01	 5.637227e-06	 4.791171e+03	 9.978316e-02	 4.790905e+03	 9.977752e-02	 2.666019e-01	 5.639145e-06	 5.453144e-08	 1.544490e-06	-5.510818e-08	 1.547001e-06	 2.185261e-09	 5.078577e-09	 6.025596e-03	 2.631684e-01	 5.629813e-04	 6.141558e-07	 1.012700e-09	 2.579777e-01	 6.714724e-04	 4.802320e+03	 1.140605e+01	 4.800408e+03	 9.876247e+00	 2.670145e-01	 4.845341e-04	-5.210531e-05	 5.742034e-05	 1.195228e-05	 5.711390e-05	 4.231253e-07	 2.922995e-07
 6.918310e-03	 2.699356e-01	 5.780843e-06	 7.251152e-07	 1.299480e-11	 2.633745e-01	 5.926304e-06	 4.901850e+03	 1.046367e-01	 4.901577e+03	 1.046306e-01	 2.725858e-01	 5.928771e-06	 7.511442e-08	 1.712397e-06	-7.644279e-08	 1.714665e-06	 2.496302e-09	 5.822863e-09	 6.918310e-03	 2.705933e-01	 5.071716e-04	 7.260064e-07	 1.571735e-09	 2.641218e-01	 6.532179e-04	 4.920567e+03	 1.272310e+01	 4.907087e+03	 1.155970e+01	 2.722240e-01	 5.138174e-04	-3.248778e-05	 7.923864e-05	 7.324803e-06	 6.357397e-05	 2.628175e-07	 3.358997e-07
 7.943282e-03	 2.761303e-01	 6.053696e-06	 8.539347e-07	 1.529716e-11	 2.683977e-01	 6.231106e-06	 5.007866e+03	 1.095875e-01	 5.007587e+03	 1.095815e-01	 2.782623e-01	 6.233882e-06	-1.139797e-08	 1.894137e-06	 9.452699e-09	 1.896051e-06	 2.847481e-09	 6.674894e-09	 7.943282e-03	 2.758520e-01	 5.360681e-04	 8.517828e-07	 1.910937e-09	 2.686858e-01	 5.196815e-04	 5.010687e+03	 9.567394e+00	 5.014332e+03	 1.285788e+01	 2.786813e-01	 6.249385e-04	 3.488065e-05	 9.331326e-05	 4.590881e-05	 7.136124e-05	-1.843903e-07	 3.864551e-07
 9.120108e-03	 2.821174e-01	 6.329767e-06	 1.004107e-06	 1.797633e-11	 2.730161e-01	 6.528116e-06	 5.108446e+03	 1.144853e-01	 5.108162e+03	 1.144788e-01	 2.835794e-01	 6.530730e-06	-1.114819e-08	 2.096694e-06	 7.922456e-09	 2.097740e-06	 3.246892e-09	 7.649829e-09	 9.120108e-03	 2.832615e-01	 7.090114e-04	 1.002286e-06	 1.829035e-09	 2.717980e-01	 9.081245e-04	 5.099131e+03	 1.629584e+01	 5.113049e+03	 9.975202e+00	 2.864028e-01	 8.250464e-04	 1.457006e-04	 1.007994e-04	-3.606310e-05	 1.099912e-04	 3.548647e-07	 4.445406e-07
 1.047129e-02	 2.878687e-01	 6.637711e-06	 1.178763e-06	 2.109020e-11	 2.771727e-01	 6.870508e-06	 5.202807e+03	 1.200542e-01	 5.202518e+03	 1.200471e-01	 2.884831e-01	 6.873031e-06	-7.328848e-10	 2.318230e-06	-3.830602e-09	 2.318150e-06	 3.705712e-09	 8.764800e-09	 1.047129e-02	 2.884193e-01	 5.890007e-04	 1.182228e-06	 2.639410e-09	 2.776748e-01	 5.750938e-04	 5.205753e+03	 1.052525e+01	 5.206831e+03	 1.045203e+01	 2.888409e-01	 7.311462e-04	-1.538373e-05	 8.932335e-05	-4.482339e-05	 9.746116e-05	-2.749149e-07	 5.149144e-07
 1.202264e-02	 2.933565e-01	 6.937949e-06	 1.381377e-06	 2.468542e-11	 2.808064e-01	 7.208798e-06	 5.290113e+03	 1.254839e-01	 5.289820e+03	 1.254768e-01	 2.929153e-01	 7.212729e-06	-8.481096e-08	 2.563331e-06	 7.869890e-08	 2.561443e-06	 4.232294e-09	 1.003913e-08	 1.202264e-02	 2.945049e-01	 8.581642e-04	 1.383515e-06	 2.474975e-09	 2.812030e-01	 5.933646e-04	 5.278165e+03	 1.244089e+01	 5.283854e+03	 1.479773e+01	 2.936708e-01	 7.554071e-04	-6.685694e-05	 9.666659e-05	 4.600591e-05	 9.560694e-05	-4.225733e-07	 5.901880e-07
 1.380384e-02	 2.985522e-01	 7.251914e-06	 1.615768e-06	 2.881953e-11	 2.838506e-01	 7.558763e-06	 5.369484e+03	 1.311737e-01	 5.369187e+03	 1.311661e-01	 2.968127e-01	 7.563094e-06	 6.935303e-08	 2.829529e-06	-7.833388e-08	 2.825108e-06	 4.831802e-09	 1.149463e-08	 1.380384e-02	 2.995539e-01	 8.415768e-04	 1.617201e-06	 3.267225e-09	 2.842090e-01	 8.777903e-04	 5.385223e+03	 1.207334e+01	 5.345098e+03	 1.142393e+01	 2.960167e-01	 6.222300e-04	 4.420098e-06	 1.066037e-04	 6.048501e-05	 1.058039e-04	 1.045238e-06	 6.816754e-07
 1.584893e-02	 3.034244e-01	 7.568399e-06	 1.886081e-06	 3.354351e-11	 2.862342e-01	 7.929143e-06	 5.439959e+03	 1.369310e-01	 5.439659e+03	 1.369231e-01	 3.001074e-01	 7.936168e-06	 3.958976e-06	 3.086107e-06	-3.966854e-06	 3.078653e-06	 5.514660e-09	 1.315583e-08	 1.584893e-02	 3.042110e-01	 6.730073e-04	 1.887825e-06	 3.543988e-09	 2.863556e-01	 6.402810e-04	 5.443321e+03	 1.496111e+01	 5.479551e+03	 1.613149e+01	 3.008267e-01	 6.481427e-04	-2.033122e-04	 1.177701e-04	 1.713627e-04	 1.472804e-04	 8.592489e-07	 7.886629e-07
 1.819701e-02	 3.079456e-01	 7.903788e-06	 2.196752e-06	 3.890470e-11	 2.878838e-01	 8.322523e-06	 5.500580e+03	 1.429706e-01	 5.500277e+03	 1.429625e-01	 3.027294e-01	 8.328805e-06	 9.255548e-08	 3.417154e-06	-1.111823e-07	 3.404596e-06	 6.298707e-09	 1.505001e-08	 1.819701e-02	 3.071734e-01	 7.059594e-04	 2.192523e-06	 4.826393e-09	 2.859938e-01	 7.874650e-04	 5.547028e+03	 1.228488e+01	 5.487434e+03	 1.236793e+01	 3.031944e-01	 8.827598e-04	 6.514132e-05	 1.823978e-04	-1.213787e-04	 1.319563e-04	 5.635210e-07	 9.093791e-07
 2.089296e-02	 3.120839e-01	 8.247838e-06	 2.552449e-06	 4.496826e-11	 2.887191e-01	 8.724727e-06	 5.550325e+03	 1.490996e-01	 5.550020e+03	 1.490910e-01	 3.046020e-01	 8.732655e-06	 1.924396e-07	 3.749671e-06	-2.204193e-07	 3.730618e-06	 7.182675e-09	 1.720779e-08	 2.089296e-02	 3.104182e-01	 7.388112e-04	 2.550217e-06	 5.051074e-09	 2.880029e-01	 6.895482e-04	 5.555587e+03	 1.287297e+01	 5.560508e+03	 1.289316e+01	 3.064298e-01	 7.025260e-04	 3.002060e-05	 1.542023e-04	-6.018605e-05	 1.417336e-04	-4.515978e-07	 1.047831e-06
 2.398833e-02	 3.158077e-01	 8.595299e-06	 2.957964e-06	 5.178777e-11	 2.886578e-01	 9.134672e-06	 5.588125e+03	 1.552340e-01	 5.587819e+03	 1.552248e-01	 3.056462e-01	 9.144678e-06	-3.998981e-08	 4.113264e-06	-1.833696e-09	 4.085432e-06	 8.186766e-09	 1.966316e-08	 2.398833e-02	 3.154809e-01	 9.987131e-04	 2.962922e-06	 8.254881e-09	 2.883364e-01	 7.113101e-04	 5.570890e+03	 1.341118e+01	 5.562095e+03	 1.342707e+01	 3.059835e-01	 7.300002e-04	 3.994201e-04	 2.294925e-04	 3.106028e-04	 2.112962e-04	-2.682336e-06	 1.218297e-06
 2.754229e-02	 3.190868e-01	 8.959597e-06	 3.418073e-06	 5.936555e-11	 2.876165e-01	 9.565346e-06	 5.612942e+03	 1.614561e-01	 5.612635e+03	 1.614466e-01	 3.057820e-01	 9.576769e-06	 5.188836e-06	 4.463558e-06	-5.201946e-06	 4.425009e-06	 9.323982e-09	 2.245366e-08	 2.754229e-02	 3.189223e-01	 1.032359e-03	 3.421063e-06	 7.175066e-09	 2.869564e-01	 8.225173e-04	 5.641204e+03	 1.841008e+01	 5.615196e+03	 1.400171e+01	 3.061056e-01	 7.569518e-04	-2.040072e-04	 1.828915e-04	-4.241761e-04	 1.701651e-04	 4.696643e-07	 1.407059e-06
 3.162278e-02	 3.218885e-01	 9.320098e-06	 3.937325e-06	 6.780257e-11	 2.855065e-01	 9.979575e-06	 5.623646e+03	 1.679118e-01	 5.623340e+03	 1.679017e-01	 3.049240e-01	 9.993732e-06	 5.617668e-06	 4.898065e-06	-5.661612e-06	 4.839534e-06	 1.061281e-08	 2.562045e-08	 3.162278e-02	 3.220236e-01	 8.388941e-04	 3.951690e-06	 1.012647e-08	 2.865450e-01	 8.700461e-04	 5.648272e+03	 1.514443e+01	 5.618061e+03	 1.824430e+01	 3.045967e-01	 8.210398e-04	-2.144935e-04	 1.936305e-04	 1.917011e-04	 2.519936e-04	 5.312527e-07	 1.641522e-06
 3.630781e-02	 3.241788e-01	 9.675456e-06	 4.519769e-06	 7.710903e-11	 2.822381e-01	 1.044784e-05	 5.619181e+03	 1.740762e-01	 5.618877e+03	 1.740657e-01	 3.029855e-01	 1.046537e-05	 6.452400e-06	 5.334160e-06	-6.501179e-06	 5.260586e-06	 1.206665e-08	 2.920862e-08	 3.630781e-02	 3.231345e-01	 8.770453e-04	 4.535867e-06	 1.009463e-08	 2.831733e-01	 1.087466e-03	 5.649899e+03	 1.848304e+01	 5.616574e+03	 1.973117e+01	 3.048457e-01	 9.646767e-04	-3.018601e-04	 2.539948e-04	 7.617801e-05	 2.845713e-04	 3.649170e-06	 1.900813e-06
 4.168694e-02	 3.259195e-01	 1.005914e-05	 5.168600e-06	 8.728373e-11	 2.777245e-01	 1.093093e-05	 5.598426e+03	 1.809382e-01	 5.598124e+03	 1.809271e-01	 2.998824e-01	 1.095270e-05	 6.594744e-06	 5.796473e-06	-6.669722e-06	 5.699352e-06	 1.371081e-08	 3.326692e-08	 4.168694e-02	 3.259077e-01	 1.118544e-03	 5.168824e-06	 1.180713e-08	 2.769758e-01	 8.480113e-04	 5.587411e+03	 1.568388e+01	 5.625809e+03	 1.557324e+01	 3.007489e-01	 8.360341e-04	-3.905804e-04	 2.710608e-04	-2.055360e-04	 2.270328e-04	 4.055731e-06	 2.217917e-06
 4.786301e-02	 3.270722e-01	 1.046369e-05	 5.885638e-06	 1.157953e-10	 2.718807e-01	 1.141625e-05	 5.560338e+03	 1.874507e-01	 5.560041e+03	 1.874392e-01	 2.955317e-01	 1.144250e-05	 7.195700e-06	 6.293107e-06	-7.269751e-06	 6.157105e-06	 1.558606e-08	 3.784782e-08	 4.786301e-02	 3.268729e-01	 1.208303e-03	 5.900331e-06	 1.654016e-08	 2.723297e-01	 1.133527e-03	 5.578658e+03	 2.277872e+01	 5.586843e+03	 1.605996e+01	 2.944270e-01	 8.506543e-04	-2.089700e-04	 3.010025e-04	 7.739934e-04	 3.364694e-04	-1.788565e-06	 2.581349e-06
 5.495409e-02	 3.275929e-01	 1.085855e-05	 6.671071e-06	 1.308373e-10	 2.646257e-01	 1.190615e-05	 5.503942e+03	 1.941160e-01	 5.503649e+03	 1.941042e-01	 2.898538e-01	 1.193864e-05	 7.765280e-06	 6.810735e-06	-7.808061e-06	 6.624673e-06	 1.767784e-08	 4.300769e-08	 5.495409e-02	 3.271390e-01	 1.015154e-03	 6.694555e-06	 1.833088e-08	 2.647575e-01	 9.366314e-04	 5.511694e+03	 2.681572e+01	 5.527843e+03	 1.820609e+01	 2.895407e-01	 8.745821e-04	-8.924706e-05	 2.792739e-04	 7.032815e-05	 3.506605e-04	-5.830613e-09	 3.017515e-06
 6.309573e-02	 3.274279e-01	 1.125082e-05	 7.522393e-06	 1.469815e-10	 2.558865e-01	 1.239831e-05	 5.428262e+03	 2.009359e-01	 5.427976e+03	 2.009235e-01	 2.827755e-01	 1.243825e-05	 8.279656e-06	 7.348205e-06	-8.440801e-06	 7.101112e-06	 1.998127e-08	 4.880560e-08	 6.309573e-02	 3.279930e-01	 1.054406e-03	 7.547319e-06	 1.906722e-08	 2.549143e-01	 9.265471e-04	 5.415453e+03	 2.214664e+01	 5.491282e+03	 2.973267e+01	 2.848254e-01	 8.923299e-04	 4.442575e-04	 4.193049e-04	 1.861000e-04	 2.853672e-04	-3.000690e-06	 3.552969e-06
 7.244360e-02	 3.265193e-01	 1.164880e-05	 8.433968e-06	 1.640754e-10	 2.456033e-01	 1.289376e-05	 5.332508e+03	 2.076403e-01	 5.332230e+03	 2.076273e-01	 2.742360e-01	 1.294289e-05	 8.676256e-06	 7.929803e-06	-9.169999e-06	 7.579813e-06	 2.254599e-08	 5.530303e-08	 7.244360e-02	 3.257850e-01	 1.286945e-03	 8.448916e-06	 2.202849e-08	 2.456722e-01	 9.036610e-04	 5.330468e+03	 1.777366e+01	 5.317373e+03	 2.084173e+01	 2.723733e-01	 1.254137e-03	-5.706900e-04	 3.336217e-04	 4.376830e-04	 3.109040e-04	-3.796403e-06	 4.134912e-06
 8.317638e-02	 3.247975e-01	 1.204328e-05	 9.396186e-06	 1.816600e-10	 2.337331e-01	 1.338883e-05	 5.216014e+03	 2.136070e-01	 5.215744e+03	 2.135936e-01	 2.641887e-01	 1.344824e-05	 9.354926e-06	 8.501608e-06	-9.689664e-06	 8.085615e-06	 2.539771e-08	 6.256395e-08	 8.317638e-02	 3.244560e-01	 1.658736e-03	 9.384224e-06	 3.716239e-08	 2.333788e-01	 9.911286e-04	 5.229199e+03	 2.139746e+01	 5.217336e+03	 1.829553e+01	 2.642912e-01	 9.416504e-04	-2.652626e-04	 3.641789e-04	 2.407458e-04	 3.346272e-04	-1.640330e-07	 4.853092e-06
 9.549926e-02	 3.221821e-01	 1.243983e-05	 1.039471e-05	 1.993040e-10	 2.202523e-01	 1.388231e-05	 5.078247e+03	 2.191534e-01	 5.077987e+03	 2.191395e-01	 2.526045e-01	 1.395561e-05	 1.003235e-05	 9.083264e-06	-1.026117e-05	 8.609700e-06	 2.854104e-08	 7.065363e-08	 9.549926e-02	 3.213155e-01	 1.341120e-03	 1.036899e-05	 3.472283e-08	 2.214313e-01	 1.080888e-03	 5.124537e+03	 2.499969e+01	 5.099172e+03	 1.882848e+01	 2.524461e-01	 1.366260e-03	 7.617949e-04	 4.870932e-04	 1.481049e-04	 3.599027e-04	-2.467358e-06	 5.698071e-06
 1.096478e-01	 3.185767e-01	 1.283950e-05	 1.140981e-05	 2.165836e-10	 2.051639e-01	 1.435397e-05	 4.918951e+03	 2.241171e-01	 4.918702e+03	 2.241029e-01	 2.394774e-01	 1.444465e-05	 1.051343e-05	 9.683026e-06	-1.103441e-05	 9.089219e-06	 3.196551e-08	 7.963876e-08	 1.096478e-01	 3.203364e-01	 1.252421e-03	 1.139741e-05	 3.727592e-08	 2.075150e-01	 1.160029e-03	 4.957699e+03	 1.936352e+01	 4.906049e+03	 1.948113e+01	 2.387761e-01	 9.584142e-04	-4.085839e-04	 4.317299e-04	-2.336046e-05	 4.380494e-04	 2.102077e-05	 6.700780e-06
 1.258925e-01	 3.138745e-01	 1.324382e-05	 1.241585e-05	 2.327798e-10	 1.885064e-01	 1.479389e-05	 4.738080e+03	 2.284951e-01	 4.737843e+03	 2.284804e-01	 2.248328e-01	 1.490632e-05	 1.107124e-05	 1.024226e-05	-1.149186e-05	 9.492622e-06	 3.573821e-08	 8.958785e-08	 1.258925e-01	 3.128873e-01	 1.402660e-03	 1.243493e-05	 3.881352e-08	 1.893911e-01	 9.233127e-04	 4.737145e+03	 2.398504e+01	 4.733574e+03	 1.998503e+01	 2.255149e-01	 9.622709e-04	-1.073643e-05	 4.693894e-04	 2.751068e-04	 5.501589e-04	 8.997416e-06	 7.828303e-06
 1.445440e-01	 3.079515e-01	 1.363987e-05	 1.338115e-05	 2.472835e-10	 1.703566e-01	 1.518970e-05	 4.535933e+03	 2.323878e-01	 4.535709e+03	 2.323721e-01	 2.087300e-01	 1.532955e-05	 1.134858e-05	 1.081775e-05	-1.178459e-05	 9.818585e-06	 4.012599e-08	 1.005714e-07	 1.445440e-01	 3.086813e-01	 1.736601e-03	 1.335818e-05	 4.477938e-08	 1.703176e-01	 1.273323e-03	 4.560571e+03	 2.046113e+01	 4.569250e+03	 2.049092e+01	 2.098054e-01	 1.373162e-03	-7.581637e-04	 8.070881e-04	-4.195562e-04	 4.956924e-04	 3.321526e-07	 9.196996e-06
 1.659587e-01	 3.006771e-01	 1.402348e-05	 1.426837e-05	 2.591647e-10	 1.508367e-01	 1.552120e-05	 4.313148e+03	 2.350504e-01	 4.312937e+03	 2.350343e-01	 1.912677e-01	 1.569425e-05	 1.212593e-05	 1.134455e-05	-1.205943e-05	 1.008187e-05	 4.522109e-08	 1.126690e-07	 1.659587e-01	 3.009112e-01	 1.439438e-03	 1.428131e-05	 4.978423e-08	 1.528443e-01	 1.309194e-03	 4.312185e+03	 2.425145e+01	 4.335640e+03	 2.101832e+01	 1.919941e-01	 1.162581e-03	-7.365725e-05	 5.513760e-04	 2.755284e-04	 5.078270e-04	-7.773823e-06	 1.077869e-05
 1.905461e-01	 2.919152e-01	 1.439380e-05	 1.503550e-05	 2.676246e-10	 1.301201e-01	 1.577280e-05	 4.070757e+03	 2.361376e-01	 4.070561e+03	 2.361216e-01	 1.725894e-01	 1.598700e-05	 1.310153e-05	 1.183753e-05	-1.162774e-05	 1.027791e-05	 5.174719e-08	 1.259834e-07	 1.905461e-01	 2.904604e-01	 1.508710e-03	 1.502211e-05	 5.566223e-08	 1.295252e-01	 9.183374e-04	 4.094793e+03	 2.175254e+01	 4.062873e+03	 2.150956e+01	 1.704090e-01	 1.352379e-03	 1.455090e-04	 5.966145e-04	-4.384012e-06	 4.882733e-04	-9.818738e-07	 1.253584e-05
 2.187762e-01	 2.815344e-01	 1.475037e-05	 1.563773e-05	 2.722334e-10	 1.084348e-01	 1.592494e-05	 3.810226e+03	 2.344829e-01	 3.810044e+03	 2.344663e-01	 1.528857e-01	 1.618950e-05	 1.392366e-05	 1.230568e-05	-8.505158e-06	 1.091420e-05	 5.983404e-08	 1.407100e-07	 2.187762e-01	 2.821310e-01	 1.572459e-03	 1.568303e-05	 6.465448e-08	 1.082036e-01	 1.020446e-03	 3.795690e+03	 2.203989e+01	 3.762588e+03	 2.663409e+01	 1.529016e-01	 1.136618e-03	 2.116623e-04	 6.462559e-04	 1.155370e-04	 5.426501e-04	 1.827304e-05	 1.458974e-05
 2.511886e-01	 2.694209e-01	 1.508505e-05	 1.603015e-05	 2.732675e-10	 8.606576e-02	 1.595578e-05	 3.533457e+03	 2.313378e-01	 3.533290e+03	 2.313216e-01	 1.323962e-01	 1.628257e-05	 1.420029e-05	 1.262323e-05	-7.941626e-06	 1.100764e-05	 7.280867e-08	 1.574568e-07	 2.511886e-01	 2.700467e-01	 2.011278e-03	 1.608119e-05	 9.310015e-08	 8.528539e-02	 8.905843e-04	 3.551619e+03	 2.250695e+01	 3.543814e+03	 2.643967e+01	 1.332751e-01	 1.119630e-03	-8.019960e-04	 7.697954e-04	 3.396151e-04	 5.352002e-04	-5.330770e-06	 1.693648e-05
 2.884032e-01	 2.555012e-01	 1.538448e-05	 1.617129e-05	 2.716737e-10	 6.335378e-02	 1.585002e-05	 3.242856e+03	 2.286509e-01	 3.242702e+03	 2.286354e-01	 1.114080e-01	 1.624871e-05	 1.408583e-05	 1.284600e-05	-1.430017e-06	 1.131413e-05	 8.527660e-08	 1.757632e-07	 2.884032e-01	 2.582037e-01	 1.716592e-03	 1.621300e-05	 7.454912e-08	 6.338229e-02	 8.743039e-04	 3.217085e+03	 2.689431e+01	 3.235512e+03	 2.296212e+01	 1.111888e-01	 9.316931e-04	-5.216808e-04	 7.900210e-04	 1.068664e-03	 5.566593e-04	 6.424910e-06	 1.951667e-05
 3.311311e-01	 2.397350e-01	 1.563943e-05	 1.602741e-05	 2.689986e-10	 4.069052e-02	 1.559805e-05	 2.941293e+03	 2.267344e-01	 2.941153e+03	 2.267195e-01	 9.025161e-02	 1.608159e-05	 1.427567e-05	 1.294811e-05	 9.648571e-09	 1.191834e-05	-4.567114e-08	 1.935934e-07	 3.311311e-01	 2.404761e-01	 1.790168e-03	 1.597762e-05	 9.084663e-08	 4.188227e-02	 8.602534e-04	 2.988303e+03	 2.337824e+01	 2.949987e+03	 2.438373e+01	 9.001281e-02	 9.105686e-04	-8.008344e-04	 9.582430e-04	-4.733432e-04	 5.746460e-04	-7.604072e-06	 2.228403e-05
 3.801894e-01	 2.221733e-01	 1.582068e-05	 1.557694e-05	 2.665218e-10	 1.850941e-02	 1.519137e-05	 2.632122e+03	 2.244847e-01	 2.631994e+03	 2.244698e-01	 6.929250e-02	 1.577482e-05	 1.402292e-05	 1.295694e-05	-1.123072e-06	 1.253403e-05	-4.664432e-08	 2.152514e-07	 3.801894e-01	 2.233162e-01	 1.861892e-03	 1.568360e-05	 8.624535e-08	 1.867839e-02	 8.462153e-04	 2.646684e+03	 2.378703e+01	 2.647131e+03	 2.379266e+01	 6.872678e-02	 9.938054e-04	-2.191333e-04	 8.628687e-04	 2.422600e-04	 6.382594e-04	 2.768413e-05	 2.531487e-05
 4.365158e-01	 2.029505e-01	 1.597470e-05	 1.481462e-05	 2.668047e-10	-2.727474e-03	 1.466849e-05	 2.319061e+03	 2.198733e-01	 2.318945e+03	 2.198586e-01	 4.892069e-02	 1.534832e-05	 1.326999e-05	 1.283245e-05	-1.626065e-06	 1.305522e-05	-5.321981e-08	 2.400572e-07	 4.365158e-01	 1.996073e-01	 1.934086e-03	 1.470348e-05	 1.040381e-07	-2.050331e-03	 8.459948e-04	 2.302178e+03	 2.587205e+01	 2.315606e+03	 2.585942e+01	 4.762590e-02	 9.437386e-04	 2.636015e-04	 9.228549e-04	-2.355079e-04	 6.067388e-04	 2.251617e-05	 2.855774e-05
 5.011872e-01	 1.823080e-01	 1.591754e-05	 1.375450e-05	 2.706957e-10	-2.255210e-02	 1.413844e-05	 2.006150e+03	 2.227765e-01	 2.006043e+03	 2.227622e-01	 2.953138e-02	 1.481162e-05	 1.165163e-05	 1.263272e-05	-2.080064e-06	 1.353162e-05	-6.430866e-08	 2.687154e-07	 5.011872e-01	 1.824386e-01	 2.198573e-03	 1.376768e-05	 9.541685e-08	-2.225779e-02	 8.461013e-04	 2.022332e+03	 2.449309e+01	 2.004817e+03	 3.167376e+01	 3.094260e-02	 9.778697e-04	-6.466586e-04	 1.216036e-03	 8.910152e-05	 6.184316e-04	-4.311266e-06	 3.188830e-05
 5.754399e-01	 1.605669e-01	 1.544610e-05	 1.243146e-05	 2.782713e-10	-4.050586e-02	 1.391757e-05	 1.697829e+03	 2.126641e-01	 1.697730e+03	 2.126491e-01	 1.151255e-02	 1.433081e-05	-7.344018e-06	 1.200099e-05	-5.133441e-06	 1.396870e-05	-7.883525e-08	 3.014444e-07	 5.754399e-01	 1.608101e-01	 2.069761e-03	 1.249053e-05	 1.058802e-07	-3.921196e-02	 9.456044e-04	 1.712435e+03	 2.792361e+01	 1.685427e+03	 2.481457e+01	 1.223027e-02	 1.012245e-03	 5.249560e-04	 1.050054e-03	-6.003597e-04	 6.971599e-04	-1.051232e-05	 3.534564e-05
 6.606934e-01	 1.382301e-01	 1.507397e-05	 1.090045e-05	 2.856219e-10	-5.614622e-02	 1.396896e-05	 1.398592e+03	 1.982817e-01	 1.398501e+03	 1.982690e-01	-4.776178e-03	 1.408925e-05	-8.381186e-06	 1.201518e-05	-6.705997e-06	 1.434071e-05	-9.702025e-08	 3.379488e-07	 6.606934e-01	 1.404669e-01	 2.501455e-03	 1.087368e-05	 1.259168e-07	-5.774614e-02	 8.565756e-04	 1.417743e+03	 2.510630e+01	 1.381593e+03	 2.507114e+01	-4.010387e-03	 9.678117e-04	-1.430530e-03	 1.113054e-03	 1.313799e-03	 7.658027e-04	 6.154340e-05	 3.867349e-05
 7.585776e-01	 1.158082e-01	 1.457720e-05	 9.232682e-06	 2.929761e-10	-6.916091e-02	 1.401694e-05	 1.112869e+03	 1.830917e-01	 1.112784e+03	 1.830795e-01	-1.900450e-02	 1.403442e-05	-8.193296e-06	 1.189424e-05	-3.731155e-06	 1.461691e-05	-1.178948e-07	 3.776582e-07	 7.585776e-01	 1.154389e-01	 2.347517e-03	 9.124028e-06	 1.111673e-07	-7.007041e-02	 9.844097e-04	 1.138027e+03	 2.715037e+01	 1.141002e+03	 2.530141e+01	-1.880684e-02	 9.482521e-04	-1.243855e-03	 1.304793e-03	-3.671405e-04	 7.179267e-04	 4.486619e-07	 4.222551e-05
 8.709636e-01	 9.389298e-02	 1.391300e-05	 7.509962e-06	 2.992824e-10	-7.926486e-02	 1.416816e-05	 8.448842e+02	 1.682557e-01	 8.448050e+02	 1.682454e-01	-3.097576e-02	 1.397260e-05	-8.696937e-06	 1.181113e-05	 4.700020e-07	 1.479393e-05	-1.438189e-07	 4.204137e-07	 8.709636e-01	 9.151730e-02	 2.224666e-03	 7.373453e-06	 1.087616e-07	-7.841650e-02	 8.614971e-04	 8.226714e+02	 2.789028e+01	 8.527116e+02	 2.553279e+01	-3.085461e-02	 8.330975e-04	-2.334469e-03	 1.595847e-03	 9.050865e-04	 6.999606e-04	 2.770258e-05	 4.498628e-05
 1.000000e+00	 7.310912e-02	 1.363692e-05	 5.817850e-06	 3.068401e-10	-8.629463e-02	 1.438531e-05	 5.986881e+02	 1.594522e-01	 5.986132e+02	 1.594423e-01	-4.051313e-02	 1.400920e-05	-2.576126e-06	 1.184010e-05	 1.333123e-06	 1.487049e-05	-1.882604e-07	 4.665599e-07	 1.000000e+00	 7.517645e-02	 2.537754e-03	 5.675988e-06	 1.247818e-07	-8.642423e-02	 9.352726e-04	 6.100481e+02	 2.569765e+01	 5.848963e+02	 2.566831e+01	-4.041768e-02	 8.726864e-04	-2.078741e-03	 1.305957e-03	 5.962559e-06	 6.808191e-04	 2.511102e-07	 4.810748e-05
 1.148154e+00	 5.402447e-02	 2.022928e-05	 4.236903e-06	 3.140751e-10	-9.020728e-02	 1.459028e-05	 3.778857e+02	 1.477802e-01	 3.778146e+02	 1.477709e-01	-4.754791e-02	 1.405908e-05	-3.340863e-06	 1.148953e-05	-1.625225e-06	 1.482386e-05	-2.461622e-07	 5.165260e-07	 1.148154e+00	 5.013817e-02	 2.303682e-03	 4.271233e-06	 9.672391e-08	-9.123637e-02	 9.337236e-04	 3.758765e+02	 2.891663e+01	 3.648104e+02	 2.872598e+01	-4.768532e-02	 9.636046e-04	 5.776664e-04	 1.370553e-03	 6.235374e-05	 6.524523e-04	 2.409843e-05	 5.060540e-05
 1.318257e+00	 3.713356e-02	 1.936045e-05	 2.835553e-06	 3.251075e-10	-9.109407e-02	 1.464137e-05	 1.853243e+02	 1.349347e-01	 1.852567e+02	 1.349253e-01	-5.211323e-02	 1.402744e-05	 2.577949e-06	 1.870325e-05	-5.771895e-06	 1.470039e-05	-3.030138e-07	 5.708931e-07	 1.318257e+00	 3.816644e-02	 2.326051e-03	 2.836376e-06	 9.328649e-08	-9.108660e-02	 8.304157e-04	 1.820909e+02	 2.924086e+01	 1.565480e+02	 2.798758e+01	-5.240382e-02	 7.952289e-04	 1.171092e-03	 1.538414e-03	 8.381702e-04	 6.472387e-04	-1.674031e-05	 5.292918e-05
 1.513561e+00	 2.286636e-02	 1.122487e-05	 1.664633e-06	 3.348304e-10	-8.915500e-02	 1.477757e-05	 2.356703e+01	 1.268964e-01	 2.350266e+01	 1.268874e-01	-5.433470e-02	 1.398673e-05	 8.786234e-07	 1.854383e-05	-1.084761e-05	 1.456433e-05	-3.531292e-07	 6.306373e-07	 1.513561e+00	 2.285949e-02	 2.358325e-03	 1.841641e-06	 9.008417e-08	-9.027255e-02	 8.197330e-04	 9.155926e+00	 2.831645e+01	 1.537197e+01	 2.767038e+01	-5.410355e-02	 7.946165e-04	 5.348306e-04	 1.623927e-03	 5.359107e-04	 6.432816e-04	 4.984210e-05	 5.533072e-05
 1.737801e+00	 1.150260e-02	 1.099506e-05	 7.542557e-07	 3.450329e-10	-8.469460e-02	 2.588182e-05	-1.063730e+02	 1.204296e-01	-1.064344e+02	 1.204206e-01	-5.441487e-02	 1.385573e-05	 2.077346e-07	 1.803714e-05	-1.020098e-05	 1.408975e-05	-4.043064e-07	 6.967191e-07	 1.737801e+00	 5.018109e-03	 2.383100e-03	 9.026443e-07	 9.669510e-08	-8.354972e-02	 8.476868e-04	-1.114837e+02	 2.996860e+01	-8.716390e+01	 2.650374e+01	-5.608441e-02	 7.913211e-04	-4.639105e-04	 1.539841e-03	-6.479905e-04	 6.458060e-04	-6.421130e-05	 5.724533e-05
 1.995262e+00	 3.190008e-03	 1.073151e-05	 1.136937e-07	 3.550411e-10	-7.811364e-02	 2.559166e-05	-2.035609e+02	 1.153981e-01	-2.036194e+02	 1.153888e-01	-5.261620e-02	 2.427767e-05	 2.281185e-06	 1.750144e-05	 2.328174e-05	 2.347526e-05	-4.221386e-07	 7.701540e-07	 1.995262e+00	 5.085673e-03	 2.399749e-03	 6.520650e-08	 9.883927e-08	-7.856233e-02	 8.130879e-04	-2.341536e+02	 2.689981e+01	-1.846078e+02	 2.893926e+01	-5.320357e-02	 7.912689e-04	 1.061147e-03	 1.695967e-03	 6.835440e-04	 6.518193e-04	 1.996855e-05	 5.887831e-05
 2.290868e+00	-2.046597e-03	 1.842927e-05	-2.667625e-07	 3.650813e-10	-6.985068e-02	 2.543415e-05	-2.680954e+02	 1.130481e-01	-2.681513e+02	 1.130385e-01	-4.927394e-02	 2.396274e-05	 6.020360e-07	 1.753338e-05	 2.025447e-05	 2.279453e-05	-4.250272e-07	 8.508293e-07	 2.290868e+00	-2.934742e-03	 2.430654e-03	-2.064517e-07	 8.070389e-08	-6.952690e-02	 9.129686e-04	-2.943927e+02	 3.120196e+01	-2.368597e+02	 2.693622e+01	-4.967528e-02	 9.217830e-04	-2.594485e-04	 1.728160e-03	 1.163514e-04	 6.625493e-04	-7.653566e-06	 6.090065e-05
 2.630268e+00	-4.310193e-03	 1.891240e-05	-4.117547e-07	 3.742421e-10	-6.037918e-02	 2.487699e-05	-3.005885e+02	 1.956874e-01	-3.006420e+02	 1.956693e-01	-4.472902e-02	 2.346670e-05	 3.830787e-07	 1.762043e-05	 1.705341e-05	 2.196436e-05	-4.065751e-07	 9.393081e-07	 2.630268e+00	-8.274190e-03	 2.429973e-03	-4.523304e-07	 7.741950e-08	-6.122675e-02	 8.807163e-04	-2.977291e+02	 2.717092e+01	-2.339594e+02	 2.966619e+01	-4.413803e-02	 8.226599e-04	-2.777886e-03	 1.776718e-03	 1.821159e-03	 7.349557e-04	 8.210442e-06	 6.252560e-05
 3.019952e+00	-3.792007e-03	 1.950824e-05	-3.559858e-07	 3.825584e-10	-5.017453e-02	 2.431912e-05	-3.026728e+02	 2.006206e-01	-3.027245e+02	 2.006015e-01	-3.933417e-02	 2.295542e-05	 2.239144e-06	 1.758256e-05	 1.293382e-05	 2.127167e-05	-3.719575e-07	 1.035314e-06	 3.019952e+00	-3.817478e-03	 2.626908e-03	-3.066619e-07	 7.388967e-08	-5.085329e-02	 8.413795e-04	-3.083721e+02	 2.722638e+01	-3.072257e+02	 2.721370e+01	-4.069526e-02	 8.395945e-04	-1.963265e-03	 1.717445e-03	-1.589389e-03	 9.266996e-04	-2.020333e-05	 6.410946e-05
 3.467369e+00	-7.290849e-04	 1.974633e-05	-1.392446e-07	 3.989837e-10	-3.965500e-02	 1.330117e-05	-2.759981e+02	 2.069653e-01	-2.760486e+02	 2.069455e-01	-3.342540e-02	 2.265060e-05	 5.585559e-06	 1.767764e-05	 7.748572e-06	 2.093310e-05	-3.816055e-07	 1.136943e-06	 3.467369e+00	-6.941810e-04	 2.552329e-03	-1.441413e-07	 7.062505e-08	-3.930143e-02	 8.597033e-04	-2.728821e+02	 2.708628e+01	-2.838865e+02	 2.718186e+01	-3.336052e-02	 8.631431e-04	 1.812877e-03	 1.871004e-03	 3.244864e-04	 8.530831e-04	 6.025654e-05	 6.545410e-05
 3.981072e+00	 4.574391e-03	 1.105036e-05	 1.982160e-07	 4.108851e-10	-2.927791e-02	 1.279736e-05	-2.228517e+02	 2.109661e-01	-2.229017e+02	 2.109470e-01	-2.729972e-02	 1.188791e-05	 6.281205e-06	 1.780217e-05	 4.821635e-06	 2.052861e-05	-4.413963e-07	 1.241235e-06	 3.981072e+00	 5.171388e-03	 2.801713e-03	 9.861792e-08	 7.811125e-08	-2.852419e-02	 8.807618e-04	-2.510583e+02	 2.704430e+01	-2.540289e+02	 2.700136e+01	-2.768851e-02	 8.875200e-04	 1.303919e-03	 1.786938e-03	-1.526401e-03	 8.208926e-04	 1.300664e-05	 6.710816e-05
 4.570882e+00	 1.181678e-02	 1.121078e-05	 6.186202e-07	 4.333755e-10	-1.935434e-02	 1.223089e-05	-1.458550e+02	 2.195443e-01	-1.459053e+02	 2.195240e-01	-2.126026e-02	 1.147990e-05	-4.764561e-06	 1.036904e-05	 6.848548e-06	 2.035745e-05	-5.223014e-07	 1.343845e-06	 4.570882e+00	 1.466071e-02	 2.404765e-03	 5.912964e-07	 6.423424e-08	-2.038159e-02	 9.008104e-04	-1.456047e+02	 2.684638e+01	-1.971894e+02	 2.683601e+01	-1.965725e-02	 9.683940e-04	-8.592552e-04	 1.892620e-03	-1.666408e-03	 7.735029e-04	-9.200734e-05	 6.792993e-05
 5.248075e+00	 2.070455e-02	 2.182240e-05	 1.089366e-06	 3.405889e-10	-1.018030e-02	 1.167304e-05	-4.743919e+01	 1.268104e-01	-4.749075e+01	 1.267999e-01	-1.551222e-02	 1.103167e-05	-4.600243e-06	 1.110788e-05	 3.941030e-06	 1.992456e-05	-6.179482e-07	 1.443825e-06	 5.248075e+00	 1.513381e-02	 2.645638e-03	 1.083161e-06	 6.347709e-08	-1.001108e-02	 9.226257e-04	-5.802785e+01	 2.654819e+01	-5.050930e+01	 2.661463e+01	-1.604460e-02	 9.313167e-04	 1.565186e-03	 1.825564e-03	 7.612835e-04	 7.988669e-04	-1.055536e-04	 6.907422e-05
 6.025596e+00	 3.091780e-02	 2.263035e-05	 1.583206e-06	 3.574825e-10	-1.895706e-03	 1.123817e-05	 6.884483e+01	 1.315489e-01	 6.879106e+01	 1.315385e-01	-1.025717e-02	 1.051417e-05	-8.130750e-06	 1.107326e-05	-1.355847e-05	 1.057675e-05	 1.566365e-06	 1.222706e-06	 6.025596e+00	 3.129015e-02	 2.592530e-03	 1.571752e-06	 6.223683e-08	-2.216077e-03	 9.391639e-04	 7.421476e+01	 2.629575e+01	 1.337469e+02	 2.967878e+01	-1.086640e-02	 1.001724e-03	-1.781256e-03	 2.052228e-03	 6.447032e-04	 9.088866e-04	 1.058467e-05	 6.993872e-05
 6.918310e+00	 4.219074e-02	 2.385112e-05	 2.079714e-06	 3.770437e-10	 5.337966e-03	 1.089807e-05	 2.004529e+02	 1.364936e-01	 2.003960e+02	 1.364825e-01	-5.554253e-03	 1.012549e-05	-1.070207e-05	 1.146063e-05	-6.208726e-06	 1.023319e-05	 1.585806e-06	 1.272339e-06	 6.918310e+00	 4.281553e-02	 2.597000e-03	 2.210979e-06	 6.097546e-08	 6.596886e-03	 1.050589e-03	 1.649781e+02	 2.595204e+01	 1.836099e+02	 2.593716e+01	-7.102591e-03	 9.684733e-04	-1.925648e-03	 1.920184e-03	-2.837367e-04	 9.389645e-04	 1.042588e-05	 6.995194e-05
 7.943282e+00	 5.428056e-02	 2.478891e-05	 2.563907e-06	 3.985591e-10	 1.145817e-02	 1.065721e-05	 3.445978e+02	 1.432652e-01	 3.445368e+02	 1.432538e-01	-1.515773e-03	 9.852124e-06	-1.231017e-05	 1.194798e-05	-4.550061e-06	 1.012064e-05	 1.576232e-06	 1.310123e-06	 7.943282e+00	 5.278328e-02	 2.576942e-03	 2.506089e-06	 5.600714e-08	 1.104391e-02	 9.654188e-04	 3.431550e+02	 3.178240e+01	 3.397001e+02	 2.714766e+01	 4.698015e-04	 9.775029e-04	-1.785789e-03	 2.017207e-03	 1.489844e-04	 8.676659e-04	 3.970729e-05	 7.029721e-05
 9.120108e+00	 6.696523e-02	 2.605641e-05	 3.025791e-06	 4.211415e-10	 1.644286e-02	 1.044956e-05	 4.986986e+02	 1.501577e-01	 4.986327e+02	 1.501453e-01	 1.856461e-03	 9.899092e-06	-1.122498e-05	 1.246890e-05	 2.079742e-05	 9.900828e-06	-9.480852e-07	 1.356060e-06	 9.120108e+00	 6.576064e-02	 2.363675e-03	 3.208834e-06	 5.790137e-08	 1.660507e-02	 9.745840e-04	 4.913452e+02	 2.523544e+01	 4.701739e+02	 2.676016e+01	 2.192768e-03	 1.247951e-03	 2.204327e-03	 1.857432e-03	-1.291944e-03	 9.237098e-04	 1.209334e-04	 7.024467e-05
 1.047129e+01	 8.004772e-02	 2.773569e-05	 3.458575e-06	 4.874131e-10	 2.035102e-02	 1.021304e-05	 6.602414e+02	 1.583064e-01	 6.601698e+02	 1.582939e-01	 4.524224e-03	 9.360049e-06	 2.085532e-05	 2.470249e-05	 1.994928e-05	 9.731729e-06	-8.739285e-07	 1.375402e-06	 1.047129e+01	 8.047250e-02	 2.245288e-03	 3.512502e-06	 5.490191e-08	 1.858417e-02	 1.041104e-03	 6.561766e+02	 2.884235e+01	 6.775585e+02	 2.698306e+01	 4.330453e-03	 1.032412e-03	 3.689376e-04	 1.856464e-03	-1.407227e-03	 8.900454e-04	-9.259960e-06	 6.905404e-05
 1.202264e+01	 9.337574e-02	 2.869713e-05	 3.862509e-06	 4.764370e-10	 2.319798e-02	 9.814588e-06	 8.265312e+02	 3.172829e-01	 8.264532e+02	 3.172495e-01	 6.517771e-03	 9.193548e-06	 2.182723e-05	 2.627138e-05	 1.764718e-05	 9.498926e-06	-8.323090e-07	 1.383815e-06	 1.202264e+01	 9.349799e-02	 2.218098e-03	 3.818275e-06	 5.482367e-08	 2.485501e-02	 1.082838e-03	 8.118608e+02	 2.460729e+01	 8.391866e+02	 2.552043e+01	 5.704113e-03	 9.867421e-04	-1.100878e-03	 2.050671e-03	 5.915487e-04	 8.926845e-04	 6.535504e-05	 6.808963e-05
 1.380384e+01	 1.067918e-01	 3.007053e-05	 4.232922e-06	 5.038654e-10	 2.509739e-02	 9.706965e-06	 9.962797e+02	 3.302317e-01	 9.961948e+02	 3.301994e-01	 7.896907e-03	 8.827416e-06	 2.103567e-05	 2.752724e-05	-7.452882e-06	 9.633057e-06	-7.975611e-07	 1.383862e-06	 1.380384e+01	 1.071794e-01	 2.586396e-03	 4.128377e-06	 5.525742e-08	 2.497795e-02	 1.081488e-03	 9.690431e+02	 2.440219e+01	 9.712014e+02	 2.621829e+01	 6.222032e-03	 1.088261e-03	 1.012776e-03	 1.842512e-03	-8.018515e-05	 8.934549e-04	 7.366247e-05	 6.724201e-05
 1.584893e+01	 1.201842e-01	 3.162915e-05	 4.571990e-06	 5.333342e-10	 2.612232e-02	 9.580617e-06	 1.167035e+03	 3.566982e-01	 1.166943e+03	 3.566654e-01	 8.722376e-03	 8.772772e-06	 2.432907e-05	 1.535039e-05	-4.967352e-06	 9.515324e-06	-7.570029e-07	 1.375755e-06	 1.584893e+01	 1.206759e-01	 2.180120e-03	 4.583313e-06	 5.808839e-08	 2.529585e-02	 9.640230e-04	 1.162738e+03	 2.592920e+01	 1.203842e+03	 2.415503e+01	 8.423107e-03	 1.035740e-03	 5.363403e-04	 1.832851e-03	 1.826835e-04	 9.499924e-04	 1.365285e-05	 6.591852e-05
 1.819701e+01	 1.334383e-01	 3.408245e-05	 4.881202e-06	 5.635670e-10	 2.646873e-02	 9.689268e-06	 1.337593e+03	 3.747292e-01	 1.337493e+03	 3.746922e-01	 9.062981e-03	 8.626089e-06	 2.421025e-05	 1.607299e-05	-3.389679e-06	 9.398073e-06	-7.026835e-07	 1.361645e-06	 1.819701e+01	 1.338624e-01	 2.167493e-03	 4.811801e-06	 5.963280e-08	 2.563947e-02	 1.034251e-03	 1.340072e+03	 2.401093e+01	 1.302325e+03	 2.578682e+01	 9.113883e-03	 9.878866e-04	 2.121314e-03	 1.878820e-03	-3.838682e-04	 9.495229e-04	 6.143810e-05	 6.392226e-05
 2.089296e+01	 1.464829e-01	 3.545536e-05	 5.160990e-06	 9.041832e-10	 2.617637e-02	 9.525578e-06	 1.506268e+03	 3.985758e-01	 1.506160e+03	 3.985368e-01	 8.988408e-03	 8.625038e-06	-1.325907e-05	 1.659743e-05	 1.009129e-05	 8.950202e-06	-6.370820e-07	 1.339022e-06	 2.089296e+01	 1.465943e-01	 2.159926e-03	 5.122611e-06	 6.059342e-08	 2.576572e-02	 9.331486e-04	 1.543983e+03	 2.389736e+01	 1.541216e+03	 2.387702e+01	 8.748015e-03	 9.413950e-04	 4.397449e-04	 1.823390e-03	-1.202156e-03	 8.646106e-04	 1.985398e-05	 6.074715e-05
 2.398833e+01	 1.592369e-01	 3.739242e-05	 5.416593e-06	 9.724432e-10	 2.536400e-02	 1.964895e-05	 1.671950e+03	 4.183284e-01	 1.671834e+03	 4.182868e-01	 8.594773e-03	 8.668488e-06	-1.221987e-05	 1.714317e-05	 9.100193e-06	 8.812750e-06	-5.768276e-07	 1.307140e-06	 2.398833e+01	 1.597538e-01	 2.214008e-03	 5.309245e-06	 7.017333e-08	 2.463051e-02	 9.465553e-04	 1.647420e+03	 2.519099e+01	 1.668098e+03	 2.387343e+01	 8.102851e-03	 9.718820e-04	-4.371121e-04	 1.909029e-03	-6.990707e-05	 8.803678e-04	 4.234412e-05	 5.931022e-05
 2.754229e+01	 1.716458e-01	 3.946805e-05	 5.648897e-06	 9.976671e-10	 2.418056e-02	 9.252094e-06	 1.833684e+03	 4.397154e-01	 1.833560e+03	 4.396727e-01	 7.928440e-03	 8.503805e-06	-1.000774e-05	 1.787553e-05	 7.877937e-06	 8.685548e-06	-5.515938e-07	 1.270881e-06	 2.754229e+01	 1.679042e-01	 2.304255e-03	 5.646364e-06	 6.210503e-08	 2.475117e-02	 8.842956e-04	 1.854254e+03	 2.541042e+01	 1.870386e+03	 2.383040e+01	 7.309988e-03	 9.418240e-04	 5.027909e-04	 1.896233e-03	-3.189379e-04	 8.854008e-04	-1.470155e-04	 5.559240e-05
 3.162278e+01	 1.836586e-01	 4.191168e-05	 5.860028e-06	 1.044534e-09	 2.267045e-02	 8.801697e-06	 1.990516e+03	 4.652760e-01	 1.990383e+03	 4.652332e-01	 7.054696e-03	 2.018381e-05	-8.167412e-06	 1.865558e-05	-1.348374e-06	 8.745242e-06	-5.619208e-07	 1.228771e-06	 3.162278e+01	 1.840713e-01	 2.221285e-03	 5.782770e-06	 6.406037e-08	 2.222382e-02	 8.593620e-04	 2.008233e+03	 2.388676e+01	 1.980709e+03	 2.394635e+01	 7.595923e-03	 9.043342e-04	 4.878967e-04	 1.902129e-03	 8.613978e-04	 8.570217e-04	 3.448790e-06	 5.412989e-05
 3.630781e+01	 1.952224e-01	 4.391882e-05	 6.051723e-06	 1.092344e-09	 2.095989e-02	 8.997716e-06	 2.141987e+03	 4.922601e-01	 2.141847e+03	 4.922101e-01	 6.043972e-03	 2.021908e-05	-5.553682e-06	 1.950913e-05	-7.516527e-07	 8.486783e-06	-5.633565e-07	 1.183120e-06	 3.630781e+01	 1.950019e-01	 2.293205e-03	 6.146970e-06	 6.572644e-08	 2.045850e-02	 8.295130e-04	 2.159246e+03	 2.568091e+01	 2.088391e+03	 2.602389e+01	 6.329879e-03	 8.391194e-04	-2.252610e-03	 1.819965e-03	-5.758296e-05	 7.764622e-04	 3.999821e-05	 5.036872e-05
 4.168694e+01	 2.063165e-01	 4.657131e-05	 6.225997e-06	 1.150081e-09	 1.908616e-02	 2.039697e-05	 2.287438e+03	 5.285270e-01	 2.287291e+03	 5.284684e-01	 4.955018e-03	 1.992062e-05	-3.485259e-06	 2.035530e-05	-1.770748e-06	 8.081275e-06	-5.089839e-07	 1.139195e-06	 4.168694e+01	 2.071867e-01	 2.175071e-03	 6.284846e-06	 7.149644e-08	 1.809932e-02	 8.074318e-04	 2.267805e+03	 2.415634e+01	 2.258443e+03	 2.508415e+01	 4.922392e-03	 8.362632e-04	-6.040756e-04	 2.076046e-03	-5.964756e-04	 7.531239e-04	 5.593752e-05	 4.864617e-05
 4.786301e+01	 2.169520e-01	 2.384423e-05	 6.384315e-06	 1.200987e-09	 1.715503e-02	 2.042552e-05	 2.426799e+03	 5.553319e-01	 2.426644e+03	 5.552761e-01	 3.818091e-03	 1.995733e-05	-3.624487e-06	 2.121823e-05	 5.064820e-05	 1.997539e-05	-4.730781e-07	 1.093313e-06	 4.786301e+01	 2.147984e-01	 2.427142e-03	 6.259311e-06	 7.383871e-08	 1.732144e-02	 7.754178e-04	 2.426125e+03	 2.435495e+01	 2.434641e+03	 2.579959e+01	 5.171773e-03	 7.782102e-04	 1.395044e-03	 1.838759e-03	 4.974462e-04	 7.540242e-04	-3.804417e-05	 4.589139e-05
 5.495409e+01	 2.270362e-01	 5.155378e-05	 6.528065e-06	 1.250203e-09	 1.519571e-02	 2.021221e-05	 2.559470e+03	 5.840975e-01	 2.559307e+03	 5.840386e-01	 2.670831e-03	 1.991106e-05	-2.031778e-06	 4.336974e-05	 4.470571e-05	 1.996098e-05	 8.602871e-07	 1.062183e-06	 5.495409e+01	 2.309325e-01	 2.213802e-03	 6.535462e-06	 7.268365e-08	 1.405881e-02	 7.447116e-04	 2.546986e+03	 2.710685e+01	 2.518336e+03	 2.717052e+01	 2.876803e-03	 8.296657e-04	 2.569965e-03	 1.852917e-03	 2.769120e-04	 7.190493e-04	 4.862299e-06	 4.284545e-05
 6.309573e+01	 2.366764e-01	 2.597427e-05	 6.658449e-06	 1.293408e-09	 1.325444e-02	 2.027916e-05	 2.685588e+03	 6.101584e-01	 2.685417e+03	 6.100970e-01	 1.547605e-03	 1.983732e-05	-7.542614e-06	 4.490254e-05	 3.562018e-05	 1.984025e-05	 7.949529e-07	 1.015255e-06	 6.309573e+01	 2.367070e-01	 2.236684e-03	 6.845386e-06	 9.051597e-08	 1.287355e-02	 7.089176e-04	 2.653944e+03	 2.564334e+01	 2.642766e+03	 2.481285e+01	 2.103307e-03	 7.151673e-04	 9.894559e-05	 1.861907e-03	-7.034125e-04	 6.782405e-04	-2.329692e-05	 3.925077e-05
 7.244360e+01	 2.457747e-01	 2.683949e-05	 6.776988e-06	 1.343514e-09	 1.137199e-02	 1.972416e-05	 2.804987e+03	 6.262289e-01	 2.804810e+03	 6.261743e-01	 4.704234e-04	 1.946757e-05	-1.583528e-05	 4.642447e-05	 3.020653e-05	 1.976825e-05	 6.950585e-07	 9.675160e-07	 7.244360e+01	 2.467450e-01	 2.254743e-03	 6.944191e-06	 8.941056e-08	 1.035503e-02	 6.773589e-04	 2.804868e+03	 2.507331e+01	 2.803044e+03	 2.516702e+01	 1.060229e-03	 6.807523e-04	-3.178260e-03	 1.875513e-03	-9.008754e-06	 7.131428e-04	 1.827895e-05	 3.891988e-05
 8.317638e+01	 2.543678e-01	 2.767138e-05	 6.884573e-06	 1.364235e-09	 9.573394e-03	 1.928159e-05	 2.917560e+03	 6.467606e-01	 2.917376e+03	 6.467017e-01	-5.428970e-04	 1.871130e-05	-1.667857e-05	 4.792150e-05	 2.755596e-05	 1.897077e-05	 6.822192e-07	 9.165146e-07	 8.317638e+01	 2.551377e-01	 2.287717e-03	 7.063485e-06	 8.278257e-08	 8.769270e-03	 6.445738e-04	 2.948622e+03	 2.680696e+01	 2.877895e+03	 2.540763e+01	-1.577278e-03	 7.153047e-04	-2.033184e-03	 1.979150e-03	-3.092983e-04	 6.030695e-04	 3.179229e-05	 3.507363e-05
 9.549926e+01	 2.624629e-01	 2.847724e-05	 6.982206e-06	 1.403622e-09	 7.897960e-03	 7.779210e-06	 3.023478e+03	 6.688789e-01	 3.023288e+03	 6.688163e-01	-1.470165e-03	 1.803138e-05	-1.966578e-05	 4.952902e-05	 2.739918e-05	 1.836129e-05	 7.554777e-07	 8.695543e-07	 9.549926e+01	 2.620468e-01	 2.318992e-03	 6.984482e-06	 8.721485e-08	 7.231107e-03	 6.589774e-04	 3.062630e+03	 2.567248e+01	 3.022040e+03	 2.586630e+01	-1.258155e-03	 6.174498e-04	-2.478363e-04	 1.914114e-03	 1.540500e-03	 5.889002e-04	-1.952289e-05	 3.222203e-05
 1.096478e+02	 2.700734e-01	 2.923060e-05	 7.070506e-06	 1.436691e-09	 6.323576e-03	 7.564194e-06	 3.122932e+03	 6.904191e-01	 3.122736e+03	 6.903542e-01	-2.312113e-03	 1.750653e-05	-1.730708e-05	 5.082759e-05	 1.302596e-06	 7.334456e-06	-4.342513e-07	 8.069664e-07	 1.096478e+02	 2.657309e-01	 2.362022e-03	 7.138169e-06	 1.004776e-07	 6.191226e-03	 6.391967e-04	 3.152472e+03	 2.822517e+01	 3.163262e+03	 2.717770e+01	-2.535408e-03	 5.852397e-04	 1.349915e-03	 1.984017e-03	-2.133406e-04	 5.431101e-04	-2.153827e-05	 2.892774e-05
 1.258925e+02	 2.772079e-01	 2.991050e-05	 7.150493e-06	 1.478749e-09	 4.864386e-03	 1.783689e-05	 3.216034e+03	 7.152649e-01	 3.215832e+03	 7.151956e-01	-3.066563e-03	 1.710279e-05	-2.152919e-05	 5.190006e-05	 2.566514e-05	 1.741036e-05	-4.952065e-07	 7.566364e-07	 1.258925e+02	 2.789105e-01	 2.551108e-03	 7.248987e-06	 8.935844e-08	 5.270910e-03	 5.478011e-04	 3.271381e+03	 2.812792e+01	 3.205393e+03	 2.664310e+01	-3.582803e-03	 5.939725e-04	-2.460787e-03	 2.035251e-03	 9.735083e-04	 5.142946e-04	 2.162310e-05	 2.802780e-05
 1.445440e+02	 2.838831e-01	 3.061859e-05	 7.221645e-06	 1.544475e-09	 3.548044e-03	 1.755497e-05	 3.303043e+03	 7.376459e-01	 3.302836e+03	 7.375733e-01	-3.730771e-03	 1.675150e-05	-1.576692e-05	 5.329487e-05	 2.251392e-05	 1.696086e-05	 5.593433e-07	 7.257749e-07	 1.445440e+02	 2.844574e-01	 2.439393e-03	 7.443267e-06	 9.407679e-08	 4.272988e-03	 5.612168e-04	 3.272220e+03	 2.819739e+01	 3.259183e+03	 2.714756e+01	-3.682625e-03	 6.366270e-04	 8.845168e-04	 2.049789e-03	-2.691072e-04	 5.001613e-04	 1.245002e-05	 2.832647e-05
 1.659587e+02	 2.901176e-01	 3.133524e-05	 7.286932e-06	 1.596488e-09	 2.375875e-03	 6.799942e-06	 3.384114e+03	 7.677434e-01	 3.383902e+03	 7.676666e-01	-4.297276e-03	 1.648665e-05	-1.894645e-05	 5.464864e-05	 2.318128e-05	 1.698112e-05	 4.562154e-07	 6.859250e-07	 1.659587e+02	 2.903751e-01	 2.620266e-03	 7.313804e-06	 9.472949e-08	 2.014833e-03	 4.917780e-04	 3.412410e+03	 2.880962e+01	 3.352592e+03	 2.752738e+01	-4.064616e-03	 4.943776e-04	 2.433935e-03	 2.160542e-03	 6.157258e-05	 4.814524e-04	-6.403874e-06	 2.454923e-05
 1.905461e+02	 2.959798e-01	 6.969087e-05	 7.345089e-06	 1.614520e-09	 1.320538e-03	 6.515402e-06	 3.459967e+03	 3.855060e-01	 3.459750e+03	 3.854735e-01	-4.771580e-03	 5.826159e-06	-1.933755e-05	 5.599331e-05	 1.572938e-05	 1.601461e-05	 5.157588e-07	 6.394322e-07	 1.905461e+02	 2.937094e-01	 2.604530e-03	 7.334748e-06	 9.329042e-08	 5.845074e-04	 4.607660e-04	 3.486071e+03	 2.913743e+01	 3.456402e+03	 2.799604e+01	-3.926309e-03	 4.666111e-04	 3.300838e-03	 2.045495e-03	-3.087377e-04	 4.287480e-04	 6.038754e-05	 2.074859e-05
 2.187762e+02	 3.013913e-01	 7.336096e-05	 7.397350e-06	 1.672819e-09	 3.923013e-04	 6.217720e-06	 3.530201e+03	 3.954709e-01	 3.529980e+03	 3.954366e-01	-5.160405e-03	 5.654927e-06	 1.471375e-05	 2.880875e-05	-1.416169e-06	 5.779364e-06	 5.228983e-07	 5.981202e-07	 2.187762e+02	 3.052002e-01	 2.736359e-03	 7.386586e-06	 1.032528e-07	 5.494754e-04	 4.746576e-04	 3.480970e+03	 2.861385e+01	 3.563472e+03	 3.047119e+01	-5.491444e-03	 4.384378e-04	-9.538487e-04	 2.141078e-03	-5.569245e-04	 4.191404e-04	 3.249369e-05	 1.990778e-05
 2.511886e+02	 3.063990e-01	 7.765614e-05	 7.444499e-06	 1.849804e-09	-4.163610e-04	 6.017863e-06	 3.595338e+03	 4.049756e-01	 3.595113e+03	 4.049412e-01	-5.461125e-03	 5.262309e-06	 1.728183e-05	 2.926195e-05	-1.120591e-06	 5.549535e-06	 5.359786e-07	 5.590706e-07	 2.511886e+02	 3.072535e-01	 2.705350e-03	 7.589340e-06	 1.044055e-07	-3.293772e-04	 4.318049e-04	 3.638347e+03	 3.080994e+01	 3.638600e+03	 2.926938e+01	-5.860699e-03	 4.098964e-04	 3.171652e-03	 2.102036e-03	-3.975670e-04	 3.786296e-04	-3.183117e-05	 1.832448e-05
 2.884032e+02	 3.110601e-01	 8.265230e-05	 7.486177e-06	 1.943209e-09	-1.110701e-03	 5.745703e-06	 3.655652e+03	 4.147860e-01	 3.655423e+03	 4.147507e-01	-5.691388e-03	 5.025895e-06	 2.042329e-05	 2.965614e-05	-9.954442e-07	 5.330824e-06	 5.259995e-07	 5.201194e-07	 2.884032e+02	 3.123026e-01	 2.844314e-03	 7.316148e-06	 1.122589e-07	-1.492688e-03	 3.813017e-04	 3.658084e+03	 2.962927e+01	 3.627330e+03	 3.160612e+01	-5.990876e-03	 3.841024e-04	 2.376426e-03	 2.129203e-03	-1.117911e-04	 3.548104e-04	-3.551218e-06	 1.714217e-05
 3.311311e+02	 3.153688e-01	 8.841667e-05	 7.524649e-06	 2.144104e-09	-1.698941e-03	 5.488462e-06	 3.711416e+03	 4.254775e-01	 3.711183e+03	 4.254423e-01	-5.853478e-03	 4.825476e-06	 2.201143e-05	 3.000903e-05	 2.982177e-06	 5.462334e-06	 5.008610e-07	 4.875811e-07	 3.311311e+02	 3.180185e-01	 2.718487e-03	 7.474096e-06	 1.110407e-07	-2.106130e-03	 3.795841e-04	 3.708580e+03	 3.016694e+01	 3.692865e+03	 3.317803e+01	-6.007851e-03	 3.880291e-04	 2.354400e-03	 2.290195e-03	 4.810763e-04	 3.316418e-04	 1.388987e-05	 1.513377e-05
 3.801894e+02	 3.193344e-01	 3.638997e-05	 7.559782e-06	 2.320932e-09	-2.190612e-03	 5.266213e-06	 3.762897e+03	 4.351677e-01	 3.762661e+03	 4.351295e-01	-5.952132e-03	 4.624883e-06	 2.132628e-05	 3.042817e-05	 3.377016e-06	 5.230424e-06	 5.445067e-07	 4.566563e-07	 3.801894e+02	 3.188046e-01	 2.902688e-03	 7.698315e-06	 1.043075e-07	-2.849272e-03	 3.558208e-04	 3.798137e+03	 3.357038e+01	 3.771794e+03	 3.209523e+01	-6.202632e-03	 3.544207e-04	 1.111570e-03	 2.196806e-03	 2.223744e-04	 3.256489e-04	-3.868556e-06	 1.310877e-05
 4.365158e+02	 3.230209e-01	 3.743824e-05	 7.589331e-06	 2.165668e-09	-2.593359e-03	 5.028263e-06	 3.808939e+03	 1.136790e+00	 3.808700e+03	 1.136665e+00	-5.994197e-03	 4.420724e-06	 2.033507e-05	 3.091725e-05	 3.292509e-06	 5.005841e-06	 4.838812e-07	 4.228714e-07	 4.365158e+02	 3.238949e-01	 2.935937e-03	 7.491717e-06	 1.054087e-07	-2.603993e-03	 3.295268e-04	 3.770488e+03	 3.148918e+01	 3.788919e+03	 3.178537e+01	-6.200121e-03	 3.143344e-04	-2.731828e-03	 2.231894e-03	 4.414011e-04	 2.900362e-04	 1.698100e-05	 1.266320e-05
 5.011872e+02	 3.264267e-01	 3.816928e-05	 7.615724e-06	 2.019054e-09	-2.915859e-03	 4.777837e-06	 3.851962e+03	 1.225158e+00	 3.851720e+03	 1.225043e+00	-5.987372e-03	 4.518244e-06	 2.167393e-05	 3.113804e-05	 3.553202e-06	 4.770096e-06	 4.748160e-07	 3.944818e-07	 5.011872e+02	 3.264997e-01	 2.901098e-03	 7.687026e-06	 1.183359e-07	-3.266708e-03	 2.915398e-04	 3.803903e+03	 3.212787e+01	 3.868517e+03	 3.498247e+01	-5.487578e-03	 3.119093e-04	 3.021229e-03	 2.273628e-03	-5.376271e-04	 2.925805e-04	 1.473115e-05	 1.087088e-05
 5.754399e+02	 3.296224e-01	 3.472737e-05	 7.642088e-06	 2.154452e-09	-3.166006e-03	 4.542044e-06	 3.892115e+03	 1.290599e+00	 3.891870e+03	 1.290466e+00	-5.936354e-03	 4.326922e-06	 2.188052e-05	 3.152468e-05	 3.983490e-06	 4.529560e-06	 5.322702e-07	 3.653524e-07	 5.754399e+02	 3.318278e-01	 2.956260e-03	 7.568394e-06	 1.192658e-07	-3.166256e-03	 2.864731e-04	 3.885763e+03	 3.719522e+01	 3.897012e+03	 3.301613e+01	-5.829284e-03	 2.913687e-04	 1.109296e-05	 2.308418e-03	 3.107326e-05	 2.511264e-04	 2.309911e-05	 9.810518e-06
 6.606934e+02	 3.325028e-01	 3.508355e-05	 7.666143e-06	 2.607261e-09	-3.352169e-03	 4.347094e-06	 3.928593e+03	 1.379918e+00	 3.928347e+03	 1.379771e+00	-5.847123e-03	 4.139717e-06	-7.170479e-05	 3.229376e-05	 4.216622e-06	 4.307322e-06	 3.791991e-07	 3.405155e-07	 6.606934e+02	 3.337550e-01	 3.003457e-03	 7.733196e-06	 1.237515e-07	-3.263494e-03	 2.634658e-04	 3.950847e+03	 3.497127e+01	 3.929307e+03	 4.152741e+01	-6.008001e-03	 2.535944e-04	 1.830903e-03	 2.594505e-03	-1.471030e-04	 2.476245e-04	 3.199456e-06	 1.005921e-05
 7.585776e+02	 3.351770e-01	 3.586586e-05	 7.686907e-06	 2.883503e-09	-3.480698e-03	 4.118823e-06	 3.965792e+03	 4.269190e-01	 3.965542e+03	 4.268852e-01	-5.726517e-03	 3.905549e-06	-1.326235e-05	 9.461941e-05	 3.919761e-06	 4.103671e-06	 1.447605e-06	 1.258024e-06	 7.585776e+02	 3.353611e-01	 3.269081e-03	 7.615189e-06	 1.167880e-07	-3.183157e-03	 2.436447e-04	 3.977957e+03	 3.637036e+01	 3.957560e+03	 3.672376e+01	-5.513365e-03	 2.505511e-04	 7.134637e-04	 2.504398e-03	 8.896679e-05	 2.175192e-04	 7.655748e-06	 9.348702e-06
 8.709636e+02	 3.375846e-01	 3.602508e-05	 7.704152e-06	 2.891960e-09	-3.565338e-03	 1.316500e-05	 3.996900e+03	 4.339145e-01	 3.996648e+03	 4.338787e-01	-5.579244e-03	 3.704953e-06	-2.315287e-05	 1.002218e-04	 2.646979e-06	 3.646560e-06	 1.508660e-06	 1.282860e-06	 8.709636e+02	 3.324944e-01	 3.534964e-03	 7.599415e-06	 1.256804e-07	-3.489352e-03	 2.175135e-04	 4.003922e+03	 3.784882e+01	 4.006881e+03	 3.696493e+01	-5.427212e-03	 2.301838e-04	 2.841513e-03	 2.544634e-03	-2.481703e-04	 2.124306e-04	 4.644688e-06	 7.292760e-06
 1.000000e+03	 3.398425e-01	 3.657365e-05	 7.719757e-06	 3.354183e-09	-3.599297e-03	 1.280545e-05	 4.025375e+03	 4.397836e-01	 4.025121e+03	 4.397489e-01	-5.410309e-03	 3.524762e-06	-3.346792e-05	 1.080992e-04	 2.692955e-06	 3.456558e-06	 1.576451e-06	 1.237679e-06	 1.000000e+03	 3.347628e-01	 3.433359e-03	 7.869843e-06	 1.196870e-07	-3.528614e-03	 2.148222e-04	 4.002663e+03	 4.254394e+01	 4.023816e+03	 3.644927e+01	-5.825121e-03	 2.024269e-04	 1.424529e-03	 2.466368e-03	-3.617120e-05	 1.873292e-04	 2.082180e-07	 7.612003e-06
