 1.000000e-03	-6.339958e-06	 1.343025e-10	-9.605148e-10	 4.646636e-14	-6.782771e-06	 1.431302e-10	-1.206645e-04	 2.555607e-09	-1.143335e-04	 2.421639e-09	-6.330321e-06	 1.339545e-10	 2.844785e-12	 7.322323e-12	-3.084573e-12	 7.780296e-12	 1.359073e-16	 3.825250e-16	 1.000000e-03	-6.339678e-06	 7.526644e-09	-9.611602e-10	 7.700666e-13	-6.775666e-06	 7.282409e-09	-1.206592e-04	 1.432462e-07	-1.143286e-04	 1.357290e-07	-6.776295e-06	 7.283298e-09	 2.814988e-11	 3.264277e-10	 3.586560e-10	 3.070786e-10	-2.307585e-14	 4.866191e-14
 1.148154e-03	-7.645727e-06	 1.621196e-10	-1.330877e-09	 6.461835e-14	-8.188868e-06	 1.728759e-10	-1.454963e-04	 3.084390e-09	-1.378630e-04	 2.922737e-09	-7.632373e-06	 1.616343e-10	 3.678998e-12	 9.482009e-12	-3.970684e-12	 1.008448e-11	 2.023878e-16	 5.790987e-16	 1.148154e-03	-7.638013e-06	 1.130406e-08	-1.330415e-09	 1.184693e-12	-8.196450e-06	 6.640492e-09	-1.454084e-04	 1.275991e-07	-1.378251e-04	 1.124298e-07	-8.200654e-06	 9.333794e-09	-2.421463e-10	 3.917674e-10	-4.836874e-11	 3.983834e-10	 3.137120e-14	 7.369895e-14
 1.318257e-03	-9.216681e-06	 1.956142e-10	-1.843267e-09	 8.986639e-14	-9.882623e-06	 2.087342e-10	-1.753633e-04	 3.720937e-09	-1.661638e-04	 3.525967e-09	-9.198182e-06	 1.949443e-10	 4.768017e-12	 1.227436e-11	-5.113141e-12	 1.306693e-11	 3.009520e-16	 8.767192e-16	 1.318257e-03	-9.212525e-06	 8.260924e-09	-1.842005e-09	 2.157715e-12	-9.897212e-06	 7.698103e-09	-1.752780e-04	 1.422360e-07	-1.663118e-04	 1.338165e-07	-9.885796e-06	 8.244704e-09	 1.052802e-09	 4.860579e-10	 7.425459e-10	 7.055889e-10	-1.062898e-13	 1.115818e-13
 1.513561e-03	-1.110571e-05	 2.359255e-10	-2.551794e-09	 1.249524e-13	-1.192186e-05	 2.519411e-10	-2.112669e-04	 4.486685e-09	-2.001849e-04	 4.251657e-09	-1.108010e-05	 2.349913e-10	 6.180187e-12	 1.588366e-11	-6.592434e-12	 1.692580e-11	 4.468042e-16	 1.327351e-15	 1.513561e-03	-1.110781e-05	 1.014102e-08	-2.550206e-09	 2.078211e-12	-1.191430e-05	 9.433368e-09	-2.113063e-04	 1.929218e-07	-2.002728e-04	 1.975916e-07	-1.193522e-05	 1.176055e-08	-5.821425e-10	 6.309266e-10	 7.367690e-10	 6.704160e-10	-5.048164e-14	 1.686860e-13
 1.737801e-03	-1.337601e-05	 2.844603e-10	-3.531009e-09	 1.735212e-13	-1.437576e-05	 3.039759e-10	-2.544019e-04	 5.408242e-09	-2.410588e-04	 5.125032e-09	-1.334056e-05	 2.831595e-10	 8.008185e-12	 2.054694e-11	-8.494970e-12	 2.191690e-11	 6.621770e-16	 2.009698e-15	 1.737801e-03	-1.336288e-05	 1.114121e-08	-3.526937e-09	 2.913166e-12	-1.435867e-05	 1.167843e-08	-2.543168e-04	 2.164986e-07	-2.408981e-04	 2.012181e-07	-1.436437e-05	 1.307973e-08	-3.340937e-10	 8.507688e-10	 5.686056e-10	 9.101584e-10	 2.711471e-13	 2.555883e-13
 1.995262e-03	-1.610299e-05	 3.428651e-10	-4.883554e-09	 2.405778e-13	-1.732697e-05	 3.666223e-10	-3.061934e-04	 6.516638e-09	-2.901358e-04	 6.175511e-09	-1.605395e-05	 3.410559e-10	 1.038171e-11	 2.656805e-11	-1.098805e-11	 2.836805e-11	 9.790497e-16	 3.042973e-15	 1.995262e-03	-1.611890e-05	 1.507597e-08	-4.888600e-09	 4.483258e-12	-1.731888e-05	 1.402559e-08	-3.064978e-04	 2.867158e-07	-2.900066e-04	 2.418939e-07	-1.732258e-05	 1.402811e-08	 7.577389e-11	 1.047036e-09	 6.468462e-10	 1.127572e-09	 1.281216e-13	 3.868256e-13
 2.290868e-03	-1.937661e-05	 4.131147e-10	-6.750625e-09	 3.334884e-13	-2.087418e-05	 4.419139e-10	-3.683384e-04	 7.849030e-09	-3.490243e-04	 7.438332e-09	-1.930880e-05	 4.105999e-10	 1.349014e-11	 3.433940e-11	-1.422986e-11	 3.670371e-11	 1.437964e-15	 4.607785e-15	 2.290868e-03	-1.939766e-05	 1.680189e-08	-6.755207e-09	 5.585524e-12	-2.089284e-05	 1.697310e-08	-3.687003e-04	 3.166571e-07	-3.493768e-04	 2.931120e-07	-2.087084e-05	 1.696550e-08	 2.224300e-09	 1.735836e-09	-3.908211e-10	 2.004522e-09	-4.065941e-13	 5.828914e-13
 2.630268e-03	-2.330386e-05	 5.985777e-10	-9.326277e-09	 4.621761e-13	-2.513504e-05	 5.323949e-10	-4.428523e-04	 1.136635e-08	-4.196348e-04	 1.077189e-08	-2.321016e-05	 5.943200e-10	 1.753872e-11	 4.436528e-11	-1.842427e-11	 4.746959e-11	 2.104014e-15	 6.977722e-15	 2.630268e-03	-2.329899e-05	 2.014223e-08	-9.333497e-09	 8.145065e-12	-2.513466e-05	 2.071888e-08	-4.430344e-04	 4.075119e-07	-4.197465e-04	 5.834245e-07	-2.514042e-05	 2.063952e-08	-1.552250e-09	 1.753044e-09	 9.807716e-10	 1.874725e-09	-1.768209e-13	 8.810250e-13
 3.019952e-03	-2.801257e-05	 7.225994e-10	-1.287695e-08	 6.403434e-13	-3.024970e-05	 6.411061e-10	-5.321392e-04	 1.371451e-08	-5.042456e-04	 1.299765e-08	-2.788314e-05	 7.166633e-10	 2.287985e-11	 5.729499e-11	-2.386754e-11	 6.136664e-11	 3.067336e-15	 1.056735e-14	 3.019952e-03	-2.800130e-05	 2.437907e-08	-1.288654e-08	 1.418916e-11	-3.027688e-05	 2.618606e-08	-5.319781e-04	 4.862643e-07	-5.040937e-04	 4.607949e-07	-3.029652e-05	 3.274827e-08	 2.252985e-09	 2.261256e-09	-2.038218e-09	 2.866502e-09	 5.285703e-13	 1.335656e-12
 3.467369e-03	-3.365418e-05	 8.709112e-10	-1.776809e-08	 8.868909e-13	-3.638482e-05	 7.716168e-10	-6.390415e-04	 1.652192e-08	-6.055511e-04	 1.565869e-08	-3.347553e-05	 8.629388e-10	 2.988986e-11	 7.395739e-11	-3.094239e-11	 7.929480e-11	 4.461082e-15	 1.600476e-14	 3.467369e-03	-3.359357e-05	 2.970617e-08	-1.779572e-08	 2.057581e-11	-3.646055e-05	 3.566430e-08	-6.378914e-04	 5.641662e-07	-6.044180e-04	 5.435394e-07	-3.642543e-05	 3.025127e-08	 4.149299e-09	 2.916471e-09	-4.622936e-09	 3.136131e-09	 3.653659e-13	 2.020872e-12
 3.981072e-03	-4.040870e-05	 1.049503e-09	-2.450033e-08	 1.227838e-12	-4.373835e-05	 9.281771e-10	-7.669297e-04	 1.989668e-08	-7.267464e-04	 1.885793e-08	-4.016225e-05	 1.038350e-09	 3.931543e-11	 9.538439e-11	-4.012020e-11	 1.024057e-10	 6.465433e-15	 2.424187e-14	 3.981072e-03	-4.043031e-05	 3.574107e-08	-2.450560e-08	 2.477236e-11	-4.381089e-05	 6.983585e-08	-7.649512e-04	 9.396216e-07	-7.269276e-04	 6.916556e-07	-4.380781e-05	 5.448561e-08	 1.228124e-09	 3.766406e-09	-1.343419e-09	 4.055445e-09	-1.808590e-13	 3.052204e-12
 4.570882e-03	-4.848957e-05	 1.264400e-09	-3.375865e-08	 1.698987e-12	-5.254463e-05	 1.343595e-09	-9.197896e-04	 2.395246e-08	-8.716099e-04	 2.270306e-08	-4.814981e-05	 1.248842e-09	 5.171071e-11	 1.229534e-10	-5.204572e-11	 1.321834e-10	 9.321132e-15	 3.672178e-14	 4.570882e-03	-4.843385e-05	 4.838451e-08	-3.378058e-08	 2.970121e-11	-5.255813e-05	 4.527008e-08	-9.208562e-04	 8.568876e-07	-8.699527e-04	 8.019169e-07	-5.250107e-05	 4.557741e-08	 2.055494e-09	 4.854892e-09	 4.726835e-11	 5.231645e-09	 8.464687e-13	 4.604655e-12
 5.248075e-03	-5.814954e-05	 1.522781e-09	-4.647897e-08	 2.349666e-12	-6.308212e-05	 1.618480e-09	-1.102326e-03	 2.882202e-08	-1.044603e-03	 2.732010e-08	-5.768148e-05	 1.501140e-09	 6.805606e-11	 1.584011e-10	-6.774582e-11	 1.705290e-10	 1.340463e-14	 5.563224e-14	 5.248075e-03	-5.816253e-05	 5.279707e-08	-4.651800e-08	 4.920311e-11	-6.301647e-05	 5.711577e-08	-1.103230e-03	 1.004431e-06	-1.045058e-03	 1.062990e-06	-6.313438e-05	 5.593948e-08	-2.130379e-09	 6.310997e-09	 4.372165e-10	 7.449314e-09	 3.549483e-12	 6.960670e-12
 6.025596e-03	-6.968747e-05	 1.833322e-09	-6.393815e-08	 3.244484e-12	-7.567869e-05	 1.946104e-09	-1.320084e-03	 3.466449e-08	-1.250981e-03	 3.286022e-08	-6.904315e-05	 1.803199e-09	 8.952771e-11	 2.039483e-10	-8.838853e-11	 2.198535e-10	 1.899446e-14	 8.428685e-14	 6.025596e-03	-6.974065e-05	 6.952936e-08	-6.396630e-08	 5.875120e-11	-7.569660e-05	 6.702440e-08	-1.319914e-03	 1.228817e-06	-1.251709e-03	 1.177481e-06	-7.575287e-05	 6.708447e-08	-3.381551e-09	 1.134674e-08	-7.947528e-09	 8.687306e-09	-9.325194e-13	 1.049906e-11
 6.918310e-03	-8.345617e-05	 2.206528e-09	-8.787515e-08	 4.475941e-12	-9.072119e-05	 2.338577e-09	-1.579579e-03	 4.167141e-08	-1.496924e-03	 3.950542e-08	-8.256994e-05	 2.164534e-09	 1.176655e-10	 2.624320e-10	-1.159028e-10	 2.831703e-10	 2.651648e-14	 1.277091e-13	 6.918310e-03	-8.357827e-05	 7.805700e-08	-8.799309e-08	 7.951079e-11	-9.084809e-05	 8.029695e-08	-1.579592e-03	 1.621561e-06	-1.499978e-03	 1.567054e-06	-9.081161e-05	 9.041375e-08	 1.028147e-08	 1.101055e-08	-2.442262e-08	 1.538048e-08	-2.565554e-12	 1.585669e-11
 7.943282e-03	-9.987147e-05	 2.654573e-09	-1.206540e-07	 6.170148e-12	-1.086645e-04	 2.808309e-09	-1.888455e-03	 5.006471e-08	-1.789682e-03	 4.746692e-08	-9.865356e-05	 2.595804e-09	 1.545214e-10	 3.374581e-10	-1.518421e-10	 3.644588e-10	 3.640712e-14	 1.935086e-13	 7.943282e-03	-9.977693e-05	 1.112111e-07	-1.207001e-07	 1.160581e-10	-1.086319e-04	 9.878072e-08	-1.888328e-03	 1.877065e-06	-1.790938e-03	 1.732909e-06	-1.087504e-04	 9.806330e-08	 7.159102e-09	 1.331918e-08	-1.832548e-08	 1.439958e-08	 1.838738e-11	 2.392381e-11
 9.120108e-03	-1.194225e-04	 3.189343e-09	-1.654818e-07	 8.498803e-12	-1.300422e-04	 3.369668e-09	-2.255654e-03	 6.007679e-08	-2.137734e-03	 5.696318e-08	-1.177503e-04	 3.110505e-09	 2.028457e-10	 4.336271e-10	-1.990303e-10	 4.687166e-10	 4.861283e-14	 2.932338e-13	 9.120108e-03	-1.196552e-04	 1.707714e-07	-1.653029e-07	 1.547913e-10	-1.299072e-04	 1.193567e-07	-2.254893e-03	 2.378938e-06	-2.136823e-03	 2.331105e-06	-1.303103e-04	 1.447036e-07	 2.835873e-08	 1.711834e-08	 1.133852e-09	 1.855194e-08	-6.064889e-11	 3.617681e-11
 1.047129e-02	-1.426835e-04	 3.827396e-09	-2.266997e-07	 1.169681e-11	-1.554781e-04	 4.039477e-09	-2.691603e-03	 7.196918e-08	-2.550972e-03	 6.824661e-08	-1.403900e-04	 3.718301e-09	 2.657287e-10	 5.567909e-10	-2.606571e-10	 6.022944e-10	 6.475112e-14	 4.443792e-13	 1.047129e-02	-1.426967e-04	 1.393885e-07	-2.268176e-07	 2.208905e-10	-1.552640e-04	 1.447412e-07	-2.689062e-03	 2.667896e-06	-2.551150e-03	 2.922038e-06	-1.556826e-04	 2.073725e-07	-4.850511e-09	 2.207489e-08	 2.226444e-08	 3.056977e-08	-2.945113e-11	 5.471139e-11
 1.202264e-02	-1.703272e-04	 4.590574e-09	-3.101686e-07	 1.608526e-11	-1.856991e-04	 4.837195e-09	-3.208423e-03	 8.614763e-08	-3.040897e-03	 8.170169e-08	-1.671849e-04	 4.439899e-09	 3.478684e-10	 7.143635e-10	-3.408605e-10	 7.732472e-10	 8.455432e-14	 6.734707e-13	 1.202264e-02	-1.699896e-04	 2.376970e-07	-3.104584e-07	 2.967313e-10	-1.854560e-04	 1.850249e-07	-3.209671e-03	 3.559657e-06	-3.044994e-03	 3.019985e-06	-1.861258e-04	 1.760054e-07	 5.398830e-09	 2.975345e-08	 3.678064e-08	 3.113943e-08	-3.210524e-11	 8.209151e-11
 1.380384e-02	-2.031396e-04	 5.502164e-09	-4.237793e-07	 2.210323e-11	-2.215492e-04	 5.784609e-09	-3.820157e-03	 1.030138e-07	-3.620834e-03	 9.771109e-08	-1.988394e-04	 5.294828e-09	 4.494578e-10	 9.150780e-10	-4.447941e-10	 9.917308e-10	 1.046923e-13	 1.020685e-12	 1.380384e-02	-2.035217e-04	 2.552142e-07	-4.235412e-07	 4.491196e-10	-2.214352e-04	 2.149246e-07	-3.817234e-03	 3.967665e-06	-3.618298e-03	 3.692489e-06	-2.219101e-04	 2.400132e-07	-2.002138e-08	 3.628797e-08	 1.293497e-08	 5.310055e-08	-4.255561e-11	 1.239152e-10
 1.584893e-02	-2.420368e-04	 6.592100e-09	-5.781214e-07	 3.032314e-11	-2.640039e-04	 6.909488e-09	-4.543002e-03	 1.230865e-07	-4.306156e-03	 1.167702e-07	-2.361597e-04	 6.305329e-09	 5.799653e-10	 1.171051e-09	-5.795696e-10	 1.270569e-09	 1.184595e-13	 1.546873e-12	 1.584893e-02	-2.415039e-04	 2.541311e-07	-5.768087e-07	 5.788276e-10	-2.639375e-04	 2.551785e-07	-4.541671e-03	 5.296649e-06	-4.306555e-03	 4.399992e-06	-2.647401e-04	 2.920813e-07	 6.792982e-09	 4.968143e-08	-2.967509e-08	 5.155673e-08	-1.462359e-10	 1.865421e-10
 1.819701e-02	-2.880835e-04	 7.894728e-09	-7.873562e-07	 4.146438e-11	-3.141851e-04	 8.233001e-09	-5.395556e-03	 1.469451e-07	-5.114520e-03	 1.394324e-07	-2.800625e-04	 7.497923e-09	 7.488868e-10	 1.497119e-09	-7.532555e-10	 1.625881e-09	 1.286589e-13	 2.344255e-12	 1.819701e-02	-2.874151e-04	 3.094485e-07	-7.867630e-07	 7.947791e-10	-3.140536e-04	 3.106037e-07	-5.383913e-03	 8.974910e-06	-5.112187e-03	 5.449227e-06	-3.149976e-04	 3.089985e-07	 1.480390e-08	 5.949702e-08	 1.247469e-07	 9.117737e-08	-2.019594e-10	 2.797764e-10
 2.089296e-02	-3.425130e-04	 9.447071e-09	-1.070348e-06	 5.660004e-11	-3.733759e-04	 9.791562e-09	-6.399065e-03	 1.752534e-07	-6.066102e-03	 1.663300e-07	-3.315825e-04	 8.902437e-09	 9.658176e-10	 1.911611e-09	-9.753975e-10	 2.077945e-09	 1.217145e-13	 3.552374e-12	 2.089296e-02	-3.420686e-04	 3.883645e-07	-1.070805e-06	 1.219707e-09	-3.726612e-04	 3.898504e-07	-6.414121e-03	 7.439323e-06	-6.067434e-03	 7.601622e-06	-3.745152e-04	 3.830288e-07	 4.530574e-09	 8.164859e-08	 8.896356e-09	 8.348629e-08	-1.698158e-10	 4.212251e-10
 2.398833e-02	-4.067486e-04	 1.127987e-08	-1.452110e-06	 7.711017e-11	-4.430337e-04	 1.162407e-08	-7.577650e-03	 2.085126e-07	-7.183814e-03	 1.979291e-07	-3.918779e-04	 1.055112e-08	 1.242480e-09	 2.437656e-09	-1.255147e-09	 2.651328e-09	 7.232339e-14	 5.382006e-12	 2.398833e-02	-4.067885e-04	 4.448416e-07	-1.454685e-06	 1.532942e-09	-4.422491e-04	 4.594177e-07	-7.586581e-03	 8.869746e-06	-7.184923e-03	 7.791993e-06	-4.434229e-04	 4.925053e-07	 1.986998e-07	 9.650749e-08	-2.353729e-09	 1.237253e-07	-4.058715e-10	 6.323340e-10
 2.754229e-02	-4.824267e-04	 1.345954e-08	-1.965643e-06	 1.048732e-10	-5.248019e-04	 1.377085e-08	-8.958518e-03	 2.476676e-07	-8.493510e-03	 2.351625e-07	-4.622319e-04	 1.246451e-08	 1.595280e-09	 3.103523e-09	-1.596591e-09	 3.375988e-09	-4.622098e-14	 8.151473e-12	 2.754229e-02	-4.819633e-04	 6.109314e-07	-1.966065e-06	 2.115792e-09	-5.247792e-04	 5.403790e-07	-8.946705e-03	 1.155774e-05	-8.486113e-03	 1.333936e-05	-5.280764e-04	 5.871745e-07	 6.340789e-08	 1.255448e-07	-1.247909e-07	 1.419951e-07	 1.497757e-09	 9.485678e-10
 3.162278e-02	-5.714194e-04	 1.604678e-08	-2.654235e-06	 1.423642e-10	-6.205162e-04	 1.627616e-08	-1.057211e-02	 2.937331e-07	-1.002412e-02	 2.789942e-07	-5.440485e-04	 1.468352e-08	 2.053139e-09	 3.944821e-09	-2.022709e-09	 4.291234e-09	-2.873606e-13	 1.234096e-11	 3.162278e-02	-5.711893e-04	 7.217995e-07	-2.650982e-06	 2.864911e-09	-6.200426e-04	 6.540057e-07	-1.058522e-02	 1.526580e-05	-1.001437e-02	 1.229432e-05	-6.254055e-04	 1.024409e-06	-9.293565e-08	 1.616175e-07	-1.354114e-07	 1.712072e-07	 1.377709e-09	 1.417998e-09
 3.630781e-02	-6.758573e-04	 1.911365e-08	-3.574295e-06	 1.928315e-10	-7.322053e-04	 1.918819e-08	-1.245216e-02	 3.477877e-07	-1.180775e-02	 3.304624e-07	-6.388406e-04	 1.724935e-08	 2.577472e-09	 5.003645e-09	-2.552908e-09	 5.444019e-09	-5.294260e-13	 1.867247e-11	 3.630781e-02	-6.755301e-04	 7.781088e-07	-3.571644e-06	 4.497938e-09	-7.308437e-04	 7.887406e-07	-1.242992e-02	 1.666099e-05	-1.182007e-02	 1.789529e-05	-7.363382e-04	 7.861335e-07	-2.835909e-07	 1.984736e-07	 1.000120e-07	 2.176371e-07	-2.981722e-10	 2.120842e-09
 4.168694e-02	-7.981508e-04	 2.274931e-08	-4.798785e-06	 2.602610e-10	-8.620821e-04	 2.255876e-08	-1.463568e-02	 4.110570e-07	-1.387958e-02	 3.907596e-07	-7.482079e-04	 2.020273e-08	 3.163029e-09	 6.332121e-09	-3.203643e-09	 6.891545e-09	-9.054340e-13	 2.823033e-11	 4.168694e-02	-7.968602e-04	 9.669440e-07	-4.791232e-06	 5.827620e-09	-8.610435e-04	 9.425986e-07	-1.461469e-02	 1.993333e-05	-1.387511e-02	 1.653125e-05	-8.668860e-04	 9.489859e-07	 9.843294e-08	 2.540567e-07	-5.065874e-07	 2.757708e-07	 7.610468e-10	 3.160397e-09
 4.786301e-02	-9.410078e-04	 2.704435e-08	-6.421263e-06	 3.499245e-10	-1.012522e-03	 2.643714e-08	-1.716272e-02	 4.849860e-07	-1.627774e-02	 4.612844e-07	-8.738000e-04	 2.358142e-08	 3.831648e-09	 7.995315e-09	-3.999839e-09	 8.702878e-09	-1.620123e-12	 4.263633e-11	 4.786301e-02	-9.401377e-04	 1.129972e-06	-6.407098e-06	 7.747489e-09	-1.011367e-03	 1.130698e-06	-1.716429e-02	 2.076085e-05	-1.626621e-02	 1.956312e-05	-1.023522e-03	 1.123054e-06	 5.817932e-07	 3.184785e-07	 3.759562e-08	 3.514545e-07	 1.436737e-09	 4.707920e-09
 5.495409e-02	-1.107445e-03	 3.205387e-08	-8.560518e-06	 4.689341e-10	-1.186023e-03	 3.086093e-08	-2.007596e-02	 5.705888e-07	-1.904290e-02	 5.428807e-07	-1.017261e-03	 2.742116e-08	 4.601696e-09	 1.007343e-08	-4.957434e-09	 1.095947e-08	-2.538293e-12	 6.430855e-11	 5.495409e-02	-1.105194e-03	 2.156656e-06	-8.558781e-06	 1.121974e-08	-1.188940e-03	 1.357660e-06	-2.007094e-02	 2.470818e-05	-1.899282e-02	 2.356926e-05	-1.201076e-03	 1.342972e-06	-7.106852e-07	 4.135323e-07	-1.580194e-07	 4.412460e-07	 4.100557e-09	 6.979544e-09
 6.309573e-02	-1.300786e-03	 3.793048e-08	-1.136565e-05	 6.261112e-10	-1.385143e-03	 3.582199e-08	-2.342001e-02	 6.688303e-07	-2.221755e-02	 6.367186e-07	-1.180152e-03	 3.175475e-08	 5.474144e-09	 1.266069e-08	-6.048278e-09	 1.375635e-08	-3.548329e-12	 9.682850e-11	 6.309573e-02	-1.299245e-03	 1.634805e-06	-1.136178e-05	 1.355476e-08	-1.384953e-03	 1.740183e-06	-2.335738e-02	 2.967561e-05	-2.214920e-02	 3.630768e-05	-1.401357e-03	 1.617055e-06	-3.008143e-07	 5.447199e-07	-3.826529e-07	 6.273685e-07	-4.678451e-09	 1.035242e-08
 7.244360e-02	-1.524654e-03	 4.481206e-08	-1.502132e-05	 8.325097e-10	-1.612413e-03	 4.138788e-08	-2.724030e-02	 7.816815e-07	-2.584500e-02	 7.446583e-07	-1.363843e-03	 3.659622e-08	 6.487903e-09	 1.586961e-08	-7.303360e-09	 1.720543e-08	-4.740674e-12	 1.454806e-10	 7.244360e-02	-1.523510e-03	 2.105852e-06	-1.503941e-05	 1.896810e-08	-1.606576e-03	 2.458850e-06	-2.727432e-02	 3.508642e-05	-2.585867e-02	 3.369374e-05	-1.635459e-03	 1.923249e-06	 6.357690e-07	 6.888403e-07	-2.343345e-07	 7.002718e-07	-1.900515e-08	 1.526553e-08
 8.317638e-02	-1.782932e-03	 5.285641e-08	-1.975265e-05	 1.101857e-09	-1.870204e-03	 4.756957e-08	-3.158162e-02	 9.109022e-07	-2.996799e-02	 8.683898e-07	-1.569376e-03	 4.194926e-08	 7.543182e-09	 1.983016e-08	-8.753743e-09	 2.143693e-08	-3.646161e-12	 2.180037e-10	 8.317638e-02	-1.783152e-03	 2.406524e-06	-1.975487e-05	 2.564302e-08	-1.870186e-03	 2.374198e-06	-3.160179e-02	 4.809144e-05	-3.001555e-02	 3.985317e-05	-1.901072e-03	 3.382354e-06	 4.021921e-08	 7.999812e-07	 4.299581e-08	 8.965525e-07	-2.263833e-08	 2.242254e-08
 9.549926e-02	-2.079706e-03	 6.227626e-08	-2.582898e-05	 1.450911e-09	-2.160566e-03	 5.435641e-08	-3.648614e-02	 1.058127e-06	-3.462673e-02	 1.009729e-06	-1.797284e-03	 4.778095e-08	 8.837403e-09	 2.466447e-08	-1.028423e-08	 2.659466e-08	-1.929557e-12	 3.256902e-10	 9.549926e-02	-2.080528e-03	 4.118897e-06	-2.579444e-05	 3.348064e-08	-2.167264e-03	 2.671390e-06	-3.639880e-02	 5.076632e-05	-3.460553e-02	 4.792447e-05	-2.210323e-03	 2.692825e-06	-9.039566e-08	 1.099893e-06	-1.879659e-06	 1.110198e-06	-2.297963e-08	 3.298100e-08
 1.096478e-01	-2.419161e-03	 7.318327e-08	-3.356534e-05	 1.896100e-09	-2.485010e-03	 6.170704e-08	-4.199077e-02	 1.225915e-06	-3.985646e-02	 1.171108e-06	-2.047370e-03	 5.407728e-08	 1.028264e-08	 3.056390e-08	-1.173145e-08	 3.283718e-08	-3.652067e-13	 4.847924e-10	 1.096478e-01	-2.421764e-03	 4.160673e-06	-3.363288e-05	 5.175718e-08	-2.492642e-03	 3.266487e-06	-4.209623e-02	 5.892211e-05	-3.977013e-02	 5.639501e-05	-2.548291e-03	 3.450531e-06	 2.244330e-06	 1.241067e-06	 1.576767e-07	 1.475198e-06	 1.745221e-08	 4.803893e-08
 1.258925e-01	-2.805443e-03	 8.546087e-08	-4.332001e-05	 2.462132e-09	-2.844243e-03	 6.955185e-08	-4.812402e-02	 1.087501e-06	-4.568434e-02	 1.040589e-06	-2.318449e-03	 6.080037e-08	 1.215890e-08	 3.771233e-08	-1.317300e-08	 4.034335e-08	-1.414926e-12	 7.185874e-10	 1.258925e-01	-2.798362e-03	 4.101543e-06	-4.334050e-05	 6.174477e-08	-2.840142e-03	 3.738428e-06	-4.809593e-02	 7.447932e-05	-4.581574e-02	 6.632801e-05	-2.926300e-03	 3.764781e-06	-2.345618e-06	 1.560896e-06	-3.313605e-07	 1.705496e-06	 9.545951e-08	 6.989894e-08
 1.445440e-01	-3.242444e-03	 9.949490e-08	-5.548634e-05	 3.174640e-09	-3.237850e-03	 7.782938e-08	-5.490212e-02	 1.241305e-06	-5.212574e-02	 1.189152e-06	-2.608043e-03	 6.791808e-08	 1.436152e-08	 4.632494e-08	-1.437006e-08	 4.927856e-08	-1.554669e-11	 1.059925e-09	 1.445440e-01	-3.247500e-03	 4.806138e-06	-5.549660e-05	 7.878198e-08	-3.235457e-03	 4.415607e-06	-5.483284e-02	 1.108758e-04	-5.208551e-02	 8.343580e-05	-3.348924e-03	 5.412958e-06	 7.766843e-07	 1.902679e-06	-2.672675e-06	 2.333396e-06	-1.372305e-07	 1.008867e-07
 1.659587e-01	-3.733530e-03	 1.154261e-07	-7.047624e-05	 4.061615e-09	-3.663966e-03	 6.562921e-08	-6.232461e-02	 1.407714e-06	-5.917997e-02	 1.350414e-06	-2.912054e-03	 7.547057e-08	 1.687003e-08	 5.664394e-08	-1.544306e-08	 5.984077e-08	 1.439688e-09	 1.494068e-09	 1.659587e-01	-3.730013e-03	 5.733680e-06	-7.053541e-05	 1.604614e-07	-3.660641e-03	 5.074747e-06	-6.246017e-02	 1.046413e-04	-5.915750e-02	 9.246053e-05	-3.813136e-03	 5.139533e-06	-1.242191e-06	 2.772771e-06	 2.244145e-06	 2.565699e-06	-9.988756e-08	 1.450271e-07
 1.905461e-01	-4.281177e-03	 1.333300e-07	-8.869333e-05	 5.152279e-09	-4.118764e-03	 7.198891e-08	-7.036936e-02	 1.585495e-06	-6.682542e-02	 1.523251e-06	-3.224419e-03	 8.355172e-08	 1.945860e-08	 6.892061e-08	-1.648777e-08	 7.221794e-08	 2.100221e-09	 2.179925e-09	 1.905461e-01	-4.272496e-03	 7.973256e-06	-8.896647e-05	 1.343208e-07	-4.113751e-03	 6.168363e-06	-7.060993e-02	 1.175988e-04	-6.677646e-02	 1.084075e-04	-4.305977e-03	 6.003414e-06	 4.387603e-06	 3.528829e-06	-7.599797e-09	 3.139306e-06	-6.029083e-08	 2.069393e-07
 2.187762e-01	-4.886529e-03	 1.532540e-07	-1.104936e-04	 6.474798e-09	-4.596225e-03	 7.866360e-08	-7.898727e-02	 1.774586e-06	-7.501466e-02	 2.257547e-06	-3.536788e-03	 9.183347e-08	 2.170505e-08	 8.341404e-08	-1.761922e-08	 8.652903e-08	 3.006307e-09	 3.161856e-09	 2.187762e-01	-4.894113e-03	 8.658604e-06	-1.102651e-04	 1.831510e-07	-4.591716e-03	 6.808709e-06	-7.906474e-02	 1.363393e-04	-7.483315e-02	 1.620098e-04	-4.834321e-03	 7.980832e-06	-3.693828e-06	 3.652300e-06	-4.783672e-07	 3.830237e-06	 1.614673e-07	 2.924370e-07
 2.511886e-01	-5.548860e-03	 1.751624e-07	-1.361323e-04	 8.053798e-09	-5.087653e-03	 8.575846e-08	-8.809693e-02	 1.973899e-06	-8.366832e-02	 2.530729e-06	-3.838288e-03	 1.009892e-07	 2.307678e-08	 1.002888e-07	-1.917453e-08	 1.029053e-07	 4.261538e-09	 4.549138e-09	 2.511886e-01	-5.575033e-03	 9.480006e-06	-1.363762e-04	 2.216996e-07	-5.095196e-03	 8.246046e-06	-8.838981e-02	 1.547131e-04	-8.347359e-02	 1.469861e-04	-5.427285e-03	 7.928757e-06	 1.427004e-06	 4.405542e-06	-4.780821e-06	 4.912051e-06	-3.014041e-07	 4.110951e-07
 2.884032e-01	-6.264964e-03	 1.988392e-07	-1.656992e-04	 9.902275e-09	-5.581407e-03	 9.411959e-08	-9.757478e-02	 2.199856e-06	-9.267133e-02	 2.817989e-06	-4.115373e-03	 1.119382e-07	 2.416019e-08	 1.198276e-07	-2.120126e-08	 1.214012e-07	 6.017954e-09	 6.509635e-09	 2.884032e-01	-6.262091e-03	 1.247892e-05	-1.665911e-04	 2.858432e-07	-5.590455e-03	 8.808348e-06	-9.756013e-02	 1.787979e-04	-9.280551e-02	 1.693785e-04	-6.018847e-03	 9.424118e-06	-1.963296e-06	 5.996391e-06	-1.013186e-05	 5.599696e-06	 3.816705e-07	 5.703581e-07
 3.311311e-01	-7.028492e-03	 2.242658e-07	-1.990434e-04	 1.201392e-08	-6.062745e-03	 1.046196e-07	-1.072695e-01	 2.424430e-06	-1.018679e-01	 3.119985e-06	-4.351862e-03	 1.255667e-07	 2.431530e-08	 1.422307e-07	-2.699409e-08	 1.418976e-07	 8.329763e-09	 9.267094e-09	 3.311311e-01	-7.036560e-03	 1.324075e-05	-1.990448e-04	 4.008202e-07	-6.067589e-03	 9.935416e-06	-1.073760e-01	 2.050528e-04	-1.020607e-01	 1.990628e-04	-6.605968e-03	 1.033240e-05	-5.711831e-06	 6.518873e-06	-8.493764e-06	 6.732229e-06	 2.003523e-08	 7.863298e-07
 3.801894e-01	-7.829289e-03	 2.510979e-07	-2.356984e-04	 1.438695e-08	-6.513728e-03	 1.286322e-07	-1.169711e-01	 2.665365e-06	-1.110588e-01	 3.438918e-06	-4.529249e-03	 1.411203e-07	 2.319305e-08	 1.676477e-07	-3.426639e-08	 1.643390e-07	 1.124386e-08	 1.301417e-08	 3.801894e-01	-7.851131e-03	 1.570207e-05	-2.355631e-04	 4.505502e-07	-6.510611e-03	 1.274250e-05	-1.170541e-01	 2.613909e-04	-1.107282e-01	 2.403415e-04	-7.213991e-03	 1.163787e-05	-1.857434e-05	 7.548934e-06	-1.014435e-05	 8.144921e-06	 7.910313e-07	 1.074298e-06
 4.365158e-01	-8.652794e-03	 2.784365e-07	-2.748150e-04	 1.699006e-08	-6.913961e-03	 1.324709e-07	-1.264277e-01	 2.934268e-06	-1.199995e-01	 3.769750e-06	-4.627431e-03	 1.603076e-07	 1.994500e-08	 1.961753e-07	-3.758399e-08	 1.886405e-07	 1.517296e-08	 1.798940e-08	 4.365158e-01	-8.675933e-03	 1.768133e-05	-2.745465e-04	 5.801298e-07	-6.914895e-03	 1.319217e-05	-1.265783e-01	 2.679134e-04	-1.203774e-01	 2.550697e-04	-7.768160e-03	 1.299255e-05	 6.456223e-06	 8.964003e-06	-6.809540e-06	 9.586051e-06	 1.964947e-06	 1.446252e-06
 5.011872e-01	-9.479527e-03	 3.044675e-07	-3.151169e-04	 1.977338e-08	-7.241202e-03	 1.530599e-07	-1.353410e-01	 3.230104e-06	-1.283959e-01	 3.100393e-06	-4.625673e-03	 1.821336e-07	 1.365342e-08	 2.278162e-07	-2.762615e-08	 2.145215e-07	 2.005337e-08	 2.451499e-08	 5.011872e-01	-9.454845e-03	 2.148993e-05	-3.153604e-04	 6.913471e-07	-7.246483e-03	 1.369263e-05	-1.349286e-01	 3.055530e-04	-1.283075e-01	 3.193750e-04	-8.331721e-03	 1.444114e-05	 7.640914e-06	 1.064104e-05	 2.624355e-05	 1.106632e-05	 1.827445e-06	 1.923568e-06
 5.754399e-01	-1.028483e-02	 3.303346e-07	-3.548942e-04	 2.266671e-08	-7.472340e-03	 2.208401e-07	-1.433693e-01	 3.539036e-06	-1.359287e-01	 3.383734e-06	-4.504104e-03	 2.066946e-07	 3.713666e-09	 2.624726e-07	-5.689229e-09	 2.417618e-07	 2.727905e-08	 3.330919e-08	 5.754399e-01	-1.024880e-02	 2.392584e-05	-3.559173e-04	 8.441778e-07	-7.491374e-03	 1.490161e-05	-1.431310e-01	 3.430385e-04	-1.354624e-01	 3.323574e-04	-8.768798e-03	 2.103128e-05	-2.668047e-05	 1.260964e-05	-2.732429e-06	 1.442658e-05	 2.680363e-06	 2.531690e-06
 6.606934e-01	-1.103891e-02	 3.571434e-07	-3.920318e-04	 2.011808e-08	-7.583427e-03	 2.523178e-07	-1.501321e-01	 3.873727e-06	-1.422252e-01	 3.695370e-06	-4.245531e-03	 2.338226e-07	-1.053013e-08	 2.999891e-07	 2.591169e-08	 2.694951e-07	 3.770019e-08	 4.445634e-08	 6.606934e-01	-1.102877e-02	 2.680897e-05	-3.931904e-04	 1.021681e-06	-7.587938e-03	 1.768768e-05	-1.498972e-01	 3.838076e-04	-1.422447e-01	 3.660577e-04	-9.202511e-03	 1.709361e-05	-7.979630e-06	 1.495410e-05	-5.627422e-06	 1.495798e-05	 7.438994e-07	 3.278062e-06
 7.585776e-01	-1.170721e-02	 3.862543e-07	-4.241556e-04	 2.221591e-08	-7.553994e-03	 2.871806e-07	-1.552184e-01	 4.300759e-06	-1.468901e-01	 4.086894e-06	-3.837383e-03	 2.631127e-07	-2.961267e-08	 3.400276e-07	 8.484696e-08	 2.966129e-07	 5.040361e-08	 5.817112e-08	 7.585776e-01	-1.177309e-02	 3.177488e-05	-4.237414e-04	 1.291537e-06	-7.574213e-03	 1.695940e-05	-1.552479e-01	 4.383792e-04	-1.471600e-01	 4.358822e-04	-9.431949e-03	 1.888152e-05	 2.102463e-05	 1.750020e-05	 8.377808e-06	 1.712097e-05	-5.151341e-06	 4.184248e-06
 8.709636e-01	-1.225116e-02	 4.193017e-07	-4.487117e-04	 2.429807e-08	-7.367302e-03	 3.263113e-07	-1.581963e-01	 4.781264e-06	-1.495094e-01	 4.523196e-06	-3.273922e-03	 2.958948e-07	-5.457264e-08	 3.817410e-07	 1.404871e-07	 3.232502e-07	 6.539021e-08	 7.474874e-08	 8.709636e-01	-1.223205e-02	 3.411468e-05	-4.497124e-04	 1.508821e-06	-7.381828e-03	 1.905118e-05	-1.593000e-01	 4.896523e-04	-1.491985e-01	 4.499003e-04	-9.601228e-03	 1.974116e-05	-3.981464e-06	 2.093676e-05	 1.463770e-05	 1.939595e-05	 2.237765e-07	 5.265566e-06
 1.000000e+00	-1.262936e-02	 4.586087e-07	-4.631361e-04	 2.651478e-08	-7.012515e-03	 3.711117e-07	-1.586231e-01	 5.382809e-06	-1.496614e-01	 5.090166e-06	-2.558101e-03	 3.323084e-07	-9.299961e-08	 4.243986e-07	 2.043406e-07	 3.486845e-07	 2.631793e-08	 1.003055e-07	 1.000000e+00	-1.265752e-02	 3.805214e-05	-4.620223e-04	 1.703107e-06	-7.013240e-03	 1.866378e-05	-1.589587e-01	 5.626174e-04	-1.491210e-01	 5.066790e-04	-9.542019e-03	 2.080607e-05	-4.094914e-05	 2.357284e-05	-2.892326e-05	 2.236587e-05	 1.464981e-05	 6.505871e-06
 1.148154e+00	-1.279880e-02	 5.087841e-07	-4.652886e-04	 2.909424e-08	-6.486193e-03	 4.209888e-07	-1.560562e-01	 6.082404e-06	-1.469263e-01	 5.733849e-06	-1.702809e-03	 3.733997e-07	-1.669337e-07	 4.661972e-07	 2.753769e-07	 3.742026e-07	 4.518105e-08	 1.253123e-07	 1.148154e+00	-1.275431e-02	 4.545453e-05	-4.675425e-04	 1.982351e-06	-6.475281e-03	 2.023537e-05	-1.569149e-01	 5.660469e-04	-1.464291e-01	 5.653086e-04	-9.427181e-03	 2.177431e-05	-4.323600e-05	 2.687966e-05	 8.288892e-07	 2.517442e-05	-6.108564e-06	 7.944298e-06
 1.318257e+00	-1.271675e-02	 5.664143e-07	-4.533490e-04	 4.087253e-08	-5.793596e-03	 4.760756e-07	-1.500704e-01	 6.808560e-06	-1.409025e-01	 6.478468e-06	-7.313068e-04	 4.220334e-07	-2.482802e-07	 5.080142e-07	-5.871847e-08	 3.422588e-07	 6.818686e-08	 1.539872e-07	 1.318257e+00	-1.272984e-02	 4.634876e-05	-4.547748e-04	 2.574625e-06	-5.817938e-03	 1.970919e-05	-1.506498e-01	 6.343783e-04	-1.407821e-01	 5.838355e-04	-9.077711e-03	 2.309020e-05	 6.120430e-08	 3.192277e-05	-5.846681e-06	 2.739336e-05	 2.074234e-05	 9.539182e-06
 1.513561e+00	-1.234268e-02	 4.842073e-07	-4.259136e-04	 4.503845e-08	-4.948901e-03	 5.368947e-07	-1.402615e-01	 7.656454e-06	-1.312198e-01	 7.213520e-06	 3.236741e-04	 4.155274e-07	-3.165042e-07	 5.486107e-07	-2.160640e-08	 3.680743e-07	 9.534281e-08	 1.861590e-07	 1.513561e+00	-1.230698e-02	 5.053769e-05	-4.230826e-04	 2.689734e-06	-4.969068e-03	 2.096344e-05	-1.396022e-01	 6.603660e-04	-1.314809e-01	 6.265519e-04	-8.564755e-03	 2.674514e-05	-1.646604e-05	 3.739477e-05	-2.710627e-05	 3.044145e-05	-8.461221e-06	 1.126826e-05
 1.737801e+00	-1.163866e-02	 5.521704e-07	-3.824533e-04	 4.004512e-08	-3.974918e-03	 6.008244e-07	-1.262775e-01	 8.570774e-06	-1.175455e-01	 8.046356e-06	 1.420514e-03	 4.553948e-07	-3.651434e-07	 5.882513e-07	 3.395189e-08	 3.971717e-07	 1.243268e-07	 2.214607e-07	 1.737801e+00	-1.160888e-02	 5.488725e-05	-3.820233e-04	 3.046299e-06	-3.986635e-03	 2.062911e-05	-1.255768e-01	 7.060799e-04	-1.169416e-01	 6.715963e-04	-7.927645e-03	 2.405699e-05	-3.180644e-05	 4.087242e-05	-3.618414e-05	 3.203317e-05	 2.549047e-05	 1.306769e-05
 1.995262e+00	-1.057290e-02	 6.211897e-07	-3.230547e-04	 4.670871e-08	-2.902003e-03	 6.678465e-07	-1.078196e-01	 9.653447e-06	-9.961027e-02	 9.054487e-06	 2.512044e-03	 4.989405e-07	-4.294938e-07	 6.299453e-07	 1.235977e-07	 4.315933e-07	 1.516049e-07	 2.593751e-07	 1.995262e+00	-1.046722e-02	 5.923117e-05	-3.192973e-04	 3.496965e-06	-2.914570e-03	 2.084158e-05	-1.077716e-01	 7.601996e-04	-1.000539e-01	 7.135583e-04	-7.238496e-03	 2.460408e-05	 4.357264e-05	 5.034032e-05	-1.338919e-05	 3.436947e-05	-1.556156e-06	 1.500102e-05
 2.290868e+00	-9.117751e-03	 6.923558e-07	-2.483028e-04	 5.182382e-08	-1.766052e-03	 7.360361e-07	-8.465794e-02	 1.080766e-05	-7.720798e-02	 1.013152e-05	 3.548876e-03	 5.492412e-07	-4.891889e-07	 6.800196e-07	 2.358686e-07	 4.713485e-07	 1.762653e-07	 2.992668e-07	 2.290868e+00	-9.124012e-03	 6.485741e-05	-2.473364e-04	 3.879126e-06	-1.738785e-03	 2.127498e-05	-8.496169e-02	 7.942618e-04	-7.746290e-02	 7.529141e-04	-6.370866e-03	 2.785063e-05	-1.878455e-05	 6.243443e-05	 7.084925e-05	 3.731511e-05	 1.199008e-05	 1.682318e-05
 2.630268e+00	-7.259231e-03	 7.770070e-07	-1.593384e-04	 5.786841e-08	-6.062725e-04	 8.027385e-07	-5.664242e-02	 1.191133e-05	-5.020914e-02	 1.119185e-05	 4.483284e-03	 6.002452e-07	-4.188250e-07	 7.427330e-07	 7.767603e-07	 6.317768e-07	 1.872064e-07	 3.403188e-07	 2.630268e+00	-7.268132e-03	 6.745746e-05	-1.647037e-04	 4.329341e-06	-5.821654e-04	 2.175900e-05	-5.632575e-02	 8.814739e-04	-5.032500e-02	 7.939407e-04	-5.487895e-03	 2.700270e-05	 4.587511e-05	 5.596862e-05	 8.747459e-06	 3.852761e-05	 1.397080e-05	 1.867596e-05
 3.019952e+00	-4.985647e-03	 8.619999e-07	-5.771938e-05	 7.449644e-08	 5.376656e-04	 8.637204e-07	-2.370881e-02	 1.314407e-05	-1.856635e-02	 1.223616e-05	 5.271069e-03	 6.246992e-07	-1.992908e-07	 8.235792e-07	 7.301430e-07	 6.911233e-07	 1.946239e-07	 3.819770e-07	 3.019952e+00	-4.922712e-03	 7.928545e-05	-6.609313e-05	 5.310359e-06	 5.721706e-04	 2.209345e-05	-2.366332e-02	 9.815845e-04	-1.742603e-02	 8.774123e-04	-4.540099e-03	 2.728906e-05	 3.306028e-05	 6.693104e-05	 9.816180e-06	 4.028858e-05	 4.703363e-07	 2.043845e-05
 3.467369e+00	-2.298148e-03	 9.698743e-07	 5.476984e-05	 8.243715e-08	 1.628009e-03	 9.178737e-07	 1.411382e-02	 1.453843e-05	 1.768069e-02	 1.353660e-05	 5.879469e-03	 6.643860e-07	 7.760569e-08	 9.238179e-07	 6.283004e-07	 7.508118e-07	 1.940353e-07	 4.236831e-07	 3.467369e+00	-2.147519e-03	 7.923803e-05	 5.710579e-05	 5.642978e-06	 1.616806e-03	 2.476185e-05	 1.433112e-02	 9.298988e-04	 1.690375e-02	 1.023035e-03	-3.636453e-03	 2.800134e-05	-9.890644e-05	 7.136683e-05	 2.339152e-06	 4.207770e-05	 3.065484e-05	 2.210050e-05
 3.981072e+00	 7.993662e-04	 1.082241e-06	 1.762876e-04	 9.120371e-08	 2.631140e-03	 9.653657e-07	 5.671164e-02	 1.573101e-05	 5.841408e-02	 1.464578e-05	 6.282475e-03	 7.021978e-07	 3.734549e-07	 8.364783e-07	 5.752659e-07	 8.079765e-07	 2.041994e-07	 4.645083e-07	 3.981072e+00	 8.477263e-04	 9.889808e-05	 1.785673e-04	 6.277821e-06	 2.615342e-03	 2.271198e-05	 5.586375e-02	 1.024382e-03	 5.921831e-02	 9.371329e-04	-2.840178e-03	 2.718275e-05	 1.415536e-04	 7.927619e-05	-6.035702e-06	 4.319490e-05	-8.950646e-06	 2.344820e-05
 4.570882e+00	 4.290602e-03	 1.168460e-06	 3.049768e-04	 1.000659e-07	 3.519275e-03	 1.006856e-06	 1.038365e-01	 1.736035e-05	 1.033890e-01	 1.617211e-05	 6.466297e-03	 7.370758e-07	 5.837140e-07	 9.525224e-07	 6.687559e-07	 8.649844e-07	 2.312760e-07	 5.039382e-07	 4.570882e+00	 4.414139e-03	 8.790604e-05	 3.068762e-04	 6.668944e-06	 3.518615e-03	 2.287840e-05	 1.037784e-01	 1.058926e-03	 1.047016e-01	 1.001903e-03	-2.079859e-03	 2.826299e-05	-2.316611e-05	 1.051686e-04	-4.887113e-05	 4.401852e-05	 3.457314e-06	 2.478948e-05
 5.248075e+00	 8.147402e-03	 1.281837e-06	 4.390175e-04	 1.095836e-07	 4.271598e-03	 1.042030e-06	 1.552021e-01	 1.914070e-05	 1.523255e-01	 1.780983e-05	 6.428577e-03	 7.664666e-07	 1.232441e-06	 1.310028e-06	 9.250493e-07	 9.255462e-07	 2.551076e-07	 5.412175e-07	 5.248075e+00	 8.161397e-03	 9.518166e-05	 4.412386e-04	 7.469144e-06	 4.260256e-03	 2.397985e-05	 1.572397e-01	 1.309854e-03	 1.532028e-01	 1.126343e-03	-1.398480e-03	 2.663779e-05	-1.329452e-05	 9.432465e-05	 3.523456e-05	 4.851298e-05	 7.196486e-06	 2.576781e-05
 6.025596e+00	 1.234089e-02	 1.415929e-06	 5.766818e-04	 1.195506e-07	 4.874656e-03	 1.072053e-06	 2.104672e-01	 2.476388e-05	 2.048943e-01	 2.292693e-05	 6.177528e-03	 7.936069e-07	 1.521092e-06	 1.466237e-06	 1.177484e-06	 9.890909e-07	 2.896693e-07	 5.769493e-07	 6.025596e+00	 1.235598e-02	 1.183292e-04	 5.688293e-04	 8.423077e-06	 4.875546e-03	 2.589297e-05	 2.119400e-01	 1.246670e-03	 2.058519e-01	 1.187916e-03	-7.803008e-04	 2.925513e-05	 3.060089e-05	 1.130824e-04	 2.148290e-05	 4.487617e-05	 2.108456e-05	 2.635404e-05
 6.918310e+00	 1.683720e-02	 1.893117e-06	 7.163518e-04	 1.289080e-07	 5.322336e-03	 1.097345e-06	 2.691215e-01	 2.728878e-05	 2.606098e-01	 2.519454e-05	 5.730412e-03	 8.201052e-07	 1.792698e-06	 1.637167e-06	 1.351197e-06	 1.051105e-06	 2.658026e-07	 6.082697e-07	 6.918310e+00	 1.687608e-02	 1.140979e-04	 7.242096e-04	 9.169501e-06	 5.331335e-03	 2.641651e-05	 2.686066e-01	 1.370174e-03	 2.608450e-01	 1.416962e-03	-3.089231e-04	 2.628630e-05	-1.581675e-04	 1.192108e-04	-1.462392e-05	 4.599740e-05	 5.498134e-06	 2.681085e-05
 7.943282e+00	 2.159094e-02	 2.115164e-06	 8.565634e-04	 1.399650e-07	 5.615141e-03	 1.112009e-06	 3.307055e-01	 3.023816e-05	 3.190343e-01	 2.779146e-05	 5.113302e-03	 1.084393e-06	 2.061806e-06	 1.826790e-06	 1.445606e-06	 1.106331e-06	 2.619328e-07	 6.363150e-07	 7.943282e+00	 2.137895e-02	 1.262279e-04	 8.460217e-04	 1.011184e-05	 5.651399e-03	 2.362188e-05	 3.301840e-01	 1.516537e-03	 3.176977e-01	 1.489939e-03	 6.933831e-05	 2.716117e-05	-1.104932e-04	 1.260137e-04	 5.420240e-05	 4.559294e-05	-5.848359e-06	 2.705039e-05
 9.120108e+00	 2.656042e-02	 2.359034e-06	 9.961473e-04	 1.126754e-07	 5.759491e-03	 1.120129e-06	 3.947022e-01	 3.366127e-05	 3.796720e-01	 3.082016e-05	 4.352028e-03	 1.115214e-06	 2.436693e-06	 2.043531e-06	 1.468733e-06	 1.154144e-06	 2.421642e-07	 6.599264e-07	 9.120108e+00	 2.644780e-02	 1.401881e-04	 1.013489e-03	 1.202719e-05	 5.795623e-03	 2.661984e-05	 3.960105e-01	 1.684471e-03	 3.776341e-01	 1.652925e-03	 2.551277e-04	 2.754564e-05	-1.305354e-04	 1.365685e-04	 3.353331e-05	 4.375075e-05	 1.183516e-05	 2.702635e-05
 1.047129e+01	 3.170070e-02	 2.647529e-06	 1.133655e-03	 1.203905e-07	 5.766328e-03	 1.127589e-06	 4.605732e-01	 3.737915e-05	 4.420162e-01	 3.418209e-05	 3.479973e-03	 1.142167e-06	 2.683685e-06	 2.279543e-06	 1.449821e-06	 1.198408e-06	 1.928638e-07	 6.790840e-07	 1.047129e+01	 3.172958e-02	 1.546666e-04	 1.138991e-03	 1.210841e-05	 5.761717e-03	 2.335038e-05	 4.595031e-01	 1.968302e-03	 4.425183e-01	 1.787364e-03	 4.522875e-04	 2.590327e-05	 2.426637e-04	 1.472591e-04	 2.697320e-05	 4.362594e-05	 5.427674e-06	 2.647775e-05
 1.202264e+01	 3.696671e-02	 2.950353e-06	 1.268449e-03	 1.310891e-07	 5.650034e-03	 1.128957e-06	 5.277821e-01	 4.154812e-05	 5.055613e-01	 3.786393e-05	 2.529969e-03	 1.172077e-06	 3.116719e-06	 2.542488e-06	 1.741799e-06	 1.238257e-06	 2.122771e-07	 6.925634e-07	 1.202264e+01	 3.695017e-02	 1.716230e-04	 1.277178e-03	 1.338197e-05	 5.690008e-03	 2.287122e-05	 5.257119e-01	 2.182520e-03	 5.035188e-01	 1.990022e-03	 4.378323e-04	 2.519476e-05	 5.594156e-05	 1.626094e-04	 6.969001e-07	 4.162437e-05	 1.743970e-05	 2.596920e-05
 1.380384e+01	 4.231419e-02	 3.291926e-06	 1.399123e-03	 1.386813e-07	 5.427193e-03	 1.125808e-06	 5.958025e-01	 4.611695e-05	 5.698098e-01	 4.195612e-05	 1.533978e-03	 1.203753e-06	 3.731385e-06	 2.827481e-06	 2.059270e-06	 1.275094e-06	 3.078539e-07	 7.018282e-07	 1.380384e+01	 4.250951e-02	 1.907293e-04	 1.425587e-03	 1.478692e-05	 5.454410e-03	 2.370116e-05	 5.932280e-01	 2.858649e-03	 5.724064e-01	 2.352933e-03	 3.731914e-04	 2.407133e-05	 5.461308e-05	 1.783429e-04	-1.116502e-05	 4.230360e-05	-1.524587e-06	 2.552224e-05
 1.584893e+01	 4.770087e-02	 3.652686e-06	 1.525174e-03	 1.467800e-07	 5.115908e-03	 1.120376e-06	 6.641154e-01	 5.084096e-05	 6.342865e-01	 4.632993e-05	 5.213868e-04	 1.236416e-06	 3.900066e-06	 3.134716e-06	 2.355933e-06	 1.311104e-06	 3.259586e-07	 7.068994e-07	 1.584893e+01	 4.763247e-02	 2.115225e-04	 1.553832e-03	 1.524709e-05	 5.103071e-03	 2.278386e-05	 6.637518e-01	 2.561029e-03	 6.354440e-01	 2.500091e-03	 2.947639e-04	 4.978562e-05	-5.973772e-05	 1.953292e-04	 3.293307e-06	 4.042879e-05	 1.243976e-05	 2.458825e-05
 1.819701e+01	 5.308688e-02	 4.044330e-06	 1.645987e-03	 1.549047e-07	 4.733921e-03	 1.113007e-06	 7.322634e-01	 5.590916e-05	 6.985340e-01	 5.090886e-05	-4.814075e-04	 1.267023e-06	 4.264682e-06	 3.464270e-06	 1.720808e-06	 1.051911e-06	 3.417930e-07	 7.090242e-07	 1.819701e+01	 5.286015e-02	 2.327220e-04	 1.636958e-03	 1.663333e-05	 4.700357e-03	 2.325583e-05	 7.317054e-01	 3.348217e-03	 7.017736e-01	 2.691047e-03	 4.552145e-05	 2.383604e-05	-9.726905e-05	 2.146779e-04	 1.585394e-05	 3.931040e-05	-9.885886e-06	 2.350331e-05
 2.089296e+01	 5.843620e-02	 4.459995e-06	 1.761075e-03	 1.637586e-07	 4.299008e-03	 1.105653e-06	 7.997970e-01	 4.700397e-05	 7.621702e-01	 5.570015e-05	-1.451416e-03	 1.294462e-06	 4.909407e-06	 3.819153e-06	 1.751642e-08	 1.074821e-06	 3.546829e-07	 7.065729e-07	 2.089296e+01	 5.829196e-02	 2.626418e-04	 1.723374e-03	 1.822986e-05	 4.332188e-03	 2.262956e-05	 7.994770e-01	 3.390632e-03	 7.596274e-01	 3.445053e-03	-1.740566e-04	 2.408137e-05	-3.452427e-05	 2.332936e-04	-4.392205e-06	 3.688261e-05	-1.828835e-05	 2.283148e-05
 2.398833e+01	 6.371604e-02	 4.903663e-06	 1.870113e-03	 1.725722e-07	 3.827492e-03	 1.096341e-06	 8.663642e-01	 5.050058e-05	 8.248163e-01	 4.696262e-05	-2.370070e-03	 1.320785e-06	 5.480685e-06	 4.176482e-06	 1.008440e-07	 1.081477e-06	 4.487831e-07	 7.041886e-07	 2.398833e+01	 6.321230e-02	 2.973850e-04	 1.859868e-03	 1.840183e-05	 3.802468e-03	 2.255224e-05	 8.703176e-01	 3.409971e-03	 8.254889e-01	 3.245019e-03	-4.099806e-04	 2.736751e-05	-4.432116e-05	 2.598553e-04	 5.710693e-05	 3.565872e-05	 2.154911e-05	 2.156847e-05
 2.754229e+01	 6.889756e-02	 5.349641e-06	 1.972662e-03	 1.790444e-07	 3.334439e-03	 1.087516e-06	 9.315993e-01	 5.407887e-05	 8.861723e-01	 5.026549e-05	-3.222736e-03	 1.345914e-06	 5.962339e-06	 4.552531e-06	 2.050134e-07	 1.081607e-06	 5.001838e-07	 6.971198e-07	 2.754229e+01	 6.892625e-02	 3.143808e-04	 1.927234e-03	 1.996512e-05	 3.341496e-03	 2.443807e-05	 9.300759e-01	 3.723052e-03	 8.846103e-01	 3.858140e-03	-6.858746e-04	 2.215378e-05	 2.202263e-05	 2.763088e-04	-4.628296e-05	 3.441696e-05	-1.418555e-05	 2.062405e-05
 3.162278e+01	 7.395585e-02	 5.822364e-06	 2.069000e-03	 1.872594e-07	 2.833075e-03	 1.070145e-06	 9.952064e-01	 5.776771e-05	 9.459508e-01	 5.362741e-05	-3.998391e-03	 1.366416e-06	 5.938037e-06	 4.940075e-06	 2.599234e-07	 1.078436e-06	 4.911976e-07	 6.912889e-07	 3.162278e+01	 7.397789e-02	 3.330252e-04	 2.035510e-03	 2.098444e-05	 2.839674e-03	 2.242856e-05	 9.959254e-01	 4.454987e-03	 9.470943e-01	 3.948371e-03	-9.430969e-04	 2.188750e-05	 1.131017e-05	 3.007726e-04	 1.172282e-05	 3.325851e-05	 3.252446e-07	 1.942210e-05
 3.630781e+01	 7.886978e-02	 6.271031e-06	 2.158923e-03	 1.949306e-07	 2.334834e-03	 1.053414e-06	 1.056912e+00	 8.377121e-05	 1.003921e+00	 5.706297e-05	-4.689828e-03	 1.382446e-06	 5.798858e-06	 5.348506e-06	 3.047225e-07	 1.065989e-06	 5.436626e-07	 6.767158e-07	 3.630781e+01	 7.908224e-02	 3.769872e-04	 2.165302e-03	 2.155139e-05	 2.353785e-03	 2.320171e-05	 1.055539e+00	 4.545393e-03	 1.008738e+00	 4.177247e-03	-1.218036e-03	 2.158261e-05	 8.352895e-05	 4.188682e-04	 5.415453e-05	 3.208974e-05	 4.523086e-05	 1.829626e-05
 4.168694e+01	 8.362276e-02	 6.741525e-06	 2.242509e-03	 2.027038e-07	 1.849094e-03	 1.039441e-06	 1.116544e+00	 8.932019e-05	 1.059856e+00	 8.142461e-05	-5.292898e-03	 1.396360e-06	 5.595532e-06	 5.748015e-06	 3.473559e-07	 1.049094e-06	 1.577189e-06	 4.787062e-07	 4.168694e+01	 8.311575e-02	 3.977058e-04	 2.230256e-03	 2.303734e-05	 1.882922e-03	 2.292354e-05	 1.119919e+00	 4.845872e-03	 1.061533e+00	 4.582622e-03	-1.470564e-03	 2.127046e-05	 7.601441e-04	 3.387035e-04	 2.044214e-05	 3.102082e-05	-3.148793e-05	 1.729895e-05
 4.786301e+01	 8.820447e-02	 5.156453e-06	 2.319890e-03	 2.099890e-07	 1.383720e-03	 1.025446e-06	 1.173935e+00	 9.558702e-05	 1.113678e+00	 8.692897e-05	-5.806121e-03	 1.412445e-06	 5.270599e-06	 6.177810e-06	 2.148354e-06	 1.391691e-06	 1.564045e-06	 4.636404e-07	 4.786301e+01	 8.824270e-02	 4.189787e-04	 2.299773e-03	 2.442168e-05	 1.409044e-03	 2.261262e-05	 1.177253e+00	 5.101099e-03	 1.110878e+00	 4.926826e-03	-1.775637e-03	 2.098886e-05	 5.747909e-04	 3.613331e-04	-3.494445e-05	 2.986829e-05	 2.047099e-05	 1.573394e-05
 5.495409e+01	 9.259493e-02	 7.653928e-06	 2.391288e-03	 2.169300e-07	 9.445494e-04	 1.014789e-06	 1.228965e+00	 1.014196e-04	 1.165240e+00	 9.247917e-05	-6.230639e-03	 1.428055e-06	 5.151415e-06	 6.596384e-06	 2.301402e-06	 1.385219e-06	-9.550108e-07	 4.627938e-07	 5.495409e+01	 9.313505e-02	 5.078769e-04	 2.400241e-03	 2.537055e-05	 9.713662e-04	 2.261370e-05	 1.230720e+00	 5.474958e-03	 1.163841e+00	 5.649073e-03	-1.975790e-03	 2.199627e-05	 1.121155e-03	 3.953631e-04	 4.481600e-05	 2.876382e-05	-1.397729e-05	 1.493606e-05
 6.309573e+01	 9.679640e-02	 8.108131e-06	 2.456921e-03	 2.242574e-07	 5.350958e-04	 6.979199e-07	 1.281529e+00	 1.076342e-04	 1.214472e+00	 9.808229e-05	-6.569282e-03	 1.433833e-06	 6.067643e-06	 5.232233e-06	 2.436037e-06	 1.379268e-06	-9.024901e-07	 4.421049e-07	 6.309573e+01	 9.668548e-02	 5.088341e-04	 2.471469e-03	 2.661504e-05	 5.661442e-04	 2.184477e-05	 1.287574e+00	 5.851617e-03	 1.219265e+00	 5.664555e-03	-2.157910e-03	 2.081997e-05	 8.912876e-05	 4.067924e-04	-2.462888e-05	 2.882387e-05	-8.980982e-06	 1.354150e-05
 7.244360e+01	 1.008006e-01	 8.567113e-06	 2.517075e-03	 2.303687e-07	 1.606590e-04	 6.788975e-07	 1.331595e+00	 1.135278e-04	 1.261327e+00	 1.034626e-04	-6.826064e-03	 1.431862e-06	 6.341185e-06	 5.495975e-06	 2.271591e-06	 1.362348e-06	-8.322514e-07	 4.225624e-07	 7.244360e+01	 1.006660e-01	 5.105493e-04	 2.515336e-03	 2.661478e-05	 1.642048e-04	 2.080589e-05	 1.323729e+00	 6.237537e-03	 1.263780e+00	 5.911412e-03	-2.353213e-03	 2.116878e-05	 4.193253e-04	 4.306435e-04	-7.521315e-06	 2.658922e-05	-3.061225e-06	 1.285717e-05
 8.317638e+01	 1.046050e-01	 9.034461e-06	 2.572069e-03	 2.368562e-07	-1.787706e-04	 6.549091e-07	 1.379144e+00	 1.192228e-04	 1.305791e+00	 1.088782e-04	-7.004313e-03	 9.485578e-07	 5.706761e-06	 7.879886e-06	 2.503806e-06	 1.349116e-06	-7.575908e-07	 4.045013e-07	 8.317638e+01	 1.057145e-01	 5.513072e-04	 2.576025e-03	 2.850371e-05	-1.889929e-04	 2.075488e-05	 1.380361e+00	 6.619617e-03	 1.296363e+00	 6.279483e-03	-2.536419e-03	 1.937488e-05	-5.266401e-04	 4.539251e-04	-3.419358e-07	 2.636418e-05	-6.347271e-06	 1.164929e-05
 9.549926e+01	 1.082106e-01	 9.521281e-06	 2.622117e-03	 3.381013e-07	-4.802654e-04	 6.286499e-07	 1.424154e+00	 1.248597e-04	 1.347862e+00	 1.142496e-04	-7.113927e-03	 9.338881e-07	 5.398552e-06	 8.322738e-06	 2.591492e-06	 1.340380e-06	-6.919326e-07	 3.851579e-07	 9.549926e+01	 1.077175e-01	 5.859375e-04	 2.650599e-03	 2.990695e-05	-4.897321e-04	 1.985820e-05	 1.418286e+00	 8.012865e-03	 1.337059e+00	 6.653705e-03	-2.657770e-03	 1.884631e-05	 1.004545e-03	 4.855821e-04	 1.977001e-05	 2.440364e-05	-4.169572e-06	 1.093084e-05
 1.096478e+02	 1.116180e-01	 1.001042e-05	 2.667726e-03	 2.485876e-07	-7.469460e-04	 9.449321e-07	 1.466640e+00	 1.304816e-04	 1.387550e+00	 1.195572e-04	-7.159544e-03	 9.192690e-07	 7.062270e-06	 8.677626e-06	 2.698516e-06	 1.325756e-06	-6.313115e-07	 3.651812e-07	 1.096478e+02	 1.124640e-01	 6.424442e-04	 2.673037e-03	 3.037549e-05	-7.827066e-04	 1.974855e-05	 1.458971e+00	 7.437548e-03	 1.384346e+00	 7.035310e-03	-2.712358e-03	 1.905700e-05	 8.421852e-04	 5.028979e-04	 3.926491e-05	 2.388936e-05	-1.961353e-05	 1.026889e-05
 1.258925e+02	 1.148304e-01	 1.054101e-05	 2.709038e-03	 2.525056e-07	-9.778597e-04	 9.327297e-07	 1.506665e+00	 1.362837e-04	 1.424915e+00	 1.252331e-04	-7.147856e-03	 9.048298e-07	 8.190270e-06	 9.046376e-06	 2.578489e-06	 1.304139e-06	 5.381837e-07	 3.374313e-07	 1.258925e+02	 1.148963e-01	 6.614102e-04	 2.729216e-03	 3.043359e-05	-9.636769e-04	 1.875701e-05	 1.495652e+00	 7.833687e-03	 1.421335e+00	 7.545874e-03	-2.778866e-03	 1.885267e-05	-9.266939e-04	 5.258369e-04	 8.236934e-06	 2.280355e-05	-3.537663e-06	 9.319962e-06
 1.445440e+02	 1.178494e-01	 7.403449e-06	 2.746639e-03	 2.577094e-07	-1.175021e-03	 9.164383e-07	 1.544305e+00	 1.419899e-04	 1.460041e+00	 1.306259e-04	-7.085501e-03	 8.808160e-07	 8.838273e-06	 9.446026e-06	 2.349506e-06	 1.282990e-06	 4.878607e-07	 3.199595e-07	 1.445440e+02	 1.170470e-01	 6.796932e-04	 2.742688e-03	 3.423426e-05	-1.166554e-03	 1.837823e-05	 1.549734e+00	 8.774278e-03	 1.465836e+00	 7.798323e-03	-2.867257e-03	 1.719913e-05	-9.613218e-04	 5.578130e-04	 1.300451e-05	 2.118146e-05	-1.052288e-05	 8.633149e-06
 1.659587e+02	 1.206856e-01	 7.698144e-06	 2.780430e-03	 2.635521e-07	-1.339884e-03	 9.016072e-07	 1.579563e+00	 1.484129e-04	 1.492925e+00	 1.363248e-04	-6.979125e-03	 8.545322e-07	 8.849718e-06	 9.831503e-06	 2.132496e-06	 1.258596e-06	 4.372133e-07	 3.030466e-07	 1.659587e+02	 1.214200e-01	 7.077195e-04	 2.831798e-03	 3.229298e-05	-1.348218e-03	 1.768557e-05	 1.579958e+00	 8.650891e-03	 1.497477e+00	 8.817220e-03	-2.873243e-03	 1.657188e-05	-2.188977e-04	 5.857316e-04	-1.749496e-06	 2.064901e-05	-2.488007e-07	 7.540836e-06
 1.905461e+02	 1.233424e-01	 7.993927e-06	 2.810886e-03	 2.712762e-07	-1.474527e-03	 8.774188e-07	 1.612543e+00	 1.549938e-04	 1.523658e+00	 1.426459e-04	-6.835049e-03	 8.262084e-07	 9.391292e-06	 1.016875e-05	 2.010552e-06	 1.227598e-06	 3.939411e-07	 2.868297e-07	 1.905461e+02	 1.237815e-01	 7.594584e-04	 2.834809e-03	 3.319694e-05	-1.479172e-03	 1.727368e-05	 1.602498e+00	 9.075829e-03	 1.515839e+00	 8.595617e-03	-2.850419e-03	 1.600929e-05	-8.593648e-04	 5.970095e-04	-3.743840e-05	 1.956681e-05	 6.104616e-08	 6.866453e-06
 2.187762e+02	 1.258264e-01	 8.269514e-06	 2.837860e-03	 4.177528e-07	-1.581216e-03	 8.493863e-07	 1.643391e+00	 1.620152e-04	 1.552372e+00	 1.491308e-04	-6.660503e-03	 1.246605e-06	 1.064886e-05	 1.058288e-05	 1.866295e-06	 1.192622e-06	 3.568541e-07	 2.710498e-07	 2.187762e+02	 1.251390e-01	 7.800097e-04	 2.879769e-03	 3.605697e-05	-1.566308e-03	 1.735984e-05	 1.650971e+00	 9.647752e-03	 1.565750e+00	 9.294616e-03	-2.828508e-03	 1.566227e-05	-5.724043e-04	 6.528803e-04	-3.944582e-06	 1.816624e-05	 2.250329e-06	 6.291922e-06
 2.511886e+02	 1.281448e-01	 8.539104e-06	 2.862490e-03	 4.286613e-07	-1.662249e-03	 8.222790e-07	 1.672182e+00	 1.694734e-04	 1.579169e+00	 1.554875e-04	-6.458652e-03	 1.214624e-06	 1.099228e-05	 1.100661e-05	 1.645143e-06	 1.156012e-06	 3.205409e-07	 2.553376e-07	 2.511886e+02	 1.287724e-01	 8.422333e-04	 2.853401e-03	 3.526217e-05	-1.641061e-03	 1.589572e-05	 1.665291e+00	 9.907934e-03	 1.576673e+00	 9.358059e-03	-2.805250e-03	 1.505490e-05	-1.833049e-04	 6.442986e-04	 6.449715e-07	 1.791561e-05	 1.476075e-06	 5.923771e-06
 2.884032e+02	 1.303048e-01	 8.813107e-06	 2.884598e-03	 4.431763e-07	-1.719996e-03	 7.893553e-07	 1.698918e+00	 1.771909e-04	 1.604046e+00	 1.620620e-04	-6.235974e-03	 1.179046e-06	 1.094110e-05	 1.145402e-05	 1.502268e-06	 1.122813e-06	 2.891315e-07	 2.400561e-07	 2.884032e+02	 1.319541e-01	 8.614663e-04	 2.852202e-03	 3.743103e-05	-1.720877e-03	 1.521110e-05	 1.683451e+00	 1.033302e-02	 1.610902e+00	 9.748696e-03	-2.767787e-03	 1.398972e-05	-9.553818e-05	 6.684892e-04	 5.500122e-05	 1.672803e-05	 1.303219e-05	 5.179100e-06
 3.311311e+02	 1.323094e-01	 1.516918e-05	 2.904346e-03	 4.539705e-07	-1.756895e-03	 7.654379e-07	 1.723779e+00	 1.856516e-04	 1.627151e+00	 1.692201e-04	-5.997093e-03	 1.141950e-06	 1.199625e-05	 1.200387e-05	 1.376668e-06	 1.094691e-06	 2.610322e-07	 2.247119e-07	 3.311311e+02	 1.324583e-01	 8.809968e-04	 2.945259e-03	 3.960739e-05	-1.765000e-03	 1.421925e-05	 1.726563e+00	 1.073681e-02	 1.636817e+00	 1.084777e-02	-2.712871e-03	 1.353969e-05	 8.768070e-04	 6.924034e-04	-1.648970e-06	 1.574817e-05	-3.761705e-06	 4.921499e-06
 3.801894e+02	 1.341738e-01	 1.593680e-05	 2.922023e-03	 4.600498e-07	-1.775254e-03	 7.484312e-07	 1.746876e+00	 1.938648e-04	 1.648623e+00	 1.768900e-04	-5.746549e-03	 1.107529e-06	 1.144072e-05	 1.251908e-05	 1.099373e-06	 1.068697e-06	 2.124253e-07	 2.095581e-07	 3.801894e+02	 1.357301e-01	 9.181259e-04	 2.900156e-03	 3.747486e-05	-1.734519e-03	 1.425862e-05	 1.744993e+00	 1.121336e-02	 1.657233e+00	 1.055063e-02	-2.617642e-03	 1.334158e-05	 6.939173e-04	 7.181260e-04	-7.425257e-06	 1.476168e-05	-1.407902e-06	 4.562477e-06
 4.365158e+02	 1.359028e-01	 1.671883e-05	 2.937843e-03	 4.706940e-07	-1.777341e-03	 7.325023e-07	 1.768252e+00	 2.018135e-04	 1.668473e+00	 1.852708e-04	-5.487782e-03	 1.067417e-06	 1.137167e-05	 1.307451e-05	 8.935334e-07	 1.039539e-06	 1.595881e-07	 1.963726e-07	 4.365158e+02	 1.375643e-01	 9.518372e-04	 2.942351e-03	 4.150884e-05	-1.772439e-03	 1.330860e-05	 1.755279e+00	 1.160406e-02	 1.674478e+00	 1.096105e-02	-2.538249e-03	 1.226624e-05	-1.817242e-05	 7.550678e-04	 1.597382e-05	 1.393817e-05	 1.214598e-06	 4.180707e-06
 5.011872e+02	 1.375156e-01	 9.931787e-06	 2.951987e-03	 4.667513e-07	-1.765485e-03	 7.183306e-07	 1.788014e+00	 2.112746e-04	 1.686846e+00	 1.920097e-04	-5.224084e-03	 1.033397e-06	 1.144049e-05	 1.371188e-05	 6.987201e-07	 1.011351e-06	 1.679199e-07	 1.834408e-07	 5.011872e+02	 1.355202e-01	 9.865082e-04	 2.914153e-03	 4.169815e-05	-1.749268e-03	 1.198271e-05	 1.767453e+00	 1.252009e-02	 1.691884e+00	 1.181848e-02	-2.470050e-03	 1.141294e-05	 2.791941e-04	 7.837235e-04	 8.822155e-06	 1.357836e-05	-9.274282e-07	 3.484443e-06
 5.754399e+02	 1.389986e-01	 1.018861e-05	 2.964522e-03	 4.690153e-07	-1.741496e-03	 7.007974e-07	 1.806324e+00	 2.193065e-04	 1.703868e+00	 2.000566e-04	-4.958524e-03	 1.005964e-06	 9.634066e-06	 1.432095e-05	 5.550802e-07	 9.763113e-07	 1.391350e-07	 1.706974e-07	 5.754399e+02	 1.370594e-01	 1.021678e-03	 2.967503e-03	 4.396409e-05	-1.744959e-03	 1.130093e-05	 1.812220e+00	 1.274667e-02	 1.716338e+00	 1.174607e-02	-2.391654e-03	 1.078502e-05	 2.675937e-04	 7.984756e-04	 1.720888e-05	 1.220884e-05	-1.501470e-06	 3.168228e-06
 6.606934e+02	 1.403686e-01	 1.044025e-05	 2.975615e-03	 4.792595e-07	-1.707295e-03	 6.843238e-07	 1.823248e+00	 1.366767e-04	 1.719572e+00	 1.262918e-04	-4.693626e-03	 9.772174e-07	 8.337396e-06	 1.493564e-05	 5.019950e-07	 9.477309e-07	 1.400009e-07	 1.590066e-07	 6.606934e+02	 1.413207e-01	 1.143087e-03	 3.051511e-03	 4.552787e-05	-1.706508e-03	 1.088471e-05	 1.830418e+00	 1.325942e-02	 1.724720e+00	 1.216928e-02	-2.301707e-03	 1.040233e-05	 8.773612e-04	 8.060600e-04	-1.489406e-05	 1.259387e-05	 4.485492e-07	 3.060578e-06
 7.585776e+02	 1.416330e-01	 1.068407e-05	 2.985689e-03	 4.782054e-07	-1.664603e-03	 6.705189e-07	 1.838796e+00	 1.401614e-04	 1.733998e+00	 1.290907e-04	-4.431587e-03	 9.520831e-07	 6.443522e-06	 1.560457e-05	 5.123807e-07	 9.225835e-07	 1.333210e-07	 1.482894e-07	 7.585776e+02	 1.413303e-01	 1.118531e-03	 2.966303e-03	 4.155765e-05	-1.664498e-03	 1.025384e-05	 1.861283e+00	 1.474444e-02	 1.753993e+00	 1.295126e-02	-2.181916e-03	 9.720370e-06	 1.260408e-03	 8.502008e-04	 3.128020e-06	 1.076778e-05	-3.804213e-08	 2.733770e-06
 8.709636e+02	 1.427834e-01	 1.102848e-05	 2.994649e-03	 4.903326e-07	-1.615021e-03	 6.536404e-07	 1.853110e+00	 1.431158e-04	 1.747270e+00	 1.318486e-04	-4.174080e-03	 9.175152e-07	-3.964372e-06	 9.675187e-06	 5.738246e-07	 8.921599e-07	 5.224108e-08	 3.288812e-07	 8.709636e+02	 1.405401e-01	 1.237587e-03	 3.004276e-03	 5.192498e-05	-1.628303e-03	 1.143758e-05	 1.837257e+00	 1.459828e-02	 1.760541e+00	 1.294965e-02	-2.091421e-03	 9.198369e-06	 5.913492e-04	 8.537601e-04	 1.724645e-06	 9.811305e-06	-3.156610e-06	 2.710554e-06
 1.000000e+03	 1.438566e-01	 1.127251e-05	 3.002695e-03	 4.967783e-07	-1.560093e-03	 6.313503e-07	 1.866281e+00	 1.460588e-04	 1.759482e+00	 1.346283e-04	-3.922633e-03	 8.865469e-07	-4.149162e-06	 9.905922e-06	 5.209418e-07	 8.655581e-07	 1.161709e-07	 1.286725e-07	 1.000000e+03	 1.442082e-01	 1.220057e-03	 3.071537e-03	 4.489704e-05	-1.555895e-03	 8.865470e-06	 1.896664e+00	 1.477050e-02	 1.764196e+00	 1.381562e-02	-1.990948e-03	 8.457878e-06	 5.823004e-04	 9.105017e-04	 4.149697e-06	 9.184622e-06	-2.305568e-06	 2.265117e-06
