 1.000000e-03	-5.362329e-08	 1.135289e-12	-6.882761e-12	 3.330561e-16	-5.744753e-08	 1.212726e-12	-6.329907e-08	 1.340199e-12	-9.682772e-09	 2.051711e-13	-5.361579e-08	 1.135017e-12	 2.410883e-14	 6.198603e-14	-2.614033e-14	 6.590431e-14	 1.057397e-19	 2.976910e-19	 1.000000e-03	-5.360117e-08	 6.366128e-11	-6.883572e-12	 5.493659e-15	-5.736695e-08	 6.165792e-11	-6.327296e-08	 7.514963e-11	-9.678798e-09	 1.149731e-11	-5.736744e-08	 6.165866e-11	 2.495264e-13	 2.762192e-12	 2.776023e-12	 2.609378e-12	-1.862261e-17	 3.788894e-17
 1.148154e-03	-6.467083e-08	 1.370389e-12	-9.540005e-12	 4.633654e-16	-6.937445e-08	 1.465238e-12	-7.633942e-08	 1.617731e-12	-1.167828e-08	 2.477058e-13	-6.466042e-08	 1.370011e-12	 3.118835e-14	 8.028320e-14	-3.366057e-14	 8.544610e-14	 1.574743e-19	 4.507364e-19	 1.148154e-03	-6.470914e-08	 5.211611e-11	-9.531537e-12	 7.805502e-15	-6.933416e-08	 5.360287e-11	-7.624862e-08	 6.589194e-11	-1.168573e-08	 1.355458e-11	-6.933488e-08	 5.360315e-11	-2.056632e-12	 3.315026e-12	-9.960526e-13	 3.609860e-12	 6.582881e-17	 5.750990e-17
 1.318257e-03	-7.796328e-08	 1.653463e-12	-1.321824e-11	 6.447206e-16	-8.374833e-08	 1.769830e-12	-9.202942e-08	 1.951893e-12	-1.407954e-08	 2.989328e-13	-7.794887e-08	 1.652940e-12	 4.043636e-14	 1.039477e-13	-4.338569e-14	 1.107516e-13	 2.341810e-19	 6.825027e-19	 1.318257e-03	-7.788117e-08	 8.073390e-11	-1.322943e-11	 1.055177e-14	-8.383558e-08	 6.527934e-11	-9.193245e-08	 9.530219e-11	-1.406785e-08	 1.141377e-11	-8.385530e-08	 6.511393e-11	 8.896221e-12	 4.114010e-12	-1.160983e-11	 4.595032e-12	 7.638440e-18	 8.678289e-17
 1.513561e-03	-9.394892e-08	 1.994118e-12	-1.830760e-11	 8.969239e-16	-1.010637e-07	 2.137109e-12	-1.108980e-07	 2.354028e-12	-1.696765e-08	 3.606115e-13	-9.392896e-08	 1.993389e-12	 5.243510e-14	 1.345463e-13	-5.595201e-14	 1.435114e-13	 3.476939e-19	 1.033510e-18	 1.513561e-03	-9.393537e-08	 8.574514e-11	-1.828639e-11	 1.490798e-14	-1.009820e-07	 8.352634e-11	-1.109099e-07	 1.094422e-10	-1.696951e-08	 1.674551e-11	-1.009514e-07	 8.054921e-11	-4.991830e-12	 5.340354e-12	 6.088277e-12	 7.600960e-12	-3.980554e-17	 1.314670e-16
 1.737801e-03	-1.131635e-07	 2.404237e-12	-2.534632e-11	 1.246058e-15	-1.219134e-07	 2.579806e-12	-1.335774e-07	 2.838161e-12	-2.043959e-08	 4.349019e-13	-1.131358e-07	 2.403221e-12	 6.797715e-14	 1.740962e-13	-7.219013e-14	 1.859076e-13	 5.153362e-19	 1.565155e-18	 1.737801e-03	-1.130858e-07	 9.603884e-11	-2.531304e-11	 2.094962e-14	-1.218713e-07	 1.330210e-10	-1.334453e-07	 1.114616e-10	-2.040533e-08	 1.712814e-11	-1.218526e-07	 1.004243e-10	-2.858103e-12	 7.204406e-12	 7.653816e-12	 7.660381e-12	 2.111576e-16	 1.992673e-16
 1.995262e-03	-1.362467e-07	 2.897720e-12	-3.507652e-11	 1.728795e-15	-1.470070e-07	 3.113311e-12	-1.608225e-07	 3.420700e-12	-2.461121e-08	 5.243411e-13	-1.362084e-07	 2.896306e-12	 8.818890e-14	 2.251856e-13	-9.350888e-14	 2.407450e-13	 7.616106e-19	 2.370496e-18	 1.995262e-03	-1.363398e-07	 1.275113e-10	-3.503851e-11	 2.884749e-14	-1.468967e-07	 1.246212e-10	-1.607012e-07	 1.340404e-10	-2.459263e-08	 2.051446e-11	-1.469963e-07	 1.221566e-10	-5.481193e-12	 8.936150e-12	 5.393770e-12	 9.568507e-12	 9.912388e-17	 3.017001e-16
 2.290868e-03	-1.639618e-07	 3.491233e-12	-4.852082e-11	 2.398418e-15	-1.771938e-07	 3.755057e-12	-1.935337e-07	 4.121317e-12	-2.962079e-08	 6.319777e-13	-1.639089e-07	 3.489266e-12	 1.146820e-13	 2.911610e-13	-1.212236e-13	 3.116606e-13	 1.118379e-18	 3.590566e-18	 2.290868e-03	-1.640769e-07	 1.377404e-10	-4.846947e-11	 4.070367e-14	-1.770700e-07	 1.440310e-10	-1.936697e-07	 1.625639e-10	-2.961776e-08	 3.741529e-11	-1.770568e-07	 1.454250e-10	-8.045049e-14	 1.179685e-11	 1.523768e-11	 1.258494e-11	 6.570401e-16	 4.559582e-16
 2.630268e-03	-1.972175e-07	 5.059287e-12	-6.708739e-11	 3.326937e-15	-2.134893e-07	 4.527442e-12	-2.327830e-07	 5.972250e-12	-3.563303e-08	 9.161890e-13	-1.971443e-07	 5.055953e-12	 1.492410e-13	 3.763297e-13	-1.571377e-13	 4.033373e-13	 1.635626e-18	 5.439181e-18	 2.630268e-03	-1.972011e-07	 1.685302e-10	-6.705178e-11	 5.701079e-14	-2.136774e-07	 1.758889e-10	-2.328268e-07	 2.367415e-10	-3.563010e-08	 3.045536e-11	-2.135104e-07	 1.749713e-10	-9.091015e-12	 1.484899e-11	-1.379468e-11	 1.590944e-11	-4.561902e-16	 6.901549e-16
 3.019952e-03	-2.370996e-07	 6.107258e-12	-9.271411e-11	 4.614336e-15	-2.571066e-07	 5.456824e-12	-2.798514e-07	 7.209282e-12	-4.284490e-08	 1.106373e-12	-2.369985e-07	 6.102605e-12	 1.948523e-13	 4.862446e-13	-2.038370e-13	 5.218070e-13	 2.383104e-18	 8.240581e-18	 3.019952e-03	-2.370964e-07	 2.118403e-10	-9.280606e-11	 1.068212e-13	-2.573520e-07	 2.776496e-10	-2.796907e-07	 2.555802e-10	-4.289883e-08	 4.210463e-11	-2.572260e-07	 2.123434e-10	-1.695248e-11	 2.040260e-11	 1.920392e-11	 2.087790e-11	-6.007818e-16	 1.043013e-15
 3.467369e-03	-2.848962e-07	 7.360705e-12	-1.280657e-10	 6.398728e-15	-3.094942e-07	 6.574507e-12	-3.362580e-07	 8.688808e-12	-5.149017e-08	 1.334155e-12	-2.847565e-07	 7.354447e-12	 2.549238e-13	 6.279889e-13	-2.645081e-13	 6.748117e-13	 3.458992e-18	 1.248642e-17	 3.467369e-03	-2.842379e-07	 2.759339e-10	-1.281045e-10	 1.407008e-13	-3.090660e-07	 2.623855e-10	-3.368522e-07	 3.417084e-10	-5.134362e-08	 6.209250e-11	-3.091834e-07	 2.623700e-10	 3.653928e-11	 2.480114e-11	-4.689154e-12	 3.939736e-11	 1.792953e-15	 1.578660e-15
 3.981072e-03	-3.421393e-07	 8.869529e-12	-1.768037e-10	 8.870822e-15	-3.723768e-07	 9.513574e-12	-4.038096e-07	 1.046978e-11	-6.184712e-08	 1.608736e-12	-3.419464e-07	 8.860764e-12	 3.357007e-13	 8.104514e-13	-3.437793e-13	 8.723508e-13	 5.007206e-18	 1.892269e-17	 3.981072e-03	-3.422329e-07	 3.764952e-10	-1.765809e-10	 1.533392e-13	-3.726981e-07	 4.694948e-10	-4.039201e-07	 4.443484e-10	-6.196488e-08	 7.951839e-11	-3.723236e-07	 3.242555e-10	-4.061651e-12	 3.193094e-11	 4.371652e-12	 3.438965e-11	 2.249739e-15	 2.388264e-15
 4.570882e-03	-4.106474e-07	 1.068492e-11	-2.439551e-10	 1.229431e-14	-4.478175e-07	 1.148315e-11	-4.846504e-07	 1.261258e-11	-7.424641e-08	 1.939513e-12	-4.103812e-07	 1.067267e-11	 4.422139e-13	 1.045471e-12	-4.475175e-13	 1.127301e-12	 7.209212e-18	 2.868186e-17	 4.570882e-03	-4.102466e-07	 3.703607e-10	-2.442854e-10	 3.120582e-13	-4.475012e-07	 3.995901e-10	-4.848872e-07	 4.652456e-10	-7.408576e-08	 6.831056e-11	-4.473577e-07	 3.935905e-10	-2.481340e-11	 4.119098e-11	 1.496269e-10	 6.358969e-11	-4.917529e-15	 3.619696e-15
 5.248075e-03	-4.925769e-07	 1.286752e-11	-3.364157e-10	 1.703339e-14	-5.382645e-07	 1.385121e-11	-5.813224e-07	 1.518875e-11	-8.908046e-08	 2.337755e-12	-4.922098e-07	 1.285047e-11	 5.828550e-13	 1.348034e-12	-5.839951e-13	 1.456243e-12	 1.035033e-17	 4.348222e-17	 5.248075e-03	-4.921041e-07	 4.726144e-10	-3.365168e-10	 2.975586e-13	-5.381836e-07	 5.262560e-10	-5.811367e-07	 5.489604e-10	-8.901185e-08	 1.013404e-10	-5.377893e-07	 5.216258e-10	-1.011307e-10	 5.760444e-11	 1.371673e-10	 5.840552e-11	-7.599432e-16	 5.467658e-15
 6.025596e-03	-5.904812e-07	 1.549030e-11	-4.636363e-10	 2.356363e-14	-6.466321e-07	 1.668591e-11	-6.968350e-07	 1.828441e-11	-1.068145e-07	 2.817179e-12	-5.899751e-07	 1.546650e-11	 7.679737e-13	 1.737363e-12	-7.657975e-13	 1.880059e-12	 1.457055e-17	 6.593118e-17	 6.025596e-03	-5.904599e-07	 5.917243e-10	-4.637408e-10	 4.194995e-13	-6.464407e-07	 5.719911e-10	-6.961684e-07	 6.618242e-10	-1.068437e-07	 9.842559e-11	-6.472264e-07	 5.675702e-10	-2.028588e-11	 7.596984e-11	-7.175945e-11	 7.408458e-11	-1.360955e-14	 8.274685e-15
 6.918310e-03	-7.073798e-07	 1.864165e-11	-6.385556e-10	 3.258472e-14	-7.763820e-07	 2.009604e-11	-8.347463e-07	 2.200386e-11	-1.279996e-07	 3.394547e-12	-7.066827e-07	 1.860840e-11	 1.011336e-12	 2.238105e-12	-1.007699e-12	 2.425672e-12	 2.018419e-17	 9.999044e-17	 6.918310e-03	-7.075897e-07	 6.837527e-10	-6.381335e-10	 6.293733e-13	-7.756910e-07	 7.721513e-10	-8.348308e-07	 8.601607e-10	-1.281040e-07	 1.284921e-10	-7.759590e-07	 9.922428e-10	-1.021387e-10	 8.934594e-11	-6.456243e-11	 9.894672e-11	 1.675594e-14	 1.248833e-14
 7.943282e-03	-8.468387e-07	 2.242137e-11	-8.788697e-10	 4.504164e-14	-9.316224e-07	 2.419479e-11	-9.992568e-07	 2.646508e-11	-1.532872e-07	 4.089232e-12	-8.458790e-07	 2.237466e-11	 1.331136e-12	 2.881717e-12	-1.326592e-12	 3.128197e-12	 2.753708e-17	 1.516742e-16	 7.943282e-03	-8.467208e-07	 9.347742e-10	-8.789066e-10	 8.615781e-13	-9.326754e-07	 8.432984e-10	-9.988337e-07	 1.151009e-09	-1.532032e-07	 1.462747e-10	-9.307177e-07	 9.997151e-10	 7.285769e-11	 1.142389e-10	 2.293464e-11	 1.322638e-10	 7.751730e-15	 1.885714e-14
 9.120108e-03	-1.013063e-06	 2.693877e-11	-1.208755e-09	 6.223813e-14	-1.117222e-06	 2.911706e-11	-1.195318e-06	 3.179613e-11	-1.834470e-07	 4.918131e-12	-1.011743e-06	 2.687601e-11	 1.751551e-12	 3.708530e-12	-1.746440e-12	 4.032289e-12	 3.666660e-17	 2.301268e-16	 9.120108e-03	-1.014268e-06	 1.180147e-09	-1.207759e-09	 1.296975e-12	-1.116363e-06	 1.134220e-09	-1.195602e-06	 1.202547e-09	-1.834482e-07	 1.955644e-10	-1.116406e-06	 1.022292e-09	-1.160379e-10	 1.514557e-10	-1.248038e-10	 1.593105e-10	 9.991884e-15	 2.848003e-14
 1.047129e-02	-1.211003e-06	 3.232497e-11	-1.661197e-09	 8.597440e-14	-1.338944e-06	 3.502488e-11	-1.428756e-06	 3.815248e-11	-2.193870e-07	 5.912085e-12	-1.209188e-06	 3.223780e-11	 2.300955e-12	 4.770209e-12	-2.300050e-12	 5.195158e-12	 4.837665e-17	 3.492488e-16	 1.047129e-02	-1.210209e-06	 1.181988e-09	-1.661455e-09	 1.566553e-12	-1.338351e-06	 1.328914e-09	-1.428289e-06	 1.405303e-09	-2.192649e-07	 2.223192e-10	-1.338449e-06	 1.319404e-09	-2.138054e-10	 1.880505e-10	-2.554043e-11	 2.051951e-10	-5.875073e-14	 4.303486e-14
 1.202264e-02	-1.446477e-06	 3.876808e-11	-2.281149e-09	 1.187399e-13	-1.603603e-06	 4.210634e-11	-1.706416e-06	 4.575560e-11	-2.621765e-07	 7.104185e-12	-1.443984e-06	 3.864730e-11	 3.017224e-12	 6.131946e-12	-3.026734e-12	 6.690089e-12	 6.248996e-17	 5.301870e-16	 1.202264e-02	-1.447496e-06	 1.853690e-09	-2.281578e-09	 3.034130e-12	-1.606092e-06	 1.555768e-09	-1.705030e-06	 1.701953e-09	-2.623808e-07	 2.633393e-10	-1.605899e-06	 1.598395e-09	-7.982560e-11	 2.433111e-10	 2.349190e-10	 2.837101e-10	-5.945512e-15	 6.507040e-14
 1.380384e-02	-1.726313e-06	 4.646454e-11	-3.129779e-09	 1.639826e-13	-1.919242e-06	 5.059044e-11	-2.036325e-06	 5.483698e-11	-3.130732e-07	 8.535307e-12	-1.722890e-06	 4.629746e-11	 3.907218e-12	 7.872331e-12	-3.977410e-12	 8.610640e-12	 7.499060e-17	 8.050706e-16	 1.380384e-02	-1.721585e-06	 2.260319e-09	-3.126880e-09	 3.074287e-12	-1.917291e-06	 3.360346e-09	-2.036852e-06	 2.193853e-09	-3.132231e-07	 3.162608e-10	-1.920338e-06	 2.292142e-09	 2.311168e-10	 3.139810e-10	 4.446227e-10	 3.455993e-10	 1.721963e-13	 9.823083e-14
 1.584893e-02	-2.058503e-06	 5.566384e-11	-4.290194e-09	 2.259045e-13	-2.295342e-06	 6.070114e-11	-2.427874e-06	 6.569116e-11	-3.735542e-07	 1.025455e-11	-2.053809e-06	 5.543152e-11	 5.062855e-12	 1.010100e-11	-5.225150e-12	 1.107646e-11	 8.317118e-17	 1.222860e-15	 1.584893e-02	-2.061306e-06	 2.515652e-09	-4.284536e-09	 4.256435e-12	-2.299892e-06	 2.813879e-09	-2.422464e-06	 2.788771e-09	-3.738007e-07	 3.822122e-10	-2.293912e-06	 2.319476e-09	 3.854366e-10	 4.018900e-10	 9.895026e-10	 6.375568e-10	 1.692025e-13	 1.485820e-13
 1.819701e-02	-2.452391e-06	 6.665712e-11	-5.875138e-09	 3.107845e-13	-2.743066e-06	 7.274622e-11	-2.892032e-06	 7.866114e-11	-4.453509e-07	 1.232033e-11	-2.445960e-06	 6.633352e-11	 6.564664e-12	 1.295269e-11	-6.846903e-12	 1.424094e-11	 8.674304e-17	 1.858102e-15	 1.819701e-02	-2.448625e-06	 2.810633e-09	-5.885354e-09	 5.865555e-12	-2.744462e-06	 2.884013e-09	-2.882199e-06	 3.325902e-09	-4.441455e-07	 4.669110e-10	-2.743856e-06	 3.136124e-09	 2.723981e-10	 5.116558e-10	-6.140572e-10	 5.916587e-10	-2.345117e-13	 2.240776e-13
 2.089296e-02	-2.918874e-06	 7.978172e-11	-8.037276e-09	 4.272271e-13	-3.275528e-06	 8.712182e-11	-3.441580e-06	 9.414381e-11	-5.304898e-07	 1.478317e-11	-2.910070e-06	 7.933304e-11	 8.503303e-12	 1.659637e-11	-8.938092e-12	 1.829475e-11	 6.855411e-17	 2.824257e-15	 2.089296e-02	-2.922123e-06	 3.440539e-09	-8.035665e-09	 8.228961e-12	-3.275956e-06	 3.530174e-09	-3.449084e-06	 3.993706e-09	-5.312259e-07	 6.391997e-10	-3.270759e-06	 3.405032e-09	 3.312354e-10	 6.582952e-10	-1.187228e-10	 7.220363e-10	-1.412799e-13	 3.386580e-13
 2.398833e-02	-3.470633e-06	 9.527996e-11	-1.098294e-08	 5.868732e-13	-3.908118e-06	 1.042541e-10	-4.091372e-06	 1.124197e-10	-6.313383e-07	 1.772777e-11	-3.458592e-06	 9.468102e-11	 1.098261e-11	 2.124619e-11	-1.154906e-11	 2.347480e-11	 9.813042e-18	 4.294019e-15	 2.398833e-02	-3.472123e-06	 3.789201e-09	-1.096225e-08	 1.349315e-11	-3.907809e-06	 3.965560e-09	-4.091047e-06	 4.433529e-09	-6.300316e-07	 6.865997e-10	-3.916139e-06	 4.311867e-09	 8.776390e-10	 8.910469e-10	-7.895527e-10	 1.100338e-09	 3.039163e-13	 5.111646e-13
 2.754229e-02	-4.122390e-06	 1.137015e-10	-1.499039e-08	 8.058909e-13	-4.658855e-06	 1.246627e-10	-4.858634e-06	 1.341443e-10	-7.506565e-07	 2.125990e-11	-4.105940e-06	 1.128717e-10	 1.419512e-11	 2.717295e-11	-1.491552e-11	 3.010269e-11	-1.070092e-16	 6.530527e-15	 2.754229e-02	-4.125762e-06	 5.865590e-09	-1.499622e-08	 1.923682e-11	-4.670063e-06	 7.477145e-09	-4.848311e-06	 6.296030e-09	-7.509791e-07	 8.268854e-10	-4.668384e-06	 5.151746e-09	 2.119006e-09	 1.078716e-09	-1.042901e-09	 1.187718e-09	-3.991785e-13	 7.718339e-13
 3.162278e-02	-4.891194e-06	 1.355732e-10	-2.043408e-08	 1.106093e-12	-5.548808e-06	 1.489622e-10	-5.763282e-06	 1.599352e-10	-8.916559e-07	 2.549776e-11	-4.868746e-06	 1.344259e-10	 1.838876e-11	 3.472072e-11	-1.925610e-11	 3.857579e-11	-3.376430e-16	 9.934120e-15	 3.162278e-02	-4.887681e-06	 6.079843e-09	-2.045387e-08	 2.247067e-11	-5.548067e-06	 5.840221e-09	-5.768838e-06	 6.480733e-09	-8.910075e-07	 1.049711e-09	-5.549856e-06	 6.659000e-09	-4.651148e-10	 1.481278e-09	-1.418137e-09	 1.521364e-09	 5.118923e-13	 1.160662e-12
 3.630781e-02	-5.796739e-06	 1.615195e-10	-2.781658e-08	 1.515205e-12	-6.602561e-06	 1.778641e-10	-6.828277e-06	 1.905252e-10	-1.058065e-06	 3.059158e-11	-5.766140e-06	 1.599331e-10	 2.286108e-11	 4.429383e-11	-2.481335e-11	 4.939090e-11	-6.841127e-16	 1.511476e-14	 3.630781e-02	-5.792858e-06	 6.661402e-09	-2.779344e-08	 4.676903e-11	-6.608205e-06	 9.121906e-09	-6.845881e-06	 8.099922e-09	-1.056280e-06	 1.264254e-09	-6.599034e-06	 9.081128e-09	-2.376339e-09	 1.748121e-09	 2.657195e-09	 2.230610e-09	 2.068688e-12	 1.747780e-12
 4.168694e-02	-6.861706e-06	 1.923096e-10	-3.781061e-08	 2.071983e-12	-7.848739e-06	 2.119402e-10	-8.080008e-06	 2.268213e-10	-1.254202e-06	 3.671125e-11	-6.820050e-06	 1.901091e-10	 2.813849e-11	 5.643338e-11	-3.184778e-11	 6.317705e-11	-1.342515e-15	 2.299952e-14	 4.168694e-02	-6.850748e-06	 8.733352e-09	-3.772295e-08	 4.462757e-11	-7.831708e-06	 1.029566e-08	-8.072680e-06	 1.019035e-08	-1.251758e-06	 1.481895e-09	-7.848103e-06	 8.532474e-09	 2.630821e-10	 3.472141e-09	 3.891979e-09	 2.500931e-09	-5.557837e-12	 2.628639e-12
 4.786301e-02	-8.112150e-06	 2.288371e-10	-5.131389e-08	 2.830869e-12	-9.320615e-06	 2.520889e-10	-9.548709e-06	 2.698737e-10	-1.485059e-06	 4.398021e-11	-8.055514e-06	 2.257875e-10	 3.426248e-11	 7.182230e-11	-4.092359e-11	 8.072682e-11	-2.244168e-15	 3.499921e-14	 4.786301e-02	-8.101257e-06	 9.718198e-09	-5.127070e-08	 5.852407e-11	-9.309182e-06	 1.055427e-08	-9.523963e-06	 1.149257e-08	-1.484795e-06	 1.787352e-09	-9.334692e-06	 1.030141e-08	-2.372651e-09	 3.444485e-09	-1.688606e-09	 4.658598e-09	-7.961688e-13	 3.944789e-12
 5.495409e-02	-9.577902e-06	 2.718279e-10	-6.952041e-08	 3.863946e-12	-1.105677e-05	 2.994693e-10	-1.126889e-05	 3.204819e-10	-1.756386e-06	 5.270782e-11	-9.501004e-06	 2.677797e-10	 4.122729e-11	 9.130490e-11	-5.254882e-11	 1.030451e-10	-3.732922e-15	 5.325021e-14	 5.495409e-02	-9.585103e-06	 1.168027e-08	-6.939273e-08	 8.344120e-11	-1.103276e-05	 1.596214e-08	-1.124349e-05	 1.441201e-08	-1.754247e-06	 2.297783e-09	-1.106725e-05	 1.421291e-08	 4.842210e-09	 3.614755e-09	 2.117589e-09	 4.073047e-09	-1.002085e-11	 5.937514e-12
 6.309573e-02	-1.129300e-05	 3.223652e-10	-9.401231e-08	 5.268428e-12	-1.310186e-05	 3.553073e-10	-1.327980e-05	 3.799837e-10	-2.074788e-06	 6.319442e-11	-1.118875e-05	 3.168302e-10	 4.973524e-11	 1.159460e-10	-6.521803e-11	 1.313255e-10	-5.803644e-15	 8.098963e-14	 6.309573e-02	-1.128896e-05	 1.538820e-08	-9.401397e-08	 1.123493e-10	-1.312614e-05	 1.732917e-08	-1.329974e-05	 1.702683e-08	-2.072601e-06	 2.624286e-09	-1.308092e-05	 1.517067e-08	-2.560779e-09	 4.592447e-09	 3.019232e-09	 6.278809e-09	-2.154477e-12	 8.873947e-12
 7.244360e-02	-1.329615e-05	 3.819289e-10	-1.268775e-07	 7.173931e-12	-1.550743e-05	 4.209711e-10	-1.562586e-05	 4.500871e-10	-2.447829e-06	 7.588996e-11	-1.315504e-05	 3.743617e-10	 5.936602e-11	 1.470727e-10	-7.928935e-11	 1.670977e-10	-8.962153e-15	 1.231143e-13	 7.244360e-02	-1.327661e-05	 1.788653e-08	-1.268328e-07	 1.565352e-10	-1.551113e-05	 1.827083e-08	-1.563437e-05	 2.034590e-08	-2.443222e-06	 3.412964e-09	-1.552575e-05	 1.857942e-08	-4.464505e-09	 6.136835e-09	 4.914508e-09	 7.040844e-09	-1.783556e-11	 1.330803e-11
 8.317638e-02	-1.563120e-05	 4.522295e-10	-1.708585e-07	 9.735509e-12	-1.833284e-05	 4.980780e-10	-1.835714e-05	 5.328116e-10	-2.884136e-06	 9.122924e-11	-1.544050e-05	 4.418701e-10	 7.139925e-11	 1.860103e-10	-9.588677e-11	 2.123556e-10	-1.299332e-14	 1.870046e-13	 8.317638e-02	-1.560862e-05	 2.074829e-08	-1.707393e-07	 2.200580e-10	-1.831944e-05	 2.198910e-08	-1.833489e-05	 2.433592e-08	-2.878564e-06	 4.568756e-09	-1.834962e-05	 2.241741e-08	 5.577560e-09	 7.701070e-09	 1.359719e-08	 8.434752e-09	-2.223804e-11	 1.994834e-11
 9.549926e-02	-1.834760e-05	 5.353409e-10	-2.295397e-07	 1.319317e-11	-2.164633e-05	 5.884276e-10	-2.152981e-05	 6.306541e-10	-3.393506e-06	 1.095090e-10	-1.809035e-05	 5.210466e-10	 8.683391e-11	 2.348275e-10	-1.153777e-10	 2.695139e-10	-1.830156e-14	 2.837979e-13	 9.549926e-02	-1.834989e-05	 2.554232e-08	-2.292227e-07	 2.961083e-10	-2.162937e-05	 2.661101e-08	-2.152554e-05	 3.064730e-08	-3.391628e-06	 4.685181e-09	-2.171817e-05	 3.233289e-08	-1.009818e-09	 9.451919e-09	 1.640211e-08	 1.070343e-08	-1.732736e-11	 2.974939e-11
 1.096478e-01	-2.150090e-05	 6.337218e-10	-3.075777e-07	 1.785189e-11	-2.552603e-05	 6.939219e-10	-2.520649e-05	 7.463881e-10	-3.987012e-06	 1.317000e-10	-2.115453e-05	 6.139914e-10	 1.081887e-10	 2.959477e-10	-1.390572e-10	 3.415623e-10	-2.843426e-14	 4.301267e-13	 1.096478e-01	-2.152621e-05	 2.987831e-08	-3.075570e-07	 4.056002e-10	-2.556848e-05	 3.339174e-08	-2.521008e-05	 3.521215e-08	-3.984883e-06	 5.640271e-09	-2.558693e-05	 3.206478e-08	 4.868637e-09	 1.182079e-08	-7.201719e-09	 2.053665e-08	-3.468592e-11	 4.448934e-11
 1.258925e-01	-2.515315e-05	 7.499058e-10	-4.109833e-07	 2.412009e-11	-3.006127e-05	 8.160806e-10	-2.945654e-05	 8.830494e-10	-4.677079e-06	 1.586858e-10	-2.468769e-05	 7.229182e-10	 1.352623e-10	 3.723875e-10	-1.667684e-10	 4.322720e-10	-4.569850e-14	 6.508955e-13	 1.258925e-01	-2.512654e-05	 3.816389e-08	-4.104118e-07	 5.573891e-10	-2.999315e-05	 4.663407e-08	-2.948114e-05	 4.311040e-08	-4.687989e-06	 7.868739e-09	-3.006376e-05	 4.927353e-08	-4.954482e-08	 1.704729e-08	-1.732962e-09	 1.722195e-08	-6.204439e-11	 6.615226e-11
 1.445440e-01	-2.937319e-05	 8.849410e-10	-5.474573e-07	 3.251891e-11	-3.535373e-05	 9.580293e-10	-3.435621e-05	 1.040625e-09	-5.477546e-06	 1.915971e-10	-2.874903e-05	 8.502857e-10	 1.691222e-10	 4.678547e-10	-1.959444e-10	 5.462125e-10	 7.772611e-13	 9.499605e-13	 1.445440e-01	-2.941821e-05	 4.338971e-08	-5.464363e-07	 1.025642e-09	-3.528067e-05	 6.321098e-08	-3.425433e-05	 5.126285e-08	-5.484389e-06	 8.299172e-09	-3.546423e-05	 4.716877e-08	 2.783100e-08	 1.883736e-08	 5.870636e-08	 2.179078e-08	 1.006399e-10	 9.830346e-11
 1.659587e-01	-3.423696e-05	 1.043563e-09	-7.267806e-07	 4.365179e-11	-4.151879e-05	 1.122778e-09	-3.998857e-05	 1.226239e-09	-6.403676e-06	 2.316083e-10	-3.340183e-05	 9.993180e-10	 2.109726e-10	 5.868653e-10	-2.343584e-10	 6.883887e-10	 1.147868e-12	 1.433335e-12	 1.659587e-01	-3.430224e-05	 5.228850e-08	-7.260928e-07	 1.585257e-09	-4.153481e-05	 5.952706e-08	-3.980519e-05	 8.976012e-08	-6.392045e-06	 1.003013e-08	-4.173249e-05	 5.606113e-08	-3.078446e-08	 2.361547e-08	-4.376843e-09	 2.770534e-08	-1.329224e-10	 1.456332e-10
 1.905461e-01	-3.982736e-05	 1.232016e-09	-9.612507e-07	 5.846131e-11	-4.868682e-05	 1.313843e-09	-4.644308e-05	 1.446375e-09	-7.472065e-06	 2.803808e-10	-3.871258e-05	 1.174023e-09	 2.602040e-10	 7.343467e-10	-2.857308e-10	 8.655113e-10	 1.644539e-12	 2.165069e-12	 1.905461e-01	-3.988894e-05	 6.296941e-08	-9.617107e-07	 1.609824e-09	-4.873090e-05	 7.273626e-08	-4.654169e-05	 7.823766e-08	-7.458388e-06	 1.221769e-08	-4.894947e-05	 6.762606e-08	 1.409889e-08	 3.004954e-08	-1.057079e-08	 3.474963e-08	-1.096459e-10	 2.151098e-10
 2.187762e-01	-4.623395e-05	 1.456186e-09	-1.266153e-06	 7.813122e-11	-5.700429e-05	 1.535442e-09	-5.381469e-05	 1.707939e-09	-8.700435e-06	 3.402278e-10	-4.474960e-05	 1.380962e-09	 3.172075e-10	 9.166842e-10	-3.484185e-10	 1.086202e-09	 2.346088e-12	 3.262465e-12	 2.187762e-01	-4.621079e-05	 8.247914e-08	-1.265714e-06	 2.293992e-09	-5.700652e-05	 8.122984e-08	-5.383649e-05	 9.547043e-08	-8.716653e-06	 1.527271e-08	-5.732275e-05	 8.380189e-08	 5.042144e-08	 3.711792e-08	-1.408628e-08	 4.373159e-08	 2.446882e-10	 3.160840e-10
 2.511886e-01	-5.355196e-05	 1.723843e-09	-1.660221e-06	 1.042121e-10	-6.663485e-05	 1.794094e-09	-6.220225e-05	 2.019586e-09	-1.010723e-05	 4.140346e-10	-5.158082e-05	 1.627584e-09	 3.847755e-10	 1.142196e-09	-4.308767e-10	 1.360543e-09	 3.373481e-12	 4.934666e-12	 2.511886e-01	-5.361924e-05	 9.120604e-08	-1.663405e-06	 2.756372e-09	-6.655805e-05	 1.072424e-07	-6.225183e-05	 1.087561e-07	-1.009972e-05	 1.974322e-08	-6.697678e-05	 9.818280e-08	-5.474967e-08	 4.680668e-08	 2.151161e-08	 5.683952e-08	 7.161552e-10	 4.654634e-10
 2.884032e-01	-6.188061e-05	 2.045496e-09	-2.166028e-06	 1.382482e-10	-7.775985e-05	 2.099318e-09	-7.170589e-05	 2.393192e-09	-1.171086e-05	 5.053369e-10	-5.927048e-05	 1.924550e-09	 4.703392e-10	 1.420222e-09	-5.431316e-10	 1.700838e-09	 4.527823e-12	 7.474838e-12	 2.884032e-01	-6.186312e-05	 1.148486e-07	-2.171483e-06	 4.542289e-09	-7.780730e-05	 1.536179e-07	-7.178645e-05	 1.323911e-07	-1.169432e-05	 2.174501e-08	-7.808542e-05	 1.226897e-07	 6.144583e-08	 5.822291e-08	 7.007319e-08	 6.890077e-08	 8.017759e-10	 6.813079e-10
 3.311311e-01	-7.132028e-05	 2.435681e-09	-2.810219e-06	 1.826798e-10	-9.057816e-05	 2.460491e-09	-8.242312e-05	 2.844845e-09	-1.352860e-05	 6.172569e-10	-6.787456e-05	 2.287001e-09	 5.777468e-10	 1.761547e-09	-6.999196e-10	 2.122000e-09	 4.113587e-12	 1.127751e-11	 3.311311e-01	-7.126762e-05	 1.347770e-07	-2.806357e-06	 5.165731e-09	-9.082266e-05	 1.408552e-07	-8.236864e-05	 1.531079e-07	-1.353561e-05	 2.663528e-08	-9.124559e-05	 1.409021e-07	-3.679615e-08	 7.175935e-08	-9.366890e-08	 8.611629e-08	 8.513271e-10	 9.946544e-10
 3.801894e-01	-8.196811e-05	 2.911878e-09	-3.623403e-06	 2.406857e-10	-1.053053e-04	 2.890830e-09	-9.444302e-05	 3.394058e-09	-1.557472e-05	 7.551045e-10	-7.743416e-05	 2.732692e-09	 7.172540e-10	 2.179440e-09	-9.150215e-10	 2.642017e-09	 8.085895e-12	 1.693717e-11	 3.801894e-01	-8.214207e-05	 1.580953e-07	-3.619501e-06	 6.695649e-09	-1.053345e-04	 1.696951e-07	-9.445474e-05	 1.847265e-07	-1.567563e-05	 3.329640e-08	-1.063031e-04	 1.686135e-07	-2.746125e-08	 8.866146e-08	-2.461064e-09	 1.075223e-07	-1.582007e-09	 1.440396e-09
 4.365158e-01	-9.391147e-05	 3.492360e-09	-4.639522e-06	 3.160591e-10	-1.221704e-04	 3.403842e-09	-1.078379e-04	 4.062245e-09	-1.785784e-05	 9.262261e-10	-8.796650e-05	 3.275563e-09	 8.638614e-10	 2.689677e-09	-1.183098e-09	 3.282268e-09	 1.119131e-11	 2.531209e-11	 4.365158e-01	-9.440147e-05	 1.874368e-07	-4.634563e-06	 1.033529e-08	-1.223210e-04	 2.293965e-07	-1.078678e-04	 2.185378e-07	-1.779062e-05	 3.921281e-08	-1.231999e-04	 2.073546e-07	-3.043961e-08	 1.119772e-07	 5.624560e-08	 1.587273e-07	 4.485303e-11	 2.087621e-09
 5.011872e-01	-1.072181e-04	 4.212335e-09	-5.894344e-06	 4.128491e-10	-1.414121e-04	 4.032102e-09	-1.226518e-04	 4.885179e-09	-2.037693e-05	 1.138874e-09	-9.945288e-05	 3.931701e-09	 9.635526e-10	 3.309722e-09	-1.497777e-09	 4.068591e-09	 1.415088e-11	 3.739204e-11	 5.011872e-01	-1.076559e-04	 2.412901e-07	-5.900503e-06	 1.198283e-08	-1.415424e-04	 2.427432e-07	-1.228064e-04	 2.611871e-07	-2.039122e-05	 4.788177e-08	-1.432043e-04	 2.413903e-07	-3.101046e-08	 1.370724e-07	 6.375441e-08	 1.661328e-07	-5.134358e-09	 3.001713e-09
 5.754399e-01	-1.219236e-04	 5.103196e-09	-7.422699e-06	 5.351802e-10	-1.632713e-04	 4.815149e-09	-1.388847e-04	 5.899793e-09	-2.311564e-05	 1.403266e-09	-1.118225e-04	 4.740939e-09	 9.250989e-10	 4.058561e-09	-1.793067e-09	 5.029627e-09	 1.620677e-11	 5.511148e-11	 5.754399e-01	-1.215347e-04	 3.078646e-07	-7.411860e-06	 1.609697e-08	-1.636333e-04	 2.878381e-07	-1.385560e-04	 3.115675e-07	-2.311220e-05	 6.140256e-08	-1.654624e-04	 2.889468e-07	-2.594162e-08	 1.954918e-07	-2.221482e-07	 2.407465e-07	-6.448815e-10	 4.299969e-09
 6.606934e-01	-1.380133e-04	 6.200929e-09	-9.253906e-06	 6.903726e-10	-1.879800e-04	 5.800358e-09	-1.564723e-04	 7.150746e-09	-2.603424e-05	 1.730626e-09	-1.249320e-04	 5.749265e-09	 6.248262e-10	 4.960429e-09	-2.001914e-09	 6.195848e-09	 7.018337e-11	 8.406629e-11	 6.606934e-01	-1.385135e-04	 3.233530e-07	-9.259696e-06	 2.470744e-08	-1.882872e-04	 3.511550e-07	-1.560133e-04	 4.041442e-07	-2.605984e-05	 7.391295e-08	-1.902340e-04	 3.775352e-07	-9.917358e-08	 2.021155e-07	-4.512534e-08	 2.534703e-07	 9.803574e-09	 6.126683e-09
 7.585776e-01	-1.553980e-04	 7.510604e-09	-1.140467e-05	 8.860783e-10	-2.157450e-04	 7.017365e-09	-1.752579e-04	 8.670519e-09	-2.905872e-05	 2.133260e-09	-1.385400e-04	 7.003157e-09	 6.364239e-11	 6.037802e-09	-2.022210e-09	 7.601433e-09	 1.006987e-10	 1.222816e-10	 7.585776e-01	-1.555934e-04	 3.835033e-07	-1.141068e-05	 3.292247e-08	-2.164177e-04	 4.500367e-07	-1.745376e-04	 4.931610e-07	-2.894186e-05	 8.740689e-08	-2.186549e-04	 4.593342e-07	-1.207031e-07	 2.459037e-07	-1.289684e-07	 3.171043e-07	 4.733178e-09	 8.685533e-09
 8.709636e-01	-1.738832e-04	 9.138262e-09	-1.386868e-05	 1.131241e-09	-2.467282e-04	 8.508236e-09	-1.949580e-04	 1.051354e-08	-3.206578e-05	 2.626751e-09	-1.522747e-04	 8.512445e-09	 1.000180e-08	 5.852123e-09	-1.339005e-09	 9.283672e-09	 4.046866e-11	 1.764986e-10	 8.709636e-01	-1.740862e-04	 4.574397e-07	-1.390224e-05	 4.005684e-08	-2.463242e-04	 5.056947e-07	-1.951406e-04	 5.395864e-07	-3.195092e-05	 1.071485e-07	-2.513914e-04	 4.856328e-07	 2.531409e-07	 2.980774e-07	 2.539120e-07	 3.808395e-07	 1.878067e-08	 1.217197e-08
 1.000000e+00	-1.931304e-04	 1.114077e-08	-1.660220e-05	 1.435928e-09	-2.810221e-04	 1.034877e-08	-2.151189e-04	 1.278096e-08	-3.486349e-05	 3.235451e-09	-1.655970e-04	 1.031854e-08	 1.241985e-08	 7.066054e-09	 1.956958e-10	 1.129458e-08	-6.301543e-11	 2.567090e-10	 1.000000e+00	-1.947898e-04	 5.527803e-07	-1.662035e-05	 4.994659e-08	-2.811894e-04	 5.713844e-07	-2.150743e-04	 6.216688e-07	-3.457296e-05	 1.896533e-07	-2.884814e-04	 5.738425e-07	 2.486842e-07	 3.598853e-07	-2.984475e-07	 4.632167e-07	 2.226678e-08	 1.708745e-08
 1.148154e+00	-2.126095e-04	 1.361747e-08	-1.950435e-05	 1.808053e-09	-3.186143e-04	 1.258576e-08	-2.350657e-04	 1.556363e-08	-3.716651e-05	 3.981170e-09	-1.777577e-04	 1.251285e-08	 1.556057e-08	 8.494004e-09	 2.799592e-09	 1.366149e-08	-9.797472e-11	 3.684385e-10	 1.148154e+00	-2.127627e-04	 7.641823e-07	-1.943290e-05	 6.772626e-08	-3.191654e-04	 7.350435e-07	-2.355123e-04	 7.338767e-07	-3.712292e-05	 1.617541e-07	-3.256701e-04	 7.062576e-07	-1.465439e-07	 5.599014e-07	-9.629293e-07	 5.631411e-07	 1.047474e-08	 2.378732e-08
 1.318257e+00	-2.315443e-04	 1.655795e-08	-2.239200e-05	 2.263755e-09	-3.593486e-04	 1.525019e-08	-2.538409e-04	 1.892399e-08	-3.856477e-05	 4.888829e-09	-1.877547e-04	 1.510793e-08	 1.925802e-08	 1.016846e-08	 6.129533e-09	 1.640588e-08	-1.233394e-10	 5.054340e-10	 1.318257e+00	-2.316224e-04	 7.845158e-07	-2.242642e-05	 8.525726e-08	-3.588063e-04	 7.939440e-07	-2.549396e-04	 8.663879e-07	-3.826575e-05	 1.988012e-07	-3.681142e-04	 8.188370e-07	-9.221041e-07	 5.158070e-07	-6.231196e-07	 6.791563e-07	 4.526717e-08	 3.274901e-08
 1.513561e+00	-2.488473e-04	 1.998219e-08	-2.496877e-05	 2.820151e-09	-4.028855e-04	 1.850267e-08	-2.701377e-04	 2.278417e-08	-3.848672e-05	 5.989428e-09	-1.942879e-04	 1.819358e-08	 2.301496e-08	 1.212322e-08	 1.100057e-08	 1.959256e-08	-1.999977e-10	 7.112644e-10	 1.513561e+00	-2.471007e-04	 1.031896e-06	-2.523555e-05	 1.272154e-07	-4.021798e-04	 9.290137e-07	-2.690403e-04	 1.026102e-06	-3.808954e-05	 2.438331e-07	-4.127612e-04	 9.379030e-07	 2.298211e-07	 7.114367e-07	 5.720552e-07	 8.221614e-07	-5.913584e-08	 4.495348e-08
 1.737801e+00	-2.630495e-04	 2.412804e-08	-2.678794e-05	 3.498312e-09	-4.486574e-04	 2.215035e-08	-2.822229e-04	 2.744877e-08	-3.615656e-05	 7.316725e-09	-1.957199e-04	 2.180909e-08	 2.759738e-08	 1.447448e-08	 1.724251e-08	 2.332342e-08	-3.258218e-10	 9.891319e-10	 1.737801e+00	-2.633681e-04	 1.116763e-06	-2.674540e-05	 1.419516e-07	-4.487046e-04	 1.085140e-06	-2.840277e-04	 1.201666e-06	-3.666190e-05	 3.143195e-07	-4.623296e-04	 1.093052e-06	 7.972129e-07	 8.370778e-07	-8.308829e-07	 1.005191e-06	-4.252011e-08	 6.095359e-08
 1.995262e+00	-2.722302e-04	 2.905263e-08	-2.721190e-05	 4.324171e-09	-4.958148e-04	 2.649748e-08	-2.878640e-04	 3.302511e-08	-3.054786e-05	 8.907621e-09	-1.900562e-04	 2.598979e-08	-1.731245e-08	 2.151593e-08	 2.479795e-08	 2.756037e-08	-4.968648e-10	 1.365566e-09	 1.995262e+00	-2.710472e-04	 1.361752e-06	-2.690783e-05	 2.097301e-07	-4.948994e-04	 1.258029e-06	-2.860729e-04	 1.414073e-06	-3.039980e-05	 3.726207e-07	-5.122268e-04	 1.269590e-06	 8.235681e-07	 9.095886e-07	 1.000882e-06	 1.188156e-06	 1.878653e-08	 8.210870e-08
 2.290868e+00	-2.739429e-04	 3.475809e-08	-2.537007e-05	 5.329253e-09	-5.431910e-04	 3.160153e-08	-2.842513e-04	 3.941019e-08	-2.033680e-05	 1.080076e-08	-1.749388e-04	 3.065593e-08	-1.785787e-08	 2.558796e-08	 3.347404e-08	 3.237771e-08	-7.323872e-10	 1.866872e-09	 2.290868e+00	-2.732377e-04	 1.470048e-06	-2.563877e-05	 2.292249e-07	-5.415903e-04	 1.507770e-06	-2.843285e-04	 1.763072e-06	-1.989370e-05	 4.507566e-07	-5.624362e-04	 1.467509e-06	-1.311633e-06	 1.001647e-06	-2.444506e-06	 1.393019e-06	-5.656535e-08	 1.100171e-07
 2.630268e+00	-2.651534e-04	 4.149049e-08	-2.012113e-05	 6.551993e-09	-5.892912e-04	 3.754609e-08	-2.679381e-04	 4.687995e-08	-3.860572e-06	 1.304572e-08	-1.476935e-04	 3.604047e-08	-1.637528e-08	 3.040719e-08	 3.795039e-08	 3.774790e-08	-1.052100e-09	 2.529161e-09	 2.630268e+00	-2.649724e-04	 1.727775e-06	-2.033350e-05	 2.857415e-07	-5.907296e-04	 1.752883e-06	-2.659460e-04	 1.949857e-06	-3.378316e-06	 5.496594e-07	-6.169335e-04	 1.943594e-06	 4.711664e-07	 1.168091e-06	-2.394436e-06	 1.592485e-06	-2.350702e-09	 1.462357e-07
 3.019952e+00	-2.422008e-04	 4.882512e-08	-1.001431e-05	 6.002086e-09	-6.322899e-04	 4.422854e-08	-2.347950e-04	 5.527211e-08	 2.091067e-05	 1.561888e-08	-1.054106e-04	 4.189774e-08	-1.755458e-08	 3.611908e-08	 3.923726e-08	 4.369094e-08	-1.473148e-09	 3.399144e-09	 3.019952e+00	-2.423509e-04	 2.006807e-06	-1.032684e-05	 4.425095e-07	-6.303085e-04	 2.007382e-06	-2.337098e-04	 2.392285e-06	 2.114640e-05	 6.415878e-07	-6.635506e-04	 1.922446e-06	-1.710098e-06	 1.359101e-06	 1.147346e-06	 1.855247e-06	 2.810902e-07	 1.910256e-07
 3.467369e+00	-2.007618e-04	 5.699484e-08	 6.682523e-06	 7.268753e-09	-6.700567e-04	 5.174501e-08	-1.799896e-04	 6.427485e-08	 5.638448e-05	 1.856943e-08	-4.511239e-05	 4.838244e-08	-2.031279e-08	 4.291483e-08	 3.518097e-08	 5.073315e-08	-2.062310e-09	 4.505871e-09	 3.467369e+00	-1.997837e-04	 2.343181e-06	 5.921875e-06	 4.401303e-07	-6.678121e-04	 2.175521e-06	-1.783239e-04	 2.737684e-06	 5.597218e-05	 7.624149e-07	-7.010654e-04	 2.188722e-06	-3.129564e-06	 1.659585e-06	 1.628157e-06	 2.146288e-06	-3.181761e-08	 2.489132e-07
 3.981072e+00	-1.358755e-04	 6.612422e-08	 3.202197e-05	 8.777126e-09	-7.002262e-04	 5.951761e-08	-9.800092e-05	 7.454087e-08	 1.053242e-04	 2.201388e-08	 3.602401e-05	 5.551977e-08	-2.264088e-08	 5.094198e-08	 2.529014e-08	 5.858606e-08	-2.836063e-09	 5.896603e-09	 3.981072e+00	-1.338390e-04	 2.793487e-06	 3.249782e-05	 5.651857e-07	-6.997721e-04	 2.438523e-06	-9.523571e-05	 3.058526e-06	 1.042483e-04	 1.091319e-06	-7.375664e-04	 2.465699e-06	 2.421929e-07	 1.993338e-06	-4.463436e-06	 2.510380e-06	 1.760473e-07	 3.187105e-07
 4.570882e+00	-4.198881e-05	 7.619795e-08	 6.829131e-05	 1.056488e-08	-7.203541e-04	 6.756995e-08	 1.731201e-05	 8.567027e-08	 1.707905e-04	 2.600326e-08	 1.403389e-04	 6.341404e-08	 1.953264e-08	 4.972688e-08	 1.363532e-08	 6.718327e-08	-3.748948e-09	 7.668745e-09	 4.570882e+00	-4.318034e-05	 3.232707e-06	 6.716904e-05	 6.345945e-07	-7.250562e-04	 2.721433e-06	 2.029560e-05	 3.519485e-06	 1.701371e-04	 1.130700e-06	-7.700690e-04	 2.779547e-06	 3.337684e-06	 2.093608e-06	 2.205309e-06	 3.025438e-06	 4.404434e-07	 4.071341e-07
 5.248075e+00	 8.710958e-05	 6.386695e-08	 1.179330e-04	 1.265678e-08	-7.280869e-04	 7.606256e-08	 1.727857e-04	 7.185800e-08	 2.560379e-04	 3.045700e-08	 2.693237e-04	 7.176214e-08	 2.018601e-08	 5.745868e-08	-8.036537e-08	 6.289437e-08	-4.739215e-09	 9.851986e-09	 5.248075e+00	 8.027970e-05	 3.622457e-06	 1.186032e-04	 7.845217e-07	-7.260357e-04	 3.029398e-06	 1.707447e-04	 4.057842e-06	 2.555456e-04	 1.341533e-06	-7.823493e-04	 3.057157e-06	-1.454305e-06	 2.479883e-06	 5.739801e-08	 3.140783e-06	 7.512203e-09	 5.126516e-07
 6.025596e+00	 2.575758e-04	 7.240953e-08	 1.834188e-04	 1.508423e-08	-7.213512e-04	 8.455122e-08	 3.752118e-04	 8.281052e-08	 3.643698e-04	 3.542357e-08	 4.232227e-04	 8.099986e-08	 1.003098e-08	 6.696635e-08	-8.176991e-08	 7.201851e-08	-5.942363e-09	 1.248157e-08	 6.025596e+00	 2.564073e-04	 4.367988e-06	 1.842940e-04	 8.993803e-07	-7.196162e-04	 3.845771e-06	 3.745366e-04	 4.763233e-06	 3.648010e-04	 1.420843e-06	-7.833017e-04	 3.474994e-06	 4.519537e-06	 2.786558e-06	-1.533446e-06	 3.511635e-06	-5.599386e-07	 6.374101e-07
 6.918310e+00	 4.760379e-04	 1.123186e-07	 2.670907e-04	 1.892495e-08	-6.986664e-04	 9.292220e-08	 6.319879e-04	 9.385140e-08	 4.989631e-04	 4.091054e-08	 6.006032e-04	 9.113437e-08	 1.732383e-08	 7.789823e-08	-4.358607e-08	 8.404423e-08	-7.183909e-09	 1.551783e-08	 6.918310e+00	 4.717961e-04	 5.001771e-06	 2.676784e-04	 1.191725e-06	-7.005553e-04	 3.682457e-06	 6.354635e-04	 5.602217e-06	 4.983497e-04	 1.630010e-06	-7.643383e-04	 3.720262e-06	-3.118374e-06	 3.260990e-06	 4.515881e-06	 4.178488e-06	-8.429393e-07	 7.825228e-07
 7.943282e+00	 7.496859e-04	 9.429401e-08	 3.710056e-04	 2.257030e-08	-6.593927e-04	 9.992318e-08	 9.503994e-04	 1.060606e-07	 6.626723e-04	 4.687468e-08	 7.980089e-04	 1.020934e-07	 2.442513e-08	 9.170889e-08	-4.839512e-08	 9.482712e-08	-7.893191e-09	 1.915796e-08	 7.943282e+00	 7.459534e-04	 5.535761e-06	 3.709244e-04	 1.252761e-06	-6.642687e-04	 4.003686e-06	 9.508677e-04	 6.444369e-06	 6.648910e-04	 1.864140e-06	-7.245365e-04	 4.563019e-06	-4.667512e-06	 3.677579e-06	 8.621681e-07	 4.375140e-06	-1.310895e-07	 9.466660e-07
 9.120108e+00	 1.084237e-03	 1.410903e-07	 4.967511e-04	 2.658130e-08	-6.038724e-04	 1.068301e-07	 1.337524e-03	 1.199596e-07	 8.578517e-04	 5.358048e-08	 1.009771e-03	 1.138409e-07	 2.740039e-08	 1.070014e-07	-4.866985e-08	 1.058577e-07	-7.637895e-09	 2.331380e-08	 9.120108e+00	 1.094977e-03	 6.607700e-06	 4.993998e-04	 1.863522e-06	-5.983678e-04	 4.545054e-06	 1.342223e-03	 6.870111e-06	 8.606707e-04	 2.128374e-06	-6.821623e-04	 4.766763e-06	-3.199659e-06	 4.240615e-06	-1.045418e-05	 4.656939e-06	 4.790143e-07	 1.132937e-06
 1.047129e+01	 1.486423e-03	 1.583672e-07	 6.453249e-04	 3.096178e-08	-5.336857e-04	 1.132294e-07	 1.799753e-03	 1.778302e-07	 1.086173e-03	 6.083176e-08	 1.227982e-03	 1.268216e-07	 4.045668e-08	 1.219884e-07	-4.964633e-08	 1.136128e-07	-6.252040e-09	 2.805777e-08	 1.047129e+01	 1.481315e-03	 7.284888e-06	 6.447007e-04	 1.879717e-06	-5.379666e-04	 4.723658e-06	 1.796706e-03	 8.581454e-06	 1.088669e-03	 2.563954e-06	-6.183450e-04	 4.734849e-06	-6.686513e-06	 4.886339e-06	-4.338815e-06	 5.047636e-06	-2.135718e-06	 1.343602e-06
 1.202264e+01	 1.961540e-03	 1.774461e-07	 8.170985e-04	 3.458107e-08	-4.516483e-04	 1.193457e-07	 2.343581e-03	 1.995332e-07	 1.348504e-03	 5.714335e-08	 1.442729e-03	 1.406190e-07	 6.988677e-08	 1.418074e-07	 1.653703e-07	 1.266378e-07	 1.370852e-09	 3.750662e-08	 1.202264e+01	 1.955504e-03	 8.491140e-06	 8.187927e-04	 2.043027e-06	-4.550805e-04	 5.247340e-06	 2.332442e-03	 9.199826e-06	 1.347050e-03	 2.896498e-06	-5.335532e-04	 5.332888e-06	 2.920878e-07	 6.272299e-06	-3.260812e-06	 5.581042e-06	-1.515138e-07	 1.560119e-06
 1.380384e+01	 2.514316e-03	 1.998926e-07	 1.011594e-03	 4.027546e-08	-3.617408e-04	 1.271077e-07	 2.973890e-03	 2.249302e-07	 1.644969e-03	 6.570741e-08	 1.642703e-03	 1.554833e-07	 9.949623e-08	 1.649263e-07	 1.674066e-07	 1.383106e-07	 4.076754e-09	 4.404139e-08	 1.380384e+01	 2.514254e-03	 9.004393e-06	 1.011582e-03	 2.700750e-06	-3.685644e-04	 5.650534e-06	 2.960928e-03	 1.030220e-05	 1.647386e-03	 3.254845e-06	-4.494934e-04	 5.739255e-06	 1.384357e-06	 6.500797e-06	-9.642913e-06	 5.793480e-06	-8.160205e-07	 1.800102e-06
 1.584893e+01	 3.148486e-03	 2.250443e-07	 1.227810e-03	 4.604913e-08	-2.689029e-04	 1.365664e-07	 3.694722e-03	 2.533313e-07	 1.974861e-03	 7.256828e-08	 1.815972e-03	 1.721128e-07	 1.290502e-07	 1.919007e-07	 5.689585e-08	 1.431523e-07	 8.597490e-09	 5.127752e-08	 1.584893e+01	 3.136366e-03	 1.021205e-05	 1.232918e-03	 2.970384e-06	-2.749739e-04	 5.855879e-06	 3.717178e-03	 1.137681e-05	 1.976708e-03	 4.037538e-06	-3.620802e-04	 5.852773e-06	-3.631558e-06	 7.721166e-06	-2.074530e-06	 6.164877e-06	-3.949728e-07	 2.034352e-06
 1.819701e+01	 3.866579e-03	 2.544154e-07	 1.464026e-03	 5.204263e-08	-1.786799e-04	 1.492731e-07	 4.508798e-03	 2.863044e-07	 2.336479e-03	 7.860760e-08	 1.950834e-03	 1.905234e-07	 1.617447e-07	 2.226778e-07	 1.956203e-08	 1.538343e-07	 1.286832e-08	 5.888976e-08	 1.819701e+01	 3.859790e-03	 1.148584e-05	 1.461943e-03	 3.401475e-06	-1.766290e-04	 7.407547e-06	 4.531429e-03	 1.302550e-05	 2.341205e-03	 5.523735e-06	-2.775265e-04	 6.226113e-06	 4.363929e-07	 8.955719e-06	-1.770665e-06	 6.688477e-06	-1.798700e-06	 2.276163e-06
 2.089296e+01	 4.669789e-03	 2.886731e-07	 1.718406e-03	 6.006149e-08	-9.679195e-05	 1.614254e-07	 5.417383e-03	 3.247233e-07	 2.728012e-03	 8.993398e-08	 2.036778e-03	 2.100554e-07	 1.987410e-07	 2.571855e-07	-1.715422e-08	 1.652502e-07	 1.815393e-08	 6.653228e-08	 2.089296e+01	 4.650910e-03	 1.295756e-05	 1.717470e-03	 4.169831e-06	-1.040817e-04	 6.652762e-06	 5.441423e-03	 1.487080e-05	 2.728461e-03	 5.172564e-06	-1.930470e-04	 6.957711e-06	-9.743888e-06	 1.115887e-05	-4.210375e-06	 7.073570e-06	-2.077913e-06	 2.511381e-06
 2.398833e+01	 5.557776e-03	 3.274983e-07	 1.988497e-03	 6.908672e-08	-2.866148e-05	 1.733281e-07	 6.420056e-03	 3.676469e-07	 3.146784e-03	 1.026274e-07	 2.065446e-03	 2.304264e-07	-4.889261e-08	 2.982065e-07	-6.425347e-08	 1.778595e-07	 2.469055e-08	 7.438035e-08	 2.398833e+01	 5.529679e-03	 1.462991e-05	 1.987500e-03	 5.062686e-06	-2.982108e-05	 7.011199e-06	 6.405166e-03	 1.613224e-05	 3.150525e-03	 6.077961e-06	-1.359160e-04	 6.985969e-06	 4.360480e-06	 1.182325e-05	-2.632018e-06	 7.540236e-06	 1.057436e-06	 2.738554e-06
 2.754229e+01	 6.528646e-03	 3.709976e-07	 2.271826e-03	 9.328940e-08	 2.103895e-05	 1.848509e-07	 7.514640e-03	 4.176269e-07	 3.589838e-03	 1.172753e-07	 2.031482e-03	 2.509742e-07	-2.874089e-09	 3.396355e-07	-1.029665e-07	 1.914062e-07	 3.116455e-08	 8.210512e-08	 2.754229e+01	 6.548870e-03	 1.657444e-05	 2.258778e-03	 5.560289e-06	 1.990987e-05	 7.379576e-06	 7.489204e-03	 1.818113e-05	 3.602437e-03	 7.737757e-06	-9.776732e-05	 7.608007e-06	-1.977683e-05	 1.466705e-05	 5.262400e-06	 7.624707e-06	-6.700263e-07	 2.963253e-06
 3.162278e+01	 7.578894e-03	 4.196377e-07	 2.565661e-03	 1.048247e-07	 4.873212e-05	 1.950008e-07	 8.697265e-03	 4.717813e-07	 4.053917e-03	 1.340871e-07	 1.932828e-03	 2.698625e-07	 4.466283e-09	 3.869108e-07	-1.201963e-07	 2.057502e-07	 3.744701e-08	 8.930695e-08	 3.162278e+01	 7.603142e-03	 2.114033e-05	 2.565063e-03	 6.466486e-06	 4.857050e-05	 8.072397e-06	 8.677955e-03	 2.050158e-05	 4.055707e-03	 8.263893e-06	-5.235821e-05	 7.821396e-06	 2.753274e-05	 1.555785e-05	-3.639491e-06	 8.054474e-06	-2.526232e-06	 3.123216e-06
 3.630781e+01	 8.702593e-03	 3.873080e-07	 2.867410e-03	 1.181288e-07	 5.222048e-05	 2.042423e-07	 9.961330e-03	 4.361212e-07	 4.535836e-03	 1.793430e-07	 1.770857e-03	 2.884145e-07	-2.991893e-08	 4.388089e-07	-8.832373e-09	 2.206681e-07	 4.786511e-08	 9.620524e-08	 3.630781e+01	 8.700943e-03	 2.088870e-05	 2.871411e-03	 7.459234e-06	 4.636817e-05	 8.211152e-06	 9.972367e-03	 2.379130e-05	 4.534211e-03	 9.758113e-06	-5.627041e-05	 7.922014e-06	 1.313847e-05	 1.793499e-05	 1.765646e-05	 8.236247e-06	 1.153336e-06	 3.284269e-06
 4.168694e+01	 9.894259e-03	 4.416674e-07	 3.174510e-03	 1.336333e-07	 3.075042e-05	 1.595390e-07	 1.130074e-02	 4.970880e-07	 5.031487e-03	 2.021837e-07	 1.550201e-03	 3.078761e-07	-7.183478e-08	 4.997445e-07	-2.265072e-08	 2.350029e-07	 6.234609e-08	 1.027346e-07	 4.168694e+01	 9.902674e-03	 2.353600e-05	 3.166743e-03	 8.930077e-06	 4.049314e-05	 8.663510e-06	 1.130824e-02	 2.717259e-05	 5.011289e-03	 1.130951e-05	-6.662526e-05	 8.629977e-06	-6.001296e-06	 2.047539e-05	 3.273857e-06	 8.676321e-06	-8.887408e-07	 3.427415e-06
 4.786301e+01	 1.114537e-02	 5.013231e-07	 3.484487e-03	 1.302729e-07	-1.522542e-05	 1.649296e-07	 1.270602e-02	 5.638139e-07	 5.537429e-03	 2.280473e-07	 1.278304e-03	 3.285723e-07	-7.319816e-08	 5.596028e-07	-3.608389e-08	 2.490334e-07	 1.957231e-07	 9.124653e-08	 4.786301e+01	 1.120410e-02	 2.640606e-05	 3.483652e-03	 1.008202e-05	-1.299295e-05	 8.451388e-06	 1.273104e-02	 3.071055e-05	 5.520179e-03	 1.256236e-05	-1.192463e-04	 8.525094e-06	 8.902198e-06	 2.332529e-05	 2.393956e-06	 8.728116e-06	 5.682345e-06	 3.492388e-06
 5.495409e+01	 1.244673e-02	 5.665229e-07	 3.794927e-03	 1.455200e-07	-8.307944e-05	 1.626015e-07	 1.416694e-02	 6.366536e-07	 6.049924e-03	 2.568287e-07	 9.647574e-04	 3.482294e-07	-6.787940e-07	 6.215206e-07	 3.473480e-07	 2.599390e-07	 1.975433e-07	 9.592290e-08	 5.495409e+01	 1.244379e-02	 3.259172e-05	 3.803703e-03	 1.096982e-05	-9.608812e-05	 8.614790e-06	 1.419373e-02	 3.415077e-05	 6.049798e-03	 1.494176e-05	-1.806708e-04	 8.716650e-06	 3.785895e-05	 2.710715e-05	 2.068460e-06	 9.260308e-06	-3.715375e-06	 3.564100e-06
 6.309573e+01	 1.378846e-02	 6.373314e-07	 4.103490e-03	 1.619502e-07	-1.702305e-04	 1.673646e-07	 1.567253e-02	 7.159592e-07	 6.565255e-03	 2.882724e-07	 6.204744e-04	 3.666995e-07	-7.801145e-07	 6.917098e-07	 5.193176e-07	 2.725729e-07	 2.537758e-07	 9.845127e-08	 6.309573e+01	 1.374221e-02	 3.667259e-05	 4.108933e-03	 1.229896e-05	-1.893226e-04	 9.076604e-06	 1.568771e-02	 3.786317e-05	 6.564791e-03	 1.599827e-05	-2.724791e-04	 8.677031e-06	 3.050506e-05	 2.974468e-05	 9.179839e-07	 9.640764e-06	 5.187932e-07	 3.584916e-06
 7.244360e+01	 1.516021e-02	 7.133764e-07	 4.408003e-03	 1.794718e-07	-2.728166e-04	 1.720785e-07	 1.721128e-02	 8.010254e-07	 7.079743e-03	 3.222760e-07	 2.569324e-04	 3.858425e-07	-8.580708e-07	 7.662856e-07	 6.895578e-07	 2.851378e-07	 8.727662e-08	 1.240014e-07	 7.244360e+01	 1.518095e-02	 3.713393e-05	 4.397558e-03	 1.367568e-05	-2.812942e-04	 8.859267e-06	 1.726240e-02	 4.285228e-05	 7.069119e-03	 1.814029e-05	-3.710505e-04	 8.788813e-06	 4.298209e-05	 3.341516e-05	-5.877747e-06	 9.470846e-06	-2.285006e-06	 3.576086e-06
 8.317638e+01	 1.655150e-02	 7.944557e-07	 4.706430e-03	 1.973508e-07	-3.866600e-04	 1.778414e-07	 1.877151e-02	 8.916568e-07	 7.589844e-03	 3.590557e-07	-1.143015e-04	 3.122285e-07	-5.841939e-07	 8.390275e-07	-6.762080e-08	 3.007653e-07	 1.030326e-07	 1.280050e-07	 8.317638e+01	 1.655958e-02	 4.366254e-05	 4.693855e-03	 1.500469e-05	-3.837592e-04	 9.068839e-06	 1.870921e-02	 4.582901e-05	 7.607564e-03	 1.966797e-05	-4.837868e-04	 9.056755e-06	-3.008026e-05	 3.855093e-05	-4.539889e-06	 9.328485e-06	 5.142750e-07	 3.571795e-06
 9.549926e+01	 1.795198e-02	 8.802090e-07	 4.996903e-03	 2.163115e-07	-5.070219e-04	 1.874758e-07	 2.034168e-02	 9.872559e-07	 8.092172e-03	 3.982224e-07	-4.829006e-04	 3.255989e-07	-6.635216e-07	 9.188382e-07	 4.874035e-07	 3.989221e-07	 1.109106e-07	 1.322345e-07	 9.549926e+01	 1.796653e-02	 4.746381e-05	 4.982960e-03	 1.646663e-05	-5.136354e-04	 9.096373e-06	 2.040305e-02	 5.182216e-05	 8.097474e-03	 2.172790e-05	-6.008147e-04	 9.005225e-06	 6.546966e-05	 4.244533e-05	-6.267128e-06	 9.393077e-06	-4.733921e-06	 3.502430e-06
 1.096478e+02	 1.935171e-02	 9.693571e-07	 5.277872e-03	 2.352833e-07	-6.307472e-04	 1.889626e-07	 2.191073e-02	 1.086914e-06	 8.583704e-03	 4.390467e-07	-8.393785e-04	 3.385323e-07	-7.380971e-07	 1.001862e-06	 4.882281e-07	 4.110464e-07	 1.220094e-07	 1.366642e-07	 1.096478e+02	 1.930208e-02	 5.035250e-05	 5.280689e-03	 1.793727e-05	-6.252718e-04	 9.104626e-06	 2.191323e-02	 5.575520e-05	 8.573073e-03	 2.371658e-05	-7.199262e-04	 8.808592e-06	-2.527725e-05	 4.869406e-05	-2.165371e-06	 9.417091e-06	-7.306334e-07	 3.402489e-06
 1.258925e+02	 2.074142e-02	 1.061886e-06	 5.547791e-03	 2.532012e-07	-7.529926e-04	 1.934929e-07	 2.346828e-02	 1.190301e-06	 9.061194e-03	 3.827969e-07	-1.175565e-03	 3.527556e-07	-8.052564e-07	 1.087524e-06	 5.126032e-07	 4.238647e-07	 1.393081e-07	 1.400666e-07	 1.258925e+02	 2.078089e-02	 5.658160e-05	 5.552970e-03	 1.933688e-05	-7.460167e-04	 9.105030e-06	 2.351631e-02	 6.114563e-05	 9.084688e-03	 2.952465e-05	-8.371016e-04	 9.101318e-06	 1.983929e-05	 4.994233e-05	-2.342909e-06	 9.631409e-06	 3.271194e-06	 3.286746e-06
 1.445440e+02	 2.211260e-02	 1.156657e-06	 5.805604e-03	 2.708742e-07	-8.706237e-04	 1.945677e-07	 2.500484e-02	 1.296080e-06	 9.523159e-03	 4.121996e-07	-1.486080e-03	 4.644546e-07	-8.827039e-07	 1.174624e-06	 5.554242e-07	 4.332839e-07	 1.461371e-07	 1.429158e-07	 1.445440e+02	 2.207653e-02	 6.227174e-05	 5.843647e-03	 2.090067e-05	-8.612548e-04	 8.782507e-06	 2.491998e-02	 6.699111e-05	 9.541388e-03	 2.789960e-05	-9.589972e-04	 8.679080e-06	-1.209345e-04	 5.446140e-05	 1.085600e-05	 9.555688e-06	-1.161941e-06	 3.165289e-06
 1.659587e+02	 2.345768e-02	 1.254010e-06	 6.050440e-03	 2.881517e-07	-9.807855e-04	 1.986847e-07	 2.651195e-02	 1.404893e-06	 9.967177e-03	 4.417697e-07	-1.765048e-03	 4.781568e-07	-9.412807e-07	 1.263011e-06	 6.166125e-07	 4.399933e-07	 1.471334e-07	 1.440220e-07	 1.659587e+02	 2.347117e-02	 6.964539e-05	 6.075979e-03	 2.235328e-05	-9.602306e-04	 8.824803e-06	 2.644358e-02	 7.306322e-05	 9.944092e-03	 3.014410e-05	-1.067068e-03	 8.594329e-06	-2.255296e-05	 6.007271e-05	-6.997869e-06	 9.410920e-06	 1.233043e-06	 3.073146e-06
 1.905461e+02	 2.477008e-02	 1.352894e-06	 6.281619e-03	 3.050663e-07	-1.081162e-03	 2.015915e-07	 2.798227e-02	 1.514849e-06	 1.039170e-02	 4.709036e-07	-2.009765e-03	 4.869574e-07	-9.709782e-07	 1.352658e-06	 6.672631e-07	 4.460561e-07	 3.545772e-07	 1.082134e-07	 1.905461e+02	 2.485217e-02	 7.243446e-05	 6.267055e-03	 2.392537e-05	-1.080631e-03	 8.919671e-06	 2.808415e-02	 8.023111e-05	 1.041108e-02	 3.322031e-05	-1.166958e-03	 8.433901e-06	-4.617356e-05	 6.412776e-05	-5.270185e-06	 9.106000e-06	 4.614650e-06	 2.940700e-06
 2.187762e+02	 2.604423e-02	 1.452298e-06	 6.498749e-03	 3.215816e-07	-1.170086e-03	 2.058317e-07	 2.940953e-02	 1.625976e-06	 1.079554e-02	 5.001084e-07	-2.218611e-03	 4.979879e-07	-9.842741e-07	 1.442893e-06	 6.648086e-07	 4.532689e-07	 1.385574e-07	 1.069697e-07	 2.187762e+02	 2.613556e-02	 8.447258e-05	 6.490813e-03	 2.543286e-05	-1.175664e-03	 8.386041e-06	 2.942943e-02	 8.542788e-05	 1.083144e-02	 3.443679e-05	-1.228054e-03	 8.284510e-06	 5.382875e-05	 6.898652e-05	 6.886312e-07	 9.149670e-06	 4.724175e-07	 2.787469e-06
 2.511886e+02	 2.727546e-02	 1.551938e-06	 6.701679e-03	 3.378815e-07	-1.246393e-03	 2.044564e-07	 3.078851e-02	 1.736854e-06	 1.117792e-02	 5.294167e-07	-2.391059e-03	 5.076559e-07	-9.689508e-07	 1.533131e-06	 6.971868e-07	 4.563942e-07	 1.375525e-07	 1.059092e-07	 2.511886e+02	 2.739415e-02	 8.408499e-05	 6.667866e-03	 2.693416e-05	-1.240160e-03	 8.442876e-06	 3.073532e-02	 9.635922e-05	 1.117282e-02	 3.670711e-05	-1.313823e-03	 8.228478e-06	-1.004552e-04	 7.391736e-05	 2.119511e-05	 9.065929e-06	-5.517277e-08	 2.585198e-06
 2.884032e+02	 2.846011e-02	 1.652184e-06	 6.890456e-03	 3.539637e-07	-1.309418e-03	 2.872552e-07	 3.211514e-02	 1.848931e-06	 1.153834e-02	 5.583391e-07	-2.527756e-03	 5.119148e-07	-9.481359e-07	 1.623786e-06	 6.692583e-07	 4.597327e-07	 1.060690e-07	 1.033194e-07	 2.884032e+02	 2.847200e-02	 8.984109e-05	 6.912394e-03	 3.013811e-05	-1.310111e-03	 8.126701e-06	 3.219050e-02	 9.977576e-05	 1.158203e-02	 3.881605e-05	-1.377888e-03	 8.026667e-06	-4.143581e-05	 7.957695e-05	 5.173004e-06	 8.595269e-06	-1.924011e-06	 2.485025e-06
 3.311311e+02	 2.959778e-02	 2.350199e-06	 7.065300e-03	 3.697572e-07	-1.359140e-03	 2.924635e-07	 3.338889e-02	 2.629137e-06	 1.187683e-02	 5.870835e-07	-2.630139e-03	 5.143735e-07	-9.501448e-07	 1.713389e-06	 6.167852e-07	 4.646286e-07	 9.179430e-08	 1.005397e-07	 3.311311e+02	 2.958941e-02	 9.656418e-05	 7.073752e-03	 2.983120e-05	-1.349942e-03	 7.785722e-06	 3.325845e-02	 1.057756e-04	 1.183585e-02	 4.244709e-05	-1.421489e-03	 7.891172e-06	-2.093318e-04	 8.414355e-05	-5.086558e-06	 8.493426e-06	 7.121803e-07	 2.321882e-06
 3.801894e+02	 3.068199e-02	 2.520737e-06	 7.226543e-03	 3.853197e-07	-1.395734e-03	 2.936462e-07	 3.460254e-02	 2.821884e-06	 1.219336e-02	 6.145252e-07	-2.700253e-03	 5.142303e-07	-9.437431e-07	 1.801542e-06	 6.602363e-07	 4.641398e-07	 1.349669e-08	 1.056276e-07	 3.801894e+02	 3.075006e-02	 1.012649e-04	 7.248640e-03	 3.279295e-05	-1.403338e-03	 7.526010e-06	 3.481587e-02	 1.123217e-04	 1.219650e-02	 4.322631e-05	-1.453387e-03	 7.560774e-06	-1.336443e-04	 8.930224e-05	 9.544633e-06	 8.056060e-06	-4.826475e-07	 2.181427e-06
 4.365158e+02	 3.171334e-02	 2.700301e-06	 7.374696e-03	 4.003591e-07	-1.419736e-03	 2.940402e-07	 3.575710e-02	 3.020147e-06	 1.248838e-02	 6.422809e-07	-2.740685e-03	 5.124130e-07	-9.320272e-07	 1.889086e-06	 6.750971e-07	 4.621296e-07	 2.202031e-08	 1.021294e-07	 4.365158e+02	 3.171476e-02	 1.075960e-04	 7.342685e-03	 3.265388e-05	-1.430592e-03	 7.587947e-06	 3.555160e-02	 1.198161e-04	 1.247166e-02	 4.537951e-05	-1.476067e-03	 7.402008e-06	-1.279377e-04	 9.448481e-05	-7.302522e-07	 7.775918e-06	-1.625835e-06	 1.971775e-06
 5.011872e+02	 3.269145e-02	 2.890932e-06	 7.510329e-03	 4.162674e-07	-1.431759e-03	 2.962510e-07	 3.685163e-02	 3.234182e-06	 1.276246e-02	 6.712797e-07	-2.753645e-03	 3.661162e-07	-8.953138e-07	 1.977117e-06	 6.238991e-07	 4.599643e-07	 1.563261e-07	 1.355162e-07	 5.011872e+02	 3.261582e-02	 1.143170e-04	 7.492565e-03	 3.556086e-05	-1.436658e-03	 7.016674e-06	 3.701194e-02	 1.318161e-04	 1.280160e-02	 4.808658e-05	-1.491073e-03	 6.966251e-06	-8.855825e-05	 1.006042e-04	-2.219605e-05	 7.504982e-06	 1.694711e-06	 1.824804e-06
 5.754399e+02	 3.361477e-02	 2.144563e-06	 7.634255e-03	 4.294743e-07	-1.432847e-03	 2.898456e-07	 3.788473e-02	 2.397653e-06	 1.301647e-02	 6.972170e-07	-2.743180e-03	 3.606555e-07	-2.941907e-07	 2.645619e-06	 6.199244e-07	 4.526134e-07	 1.272179e-07	 1.332499e-07	 5.754399e+02	 3.358736e-02	 1.221243e-04	 7.611798e-03	 3.551235e-05	-1.443772e-03	 6.887630e-06	 3.782738e-02	 1.342011e-04	 1.305671e-02	 4.967788e-05	-1.481229e-03	 6.829467e-06	-1.322042e-04	 1.059477e-04	 4.948584e-06	 7.482406e-06	-8.225983e-07	 1.702501e-06
 6.606934e+02	 3.448752e-02	 2.241333e-06	 7.746868e-03	 4.436039e-07	-1.423947e-03	 2.860918e-07	 3.886106e-02	 2.505850e-06	 1.325128e-02	 7.214216e-07	-2.711781e-03	 3.515733e-07	-1.375283e-07	 2.788862e-06	 6.288275e-07	 4.456621e-07	 1.080548e-07	 1.291219e-07	 6.606934e+02	 3.442688e-02	 1.268168e-04	 7.754905e-03	 3.697084e-05	-1.424727e-03	 6.530446e-06	 3.903862e-02	 1.425880e-04	 1.328897e-02	 5.333308e-05	-1.469276e-03	 6.382679e-06	 3.516674e-05	 1.150622e-04	-1.393668e-06	 7.071933e-06	-6.115714e-07	 1.594259e-06
 7.585776e+02	 3.530855e-02	 2.338924e-06	 7.849166e-03	 4.549868e-07	-1.406105e-03	 2.805139e-07	 3.977923e-02	 2.613677e-06	 1.346769e-02	 7.474427e-07	-2.662395e-03	 3.421374e-07	 2.007279e-07	 2.936239e-06	 5.771198e-07	 4.383011e-07	 1.125950e-07	 1.257754e-07	 7.585776e+02	 3.557858e-02	 1.470107e-04	 7.837002e-03	 4.096905e-05	-1.404698e-03	 6.244418e-06	 3.987269e-02	 1.505935e-04	 1.343421e-02	 5.385269e-05	-1.442191e-03	 6.113513e-06	-5.814411e-05	 1.151018e-04	 1.288268e-05	 6.752124e-06	-7.785786e-07	 1.483678e-06
 8.709636e+02	 3.607902e-02	 2.432666e-06	 7.941763e-03	 4.660251e-07	-1.380487e-03	 2.749570e-07	 4.064075e-02	 2.718586e-06	 1.366661e-02	 7.723939e-07	-2.597860e-03	 3.327626e-07	 7.009066e-07	 3.095925e-06	 5.280498e-07	 4.304471e-07	 9.191475e-08	 1.223691e-07	 8.709636e+02	 3.633085e-02	 1.436397e-04	 7.959695e-03	 4.000410e-05	-1.370359e-03	 6.002883e-06	 4.059345e-02	 1.605443e-04	 1.366748e-02	 5.804156e-05	-1.413639e-03	 5.911187e-06	-2.250035e-04	 1.236862e-04	 2.899017e-06	 6.283441e-06	-1.393518e-06	 1.315877e-06
 1.000000e+03	 3.680051e-02	 2.525488e-06	 8.025339e-03	 4.765335e-07	-1.348260e-03	 2.697856e-07	 4.144726e-02	 2.822211e-06	 1.384923e-02	 7.970565e-07	-2.520863e-03	 3.229138e-07	 1.731452e-06	 3.252709e-06	 4.649029e-07	 4.207418e-07	 7.478757e-08	 1.192665e-07	 1.000000e+03	 3.674959e-02	 1.464404e-04	 8.048659e-03	 4.079673e-05	-1.344062e-03	 5.602442e-06	 4.137689e-02	 1.651407e-04	 1.380023e-02	 5.968565e-05	-1.389010e-03	 5.660454e-06	 2.528787e-06	 1.252719e-04	 8.741772e-06	 6.043553e-06	-1.001133e-06	 1.252657e-06
