 0.000000e+00  1.000000e+00  0.000000e+00
 1.000000e+00  2.000000e+00  0.000000e+00
 2.000000e+00  3.000000e+00  0.000000e+00
 3.000000e+00  4.000000e+00  0.000000e+00
 4.000000e+00  5.000000e+00  0.000000e+00
 5.000000e+00  6.000000e+00  0.000000e+00
 6.000000e+00  7.000000e+00  0.000000e+00
 7.000000e+00  8.000000e+00  0.000000e+00
 8.000000e+00  9.000000e+00  0.000000e+00
 9.000000e+00  1.000000e+01  2.166842e-04
 1.000000e+01  1.100000e+01  8.663356e-04
 1.100000e+01  1.200000e+01  1.100700e-03
 1.200000e+01  1.300000e+01  1.160983e-03
 1.300000e+01  1.400000e+01  1.127401e-03
 1.400000e+01  1.500000e+01  1.049316e-03
 1.500000e+01  1.600000e+01  9.549632e-04
 1.600000e+01  1.700000e+01  8.572666e-04
 1.700000e+01  1.800000e+01  7.576333e-04
 1.800000e+01  1.900000e+01  6.752902e-04
 1.900000e+01  2.000000e+01  5.967747e-04
 2.000000e+01  2.100000e+01  5.237542e-04
 2.100000e+01  2.200000e+01  4.648595e-04
 2.200000e+01  2.300000e+01  4.098117e-04
 2.300000e+01  2.400000e+01  3.640186e-04
 2.400000e+01  2.500000e+01  3.238279e-04
 2.500000e+01  2.600000e+01  2.877785e-04
 2.600000e+01  2.700000e+01  2.573330e-04
 2.700000e+01  2.800000e+01  2.297797e-04
 2.800000e+01  2.900000e+01  2.045542e-04
 2.900000e+01  3.000000e+01  1.850587e-04
 3.000000e+01  3.100000e+01  1.653846e-04
 3.100000e+01  3.200000e+01  1.493258e-04
 3.200000e+01  3.300000e+01  1.323048e-04
 3.300000e+01  3.400000e+01  1.216566e-04
 3.400000e+01  3.500000e+01  1.095313e-04
 3.500000e+01  3.600000e+01  1.004684e-04
 3.600000e+01  3.700000e+01  9.145854e-05
 3.700000e+01  3.800000e+01  8.246735e-05
 3.800000e+01  3.900000e+01  7.607472e-05
 3.900000e+01  4.000000e+01  6.885812e-05
