 0.000000e+00  1.000000e+00  0.000000e+00
 1.000000e+00  2.000000e+00  0.000000e+00
 2.000000e+00  3.000000e+00  0.000000e+00
 3.000000e+00  4.000000e+00  0.000000e+00
 4.000000e+00  5.000000e+00  0.000000e+00
 5.000000e+00  6.000000e+00  0.000000e+00
 6.000000e+00  7.000000e+00  0.000000e+00
 7.000000e+00  8.000000e+00  0.000000e+00
 8.000000e+00  9.000000e+00  0.000000e+00
 9.000000e+00  1.000000e+01  4.261816e-05
 1.000000e+01  1.100000e+01  1.741269e-04
 1.100000e+01  1.200000e+01  2.029175e-04
 1.200000e+01  1.300000e+01  1.948487e-04
 1.300000e+01  1.400000e+01  1.726650e-04
 1.400000e+01  1.500000e+01  1.490866e-04
 1.500000e+01  1.600000e+01  1.257203e-04
 1.600000e+01  1.700000e+01  1.052476e-04
 1.700000e+01  1.800000e+01  8.799745e-05
 1.800000e+01  1.900000e+01  7.223675e-05
 1.900000e+01  2.000000e+01  6.101117e-05
 2.000000e+01  2.100000e+01  5.111328e-05
 2.100000e+01  2.200000e+01  4.230217e-05
 2.200000e+01  2.300000e+01  3.611850e-05
 2.300000e+01  2.400000e+01  3.000231e-05
 2.400000e+01  2.500000e+01  2.502726e-05
 2.500000e+01  2.600000e+01  2.165863e-05
 2.600000e+01  2.700000e+01  1.803457e-05
 2.700000e+01  2.800000e+01  1.536572e-05
 2.800000e+01  2.900000e+01  1.298758e-05
 2.900000e+01  3.000000e+01  1.122209e-05
 3.000000e+01  3.100000e+01  9.260702e-06
 3.100000e+01  3.200000e+01  8.075792e-06
 3.200000e+01  3.300000e+01  6.947158e-06
 3.300000e+01  3.400000e+01  5.914180e-06
 3.400000e+01  3.500000e+01  5.056262e-06
 3.500000e+01  3.600000e+01  4.553248e-06
 3.600000e+01  3.700000e+01  3.714646e-06
 3.700000e+01  3.800000e+01  3.345032e-06
 3.800000e+01  3.900000e+01  2.877133e-06
 3.900000e+01  4.000000e+01  2.290653e-06
