 0.000000e+00  1.000000e+00  0.000000e+00
 1.000000e+00  2.000000e+00  0.000000e+00
 2.000000e+00  3.000000e+00  0.000000e+00
 3.000000e+00  4.000000e+00  0.000000e+00
 4.000000e+00  5.000000e+00  0.000000e+00
 5.000000e+00  6.000000e+00  0.000000e+00
 6.000000e+00  7.000000e+00  0.000000e+00
 7.000000e+00  8.000000e+00  0.000000e+00
 8.000000e+00  9.000000e+00  0.000000e+00
 9.000000e+00  1.000000e+01  4.893165e-05
 1.000000e+01  1.100000e+01  2.012449e-04
 1.100000e+01  1.200000e+01  2.352367e-04
 1.200000e+01  1.300000e+01  2.225074e-04
 1.300000e+01  1.400000e+01  1.989148e-04
 1.400000e+01  1.500000e+01  1.662901e-04
 1.500000e+01  1.600000e+01  1.418559e-04
 1.600000e+01  1.700000e+01  1.204412e-04
 1.700000e+01  1.800000e+01  9.617159e-05
 1.800000e+01  1.900000e+01  8.617761e-05
 1.900000e+01  2.000000e+01  6.705353e-05
 2.000000e+01  2.100000e+01  5.450110e-05
 2.100000e+01  2.200000e+01  4.562797e-05
 2.200000e+01  2.300000e+01  3.856851e-05
 2.300000e+01  2.400000e+01  3.279509e-05
 2.400000e+01  2.500000e+01  2.681475e-05
 2.500000e+01  2.600000e+01  2.191120e-05
 2.600000e+01  2.700000e+01  2.062642e-05
 2.700000e+01  2.800000e+01  1.496150e-05
 2.800000e+01  2.900000e+01  1.180655e-05
 2.900000e+01  3.000000e+01  1.162114e-05
 3.000000e+01  3.100000e+01  8.819434e-06
 3.100000e+01  3.200000e+01  8.059551e-06
 3.200000e+01  3.300000e+01  7.357350e-06
 3.300000e+01  3.400000e+01  5.732860e-06
 3.400000e+01  3.500000e+01  3.747092e-06
 3.500000e+01  3.600000e+01  3.870603e-06
 3.600000e+01  3.700000e+01  3.480184e-06
 3.700000e+01  3.800000e+01  2.561877e-06
 3.800000e+01  3.900000e+01  2.402451e-06
 3.900000e+01  4.000000e+01  2.215668e-06
