 0.000000e+00  1.000000e+00  0.000000e+00
 1.000000e+00  2.000000e+00  0.000000e+00
 2.000000e+00  3.000000e+00  0.000000e+00
 3.000000e+00  4.000000e+00  0.000000e+00
 4.000000e+00  5.000000e+00  0.000000e+00
 5.000000e+00  6.000000e+00  0.000000e+00
 6.000000e+00  7.000000e+00  0.000000e+00
 7.000000e+00  8.000000e+00  0.000000e+00
 8.000000e+00  9.000000e+00  0.000000e+00
 9.000000e+00  1.000000e+01  4.093298e-05
 1.000000e+01  1.100000e+01  1.535660e-04
 1.100000e+01  1.200000e+01  1.773827e-04
 1.200000e+01  1.300000e+01  1.694412e-04
 1.300000e+01  1.400000e+01  1.519270e-04
 1.400000e+01  1.500000e+01  1.308594e-04
 1.500000e+01  1.600000e+01  1.110987e-04
 1.600000e+01  1.700000e+01  9.375233e-05
 1.700000e+01  1.800000e+01  7.881819e-05
 1.800000e+01  1.900000e+01  6.591167e-05
 1.900000e+01  2.000000e+01  5.588576e-05
 2.000000e+01  2.100000e+01  4.689217e-05
 2.100000e+01  2.200000e+01  3.955050e-05
 2.200000e+01  2.300000e+01  3.324357e-05
 2.300000e+01  2.400000e+01  2.831206e-05
 2.400000e+01  2.500000e+01  2.410355e-05
 2.500000e+01  2.600000e+01  2.056289e-05
 2.600000e+01  2.700000e+01  1.743915e-05
 2.700000e+01  2.800000e+01  1.494189e-05
 2.800000e+01  2.900000e+01  1.265466e-05
 2.900000e+01  3.000000e+01  1.111760e-05
 3.000000e+01  3.100000e+01  9.377388e-06
 3.100000e+01  3.200000e+01  8.103714e-06
 3.200000e+01  3.300000e+01  7.078584e-06
 3.300000e+01  3.400000e+01  6.290265e-06
 3.400000e+01  3.500000e+01  5.274500e-06
 3.500000e+01  3.600000e+01  4.666312e-06
 3.600000e+01  3.700000e+01  3.998623e-06
 3.700000e+01  3.800000e+01  3.523975e-06
 3.800000e+01  3.900000e+01  3.100196e-06
 3.900000e+01  4.000000e+01  2.731657e-06
