 0.000000e+00  1.000000e+00  0.000000e+00
 1.000000e+00  2.000000e+00  0.000000e+00
 2.000000e+00  3.000000e+00  0.000000e+00
 3.000000e+00  4.000000e+00  0.000000e+00
 4.000000e+00  5.000000e+00  0.000000e+00
 5.000000e+00  6.000000e+00  0.000000e+00
 6.000000e+00  7.000000e+00  0.000000e+00
 7.000000e+00  8.000000e+00  0.000000e+00
 8.000000e+00  9.000000e+00  0.000000e+00
 9.000000e+00  1.000000e+01  8.045384e-05
 1.000000e+01  1.100000e+01  3.333223e-04
 1.100000e+01  1.200000e+01  4.024718e-04
 1.200000e+01  1.300000e+01  3.877180e-04
 1.300000e+01  1.400000e+01  3.588023e-04
 1.400000e+01  1.500000e+01  3.182042e-04
 1.500000e+01  1.600000e+01  2.689440e-04
 1.600000e+01  1.700000e+01  2.401127e-04
 1.700000e+01  1.800000e+01  2.065848e-04
 1.800000e+01  1.900000e+01  1.779817e-04
 1.900000e+01  2.000000e+01  1.518610e-04
 2.000000e+01  2.100000e+01  1.302608e-04
 2.100000e+01  2.200000e+01  1.143865e-04
 2.200000e+01  2.300000e+01  9.523531e-05
 2.300000e+01  2.400000e+01  8.041105e-05
 2.400000e+01  2.500000e+01  7.465368e-05
 2.500000e+01  2.600000e+01  6.415355e-05
 2.600000e+01  2.700000e+01  5.759129e-05
 2.700000e+01  2.800000e+01  4.818224e-05
 2.800000e+01  2.900000e+01  4.262916e-05
 2.900000e+01  3.000000e+01  3.899356e-05
 3.000000e+01  3.100000e+01  3.274707e-05
 3.100000e+01  3.200000e+01  2.824866e-05
 3.200000e+01  3.300000e+01  2.567299e-05
 3.300000e+01  3.400000e+01  2.411849e-05
 3.400000e+01  3.500000e+01  2.104407e-05
 3.500000e+01  3.600000e+01  1.855942e-05
 3.600000e+01  3.700000e+01  1.653928e-05
 3.700000e+01  3.800000e+01  1.476969e-05
 3.800000e+01  3.900000e+01  1.251825e-05
 3.900000e+01  4.000000e+01  1.144510e-05
