 0.000000e+00  1.000000e+00  0.000000e+00
 1.000000e+00  2.000000e+00  0.000000e+00
 2.000000e+00  3.000000e+00  0.000000e+00
 3.000000e+00  4.000000e+00  0.000000e+00
 4.000000e+00  5.000000e+00  0.000000e+00
 5.000000e+00  6.000000e+00  0.000000e+00
 6.000000e+00  7.000000e+00  0.000000e+00
 7.000000e+00  8.000000e+00  0.000000e+00
 8.000000e+00  9.000000e+00  0.000000e+00
 9.000000e+00  1.000000e+01  6.136652e-05
 1.000000e+01  1.100000e+01  2.317677e-04
 1.100000e+01  1.200000e+01  2.715406e-04
 1.200000e+01  1.300000e+01  2.634081e-04
 1.300000e+01  1.400000e+01  2.379910e-04
 1.400000e+01  1.500000e+01  2.082558e-04
 1.500000e+01  1.600000e+01  1.792509e-04
 1.600000e+01  1.700000e+01  1.529703e-04
 1.700000e+01  1.800000e+01  1.301960e-04
 1.800000e+01  1.900000e+01  1.105249e-04
 1.900000e+01  2.000000e+01  9.401875e-05
 2.000000e+01  2.100000e+01  8.021265e-05
 2.100000e+01  2.200000e+01  6.830905e-05
 2.200000e+01  2.300000e+01  5.839833e-05
 2.300000e+01  2.400000e+01  4.996026e-05
 2.400000e+01  2.500000e+01  4.312576e-05
 2.500000e+01  2.600000e+01  3.726778e-05
 2.600000e+01  2.700000e+01  3.217289e-05
 2.700000e+01  2.800000e+01  2.785101e-05
 2.800000e+01  2.900000e+01  2.412686e-05
 2.900000e+01  3.000000e+01  2.090387e-05
 3.000000e+01  3.100000e+01  1.823198e-05
 3.100000e+01  3.200000e+01  1.603622e-05
 3.200000e+01  3.300000e+01  1.404576e-05
 3.300000e+01  3.400000e+01  1.232667e-05
 3.400000e+01  3.500000e+01  1.065363e-05
 3.500000e+01  3.600000e+01  9.464745e-06
 3.600000e+01  3.700000e+01  8.393191e-06
 3.700000e+01  3.800000e+01  7.328799e-06
 3.800000e+01  3.900000e+01  6.442014e-06
 3.900000e+01  4.000000e+01  5.705952e-06
