 0.000000e+00  1.000000e+00  0.000000e+00
 1.000000e+00  2.000000e+00  0.000000e+00
 2.000000e+00  3.000000e+00  0.000000e+00
 3.000000e+00  4.000000e+00  1.248414e-02
 4.000000e+00  5.000000e+00  2.476496e-02
 5.000000e+00  6.000000e+00  3.003116e-02
 6.000000e+00  7.000000e+00  3.051298e-02
 7.000000e+00  8.000000e+00  2.848598e-02
 8.000000e+00  9.000000e+00  2.528128e-02
 9.000000e+00  1.000000e+01  2.189164e-02
 1.000000e+01  1.100000e+01  1.866852e-02
 1.100000e+01  1.200000e+01  1.590193e-02
 1.200000e+01  1.300000e+01  1.346820e-02
 1.300000e+01  1.400000e+01  1.146006e-02
 1.400000e+01  1.500000e+01  9.747216e-03
 1.500000e+01  1.600000e+01  8.304071e-03
 1.600000e+01  1.700000e+01  7.084682e-03
 1.700000e+01  1.800000e+01  6.093714e-03
 1.800000e+01  1.900000e+01  5.245025e-03
 1.900000e+01  2.000000e+01  4.537631e-03
 2.000000e+01  2.100000e+01  3.929565e-03
 2.100000e+01  2.200000e+01  3.463056e-03
 2.200000e+01  2.300000e+01  3.021328e-03
 2.300000e+01  2.400000e+01  2.641074e-03
 2.400000e+01  2.500000e+01  2.345602e-03
 2.500000e+01  2.600000e+01  2.055007e-03
 2.600000e+01  2.700000e+01  1.821791e-03
 2.700000e+01  2.800000e+01  1.616660e-03
 2.800000e+01  2.900000e+01  1.419650e-03
 2.900000e+01  3.000000e+01  1.289192e-03
 3.000000e+01  3.100000e+01  1.168835e-03
 3.100000e+01  3.200000e+01  1.044160e-03
 3.200000e+01  3.300000e+01  9.264837e-04
 3.300000e+01  3.400000e+01  8.242057e-04
 3.400000e+01  3.500000e+01  7.538567e-04
 3.500000e+01  3.600000e+01  6.779284e-04
 3.600000e+01  3.700000e+01  6.109182e-04
 3.700000e+01  3.800000e+01  5.623449e-04
 3.800000e+01  3.900000e+01  5.033804e-04
 3.900000e+01  4.000000e+01  4.664402e-04
