 0.000000e+00  1.000000e+00  0.000000e+00
 1.000000e+00  2.000000e+00  0.000000e+00
 2.000000e+00  3.000000e+00  0.000000e+00
 3.000000e+00  4.000000e+00  1.884928e-02
 4.000000e+00  5.000000e+00  2.715133e-02
 5.000000e+00  6.000000e+00  2.414590e-02
 6.000000e+00  7.000000e+00  1.906445e-02
 7.000000e+00  8.000000e+00  1.453206e-02
 8.000000e+00  9.000000e+00  1.107060e-02
 9.000000e+00  1.000000e+01  8.500943e-03
 1.000000e+01  1.100000e+01  6.567518e-03
 1.100000e+01  1.200000e+01  5.191344e-03
 1.200000e+01  1.300000e+01  4.125025e-03
 1.300000e+01  1.400000e+01  3.314993e-03
 1.400000e+01  1.500000e+01  2.711350e-03
 1.500000e+01  1.600000e+01  2.242118e-03
 1.600000e+01  1.700000e+01  1.847686e-03
 1.700000e+01  1.800000e+01  1.528625e-03
 1.800000e+01  1.900000e+01  1.285746e-03
 1.900000e+01  2.000000e+01  1.093948e-03
 2.000000e+01  2.100000e+01  9.313951e-04
 2.100000e+01  2.200000e+01  7.944858e-04
 2.200000e+01  2.300000e+01  6.802858e-04
 2.300000e+01  2.400000e+01  5.948684e-04
 2.400000e+01  2.500000e+01  5.165518e-04
 2.500000e+01  2.600000e+01  4.389545e-04
 2.600000e+01  2.700000e+01  3.940563e-04
 2.700000e+01  2.800000e+01  3.356019e-04
 2.800000e+01  2.900000e+01  3.026653e-04
 2.900000e+01  3.000000e+01  2.632262e-04
 3.000000e+01  3.100000e+01  2.298251e-04
 3.100000e+01  3.200000e+01  2.084544e-04
 3.200000e+01  3.300000e+01  1.858710e-04
 3.300000e+01  3.400000e+01  1.651960e-04
 3.400000e+01  3.500000e+01  1.476208e-04
 3.500000e+01  3.600000e+01  1.291155e-04
 3.600000e+01  3.700000e+01  1.202402e-04
 3.700000e+01  3.800000e+01  1.038925e-04
 3.800000e+01  3.900000e+01  9.487649e-05
 3.900000e+01  4.000000e+01  8.761020e-05
