 0.000000e+00  1.000000e+00  0.000000e+00
 1.000000e+00  2.000000e+00  0.000000e+00
 2.000000e+00  3.000000e+00  0.000000e+00
 3.000000e+00  4.000000e+00  1.105420e-02
 4.000000e+00  5.000000e+00  1.573262e-02
 5.000000e+00  6.000000e+00  1.368434e-02
 6.000000e+00  7.000000e+00  1.052760e-02
 7.000000e+00  8.000000e+00  7.837699e-03
 8.000000e+00  9.000000e+00  5.793316e-03
 9.000000e+00  1.000000e+01  4.295142e-03
 1.000000e+01  1.100000e+01  3.204155e-03
 1.100000e+01  1.200000e+01  2.421330e-03
 1.200000e+01  1.300000e+01  1.843305e-03
 1.300000e+01  1.400000e+01  1.414936e-03
 1.400000e+01  1.500000e+01  1.099930e-03
 1.500000e+01  1.600000e+01  8.551989e-04
 1.600000e+01  1.700000e+01  6.706625e-04
 1.700000e+01  1.800000e+01  5.287708e-04
 1.800000e+01  1.900000e+01  4.184848e-04
 1.900000e+01  2.000000e+01  3.330569e-04
 2.000000e+01  2.100000e+01  2.666652e-04
 2.100000e+01  2.200000e+01  2.161355e-04
 2.200000e+01  2.300000e+01  1.740393e-04
 2.300000e+01  2.400000e+01  1.412721e-04
 2.400000e+01  2.500000e+01  1.154784e-04
 2.500000e+01  2.600000e+01  9.519973e-05
 2.600000e+01  2.700000e+01  7.754817e-05
 2.700000e+01  2.800000e+01  6.295335e-05
 2.800000e+01  2.900000e+01  5.166302e-05
 2.900000e+01  3.000000e+01  4.297438e-05
 3.000000e+01  3.100000e+01  3.556516e-05
 3.100000e+01  3.200000e+01  2.861511e-05
 3.200000e+01  3.300000e+01  2.378450e-05
 3.300000e+01  3.400000e+01  1.980533e-05
 3.400000e+01  3.500000e+01  1.645040e-05
 3.500000e+01  3.600000e+01  1.416997e-05
 3.600000e+01  3.700000e+01  1.127247e-05
 3.700000e+01  3.800000e+01  9.839675e-06
 3.800000e+01  3.900000e+01  8.143343e-06
 3.900000e+01  4.000000e+01  6.253297e-06
