 0.000000e+00  1.000000e+00  0.000000e+00
 1.000000e+00  2.000000e+00  0.000000e+00
 2.000000e+00  3.000000e+00  0.000000e+00
 3.000000e+00  4.000000e+00  0.000000e+00
 4.000000e+00  5.000000e+00  0.000000e+00
 5.000000e+00  6.000000e+00  0.000000e+00
 6.000000e+00  7.000000e+00  0.000000e+00
 7.000000e+00  8.000000e+00  0.000000e+00
 8.000000e+00  9.000000e+00  0.000000e+00
 9.000000e+00  1.000000e+01  1.906031e-04
 1.000000e+01  1.100000e+01  7.829324e-04
 1.100000e+01  1.200000e+01  9.274960e-04
 1.200000e+01  1.300000e+01  9.696265e-04
 1.300000e+01  1.400000e+01  9.638396e-04
 1.400000e+01  1.500000e+01  8.851477e-04
 1.500000e+01  1.600000e+01  8.191502e-04
 1.600000e+01  1.700000e+01  7.397748e-04
 1.700000e+01  1.800000e+01  6.882389e-04
 1.800000e+01  1.900000e+01  5.942349e-04
 1.900000e+01  2.000000e+01  5.481679e-04
 2.000000e+01  2.100000e+01  4.841945e-04
 2.100000e+01  2.200000e+01  4.375162e-04
 2.200000e+01  2.300000e+01  3.965888e-04
 2.300000e+01  2.400000e+01  3.602578e-04
 2.400000e+01  2.500000e+01  3.180250e-04
 2.500000e+01  2.600000e+01  2.886062e-04
 2.600000e+01  2.700000e+01  2.592809e-04
 2.700000e+01  2.800000e+01  2.248548e-04
 2.800000e+01  2.900000e+01  2.051144e-04
 2.900000e+01  3.000000e+01  1.842215e-04
 3.000000e+01  3.100000e+01  1.621861e-04
 3.100000e+01  3.200000e+01  1.604547e-04
 3.200000e+01  3.300000e+01  1.341921e-04
 3.300000e+01  3.400000e+01  1.216248e-04
 3.400000e+01  3.500000e+01  1.122732e-04
 3.500000e+01  3.600000e+01  9.962394e-05
 3.600000e+01  3.700000e+01  8.993808e-05
 3.700000e+01  3.800000e+01  9.003673e-05
 3.800000e+01  3.900000e+01  7.411196e-05
 3.900000e+01  4.000000e+01  7.031581e-05
