 0.000000e+00  1.000000e+00  0.000000e+00
 1.000000e+00  2.000000e+00  0.000000e+00
 2.000000e+00  3.000000e+00  0.000000e+00
 3.000000e+00  4.000000e+00  9.614379e-03
 4.000000e+00  5.000000e+00  1.279864e-02
 5.000000e+00  6.000000e+00  1.210094e-02
 6.000000e+00  7.000000e+00  1.043008e-02
 7.000000e+00  8.000000e+00  8.510323e-03
 8.000000e+00  9.000000e+00  7.019038e-03
 9.000000e+00  1.000000e+01  5.760453e-03
 1.000000e+01  1.100000e+01  4.543655e-03
 1.100000e+01  1.200000e+01  3.677104e-03
 1.200000e+01  1.300000e+01  2.986150e-03
 1.300000e+01  1.400000e+01  2.420905e-03
 1.400000e+01  1.500000e+01  1.959240e-03
 1.500000e+01  1.600000e+01  1.614847e-03
 1.600000e+01  1.700000e+01  1.343511e-03
 1.700000e+01  1.800000e+01  1.133520e-03
 1.800000e+01  1.900000e+01  8.985138e-04
 1.900000e+01  2.000000e+01  7.920223e-04
 2.000000e+01  2.100000e+01  6.400287e-04
 2.100000e+01  2.200000e+01  5.464781e-04
 2.200000e+01  2.300000e+01  4.355941e-04
 2.300000e+01  2.400000e+01  3.844880e-04
 2.400000e+01  2.500000e+01  3.189413e-04
 2.500000e+01  2.600000e+01  2.971326e-04
 2.600000e+01  2.700000e+01  2.249610e-04
 2.700000e+01  2.800000e+01  2.002072e-04
 2.800000e+01  2.900000e+01  1.716669e-04
 2.900000e+01  3.000000e+01  1.468151e-04
 3.000000e+01  3.100000e+01  1.139109e-04
 3.100000e+01  3.200000e+01  1.038008e-04
 3.200000e+01  3.300000e+01  1.002625e-04
 3.300000e+01  3.400000e+01  8.165534e-05
 3.400000e+01  3.500000e+01  7.799238e-05
 3.500000e+01  3.600000e+01  5.860526e-05
 3.600000e+01  3.700000e+01  5.075644e-05
 3.700000e+01  3.800000e+01  4.863411e-05
 3.800000e+01  3.900000e+01  3.458274e-05
 3.900000e+01  4.000000e+01  3.002640e-05
