 0.000000e+00  1.000000e+00  0.000000e+00
 1.000000e+00  2.000000e+00  0.000000e+00
 2.000000e+00  3.000000e+00  0.000000e+00
 3.000000e+00  4.000000e+00  0.000000e+00
 4.000000e+00  5.000000e+00  0.000000e+00
 5.000000e+00  6.000000e+00  0.000000e+00
 6.000000e+00  7.000000e+00  0.000000e+00
 7.000000e+00  8.000000e+00  0.000000e+00
 8.000000e+00  9.000000e+00  0.000000e+00
 9.000000e+00  1.000000e+01  1.007655e-06
 1.000000e+01  1.100000e+01  6.197104e-06
 1.100000e+01  1.200000e+01  8.477445e-06
 1.200000e+01  1.300000e+01  8.318328e-06
 1.300000e+01  1.400000e+01  7.237021e-06
 1.400000e+01  1.500000e+01  5.683417e-06
 1.500000e+01  1.600000e+01  4.625556e-06
 1.600000e+01  1.700000e+01  3.525541e-06
 1.700000e+01  1.800000e+01  2.791961e-06
 1.800000e+01  1.900000e+01  2.129926e-06
 1.900000e+01  2.000000e+01  1.663184e-06
 2.000000e+01  2.100000e+01  1.210109e-06
 2.100000e+01  2.200000e+01  9.803171e-07
 2.200000e+01  2.300000e+01  7.430614e-07
 2.300000e+01  2.400000e+01  6.096660e-07
 2.400000e+01  2.500000e+01  4.829723e-07
 2.500000e+01  2.600000e+01  3.578616e-07
 2.600000e+01  2.700000e+01  2.858527e-07
 2.700000e+01  2.800000e+01  2.518304e-07
 2.800000e+01  2.900000e+01  1.886518e-07
 2.900000e+01  3.000000e+01  1.555339e-07
 3.000000e+01  3.100000e+01  1.266931e-07
 3.100000e+01  3.200000e+01  1.015956e-07
 3.200000e+01  3.300000e+01  8.744793e-08
 3.300000e+01  3.400000e+01  6.913020e-08
 3.400000e+01  3.500000e+01  5.848709e-08
 3.500000e+01  3.600000e+01  4.818823e-08
 3.600000e+01  3.700000e+01  4.108776e-08
 3.700000e+01  3.800000e+01  3.415612e-08
 3.800000e+01  3.900000e+01  3.132982e-08
 3.900000e+01  4.000000e+01  2.418648e-08
