 0.000000e+00  1.000000e+00  0.000000e+00
 1.000000e+00  2.000000e+00  0.000000e+00
 2.000000e+00  3.000000e+00  0.000000e+00
 3.000000e+00  4.000000e+00  0.000000e+00
 4.000000e+00  5.000000e+00  0.000000e+00
 5.000000e+00  6.000000e+00  0.000000e+00
 6.000000e+00  7.000000e+00  0.000000e+00
 7.000000e+00  8.000000e+00  0.000000e+00
 8.000000e+00  9.000000e+00  0.000000e+00
 9.000000e+00  1.000000e+01  4.355901e-07
 1.000000e+01  1.100000e+01  3.818999e-06
 1.100000e+01  1.200000e+01  5.744400e-06
 1.200000e+01  1.300000e+01  5.829472e-06
 1.300000e+01  1.400000e+01  5.113448e-06
 1.400000e+01  1.500000e+01  4.197905e-06
 1.500000e+01  1.600000e+01  3.345330e-06
 1.600000e+01  1.700000e+01  2.612384e-06
 1.700000e+01  1.800000e+01  2.025756e-06
 1.800000e+01  1.900000e+01  1.573783e-06
 1.900000e+01  2.000000e+01  1.204916e-06
 2.000000e+01  2.100000e+01  9.413505e-07
 2.100000e+01  2.200000e+01  7.284344e-07
 2.200000e+01  2.300000e+01  5.681160e-07
 2.300000e+01  2.400000e+01  4.444883e-07
 2.400000e+01  2.500000e+01  3.500401e-07
 2.500000e+01  2.600000e+01  2.782754e-07
 2.600000e+01  2.700000e+01  2.192478e-07
 2.700000e+01  2.800000e+01  1.785800e-07
 2.800000e+01  2.900000e+01  1.397979e-07
 2.900000e+01  3.000000e+01  1.091138e-07
 3.000000e+01  3.100000e+01  8.844422e-08
 3.100000e+01  3.200000e+01  7.147314e-08
 3.200000e+01  3.300000e+01  5.901809e-08
 3.300000e+01  3.400000e+01  4.692718e-08
 3.400000e+01  3.500000e+01  3.861525e-08
 3.500000e+01  3.600000e+01  3.150099e-08
 3.600000e+01  3.700000e+01  2.666370e-08
 3.700000e+01  3.800000e+01  2.219613e-08
 3.800000e+01  3.900000e+01  1.827811e-08
 3.900000e+01  4.000000e+01  1.544186e-08
