 0.000000e+00  1.000000e+00  0.000000e+00
 1.000000e+00  2.000000e+00  0.000000e+00
 2.000000e+00  3.000000e+00  0.000000e+00
 3.000000e+00  4.000000e+00  0.000000e+00
 4.000000e+00  5.000000e+00  0.000000e+00
 5.000000e+00  6.000000e+00  0.000000e+00
 6.000000e+00  7.000000e+00  0.000000e+00
 7.000000e+00  8.000000e+00  0.000000e+00
 8.000000e+00  9.000000e+00  0.000000e+00
 9.000000e+00  1.000000e+01  1.808598e-06
 1.000000e+01  1.100000e+01  1.183347e-05
 1.100000e+01  1.200000e+01  1.667601e-05
 1.200000e+01  1.300000e+01  1.689477e-05
 1.300000e+01  1.400000e+01  1.464683e-05
 1.400000e+01  1.500000e+01  1.206854e-05
 1.500000e+01  1.600000e+01  9.792874e-06
 1.600000e+01  1.700000e+01  7.787141e-06
 1.700000e+01  1.800000e+01  6.009812e-06
 1.800000e+01  1.900000e+01  4.683069e-06
 1.900000e+01  2.000000e+01  3.716987e-06
 2.000000e+01  2.100000e+01  2.873712e-06
 2.100000e+01  2.200000e+01  2.228318e-06
 2.200000e+01  2.300000e+01  1.742917e-06
 2.300000e+01  2.400000e+01  1.386466e-06
 2.400000e+01  2.500000e+01  1.155638e-06
 2.500000e+01  2.600000e+01  8.367615e-07
 2.600000e+01  2.700000e+01  7.441436e-07
 2.700000e+01  2.800000e+01  5.633585e-07
 2.800000e+01  2.900000e+01  4.493735e-07
 2.900000e+01  3.000000e+01  3.846922e-07
 3.000000e+01  3.100000e+01  2.951712e-07
 3.100000e+01  3.200000e+01  2.500346e-07
 3.200000e+01  3.300000e+01  2.003846e-07
 3.300000e+01  3.400000e+01  1.759060e-07
 3.400000e+01  3.500000e+01  1.454359e-07
 3.500000e+01  3.600000e+01  1.154137e-07
 3.600000e+01  3.700000e+01  9.654792e-08
 3.700000e+01  3.800000e+01  8.483956e-08
 3.800000e+01  3.900000e+01  6.894293e-08
 3.900000e+01  4.000000e+01  6.497047e-08
