 0.000000e+00  1.000000e+00  0.000000e+00
 1.000000e+00  2.000000e+00  0.000000e+00
 2.000000e+00  3.000000e+00  0.000000e+00
 3.000000e+00  4.000000e+00  0.000000e+00
 4.000000e+00  5.000000e+00  0.000000e+00
 5.000000e+00  6.000000e+00  0.000000e+00
 6.000000e+00  7.000000e+00  0.000000e+00
 7.000000e+00  8.000000e+00  0.000000e+00
 8.000000e+00  9.000000e+00  0.000000e+00
 9.000000e+00  1.000000e+01  2.292602e-06
 1.000000e+01  1.100000e+01  1.495723e-05
 1.100000e+01  1.200000e+01  2.133243e-05
 1.200000e+01  1.300000e+01  2.195079e-05
 1.300000e+01  1.400000e+01  1.956653e-05
 1.400000e+01  1.500000e+01  1.639899e-05
 1.500000e+01  1.600000e+01  1.335619e-05
 1.600000e+01  1.700000e+01  1.077702e-05
 1.700000e+01  1.800000e+01  8.533500e-06
 1.800000e+01  1.900000e+01  6.778030e-06
 1.900000e+01  2.000000e+01  5.327101e-06
 2.000000e+01  2.100000e+01  4.205287e-06
 2.100000e+01  2.200000e+01  3.371984e-06
 2.200000e+01  2.300000e+01  2.679250e-06
 2.300000e+01  2.400000e+01  2.185568e-06
 2.400000e+01  2.500000e+01  1.737175e-06
 2.500000e+01  2.600000e+01  1.438872e-06
 2.600000e+01  2.700000e+01  1.146179e-06
 2.700000e+01  2.800000e+01  9.741795e-07
 2.800000e+01  2.900000e+01  7.759559e-07
 2.900000e+01  3.000000e+01  6.385811e-07
 3.000000e+01  3.100000e+01  5.486730e-07
 3.100000e+01  3.200000e+01  4.482146e-07
 3.200000e+01  3.300000e+01  3.713755e-07
 3.300000e+01  3.400000e+01  3.077123e-07
 3.400000e+01  3.500000e+01  2.638226e-07
 3.500000e+01  3.600000e+01  2.226249e-07
 3.600000e+01  3.700000e+01  1.894317e-07
 3.700000e+01  3.800000e+01  1.635540e-07
 3.800000e+01  3.900000e+01  1.358816e-07
 3.900000e+01  4.000000e+01  1.255995e-07
