 0.000000e+00  1.000000e+00  0.000000e+00
 1.000000e+00  2.000000e+00  0.000000e+00
 2.000000e+00  3.000000e+00  0.000000e+00
 3.000000e+00  4.000000e+00  2.146885e-03
 4.000000e+00  5.000000e+00  6.256181e-03
 5.000000e+00  6.000000e+00  7.340256e-03
 6.000000e+00  7.000000e+00  6.441146e-03
 7.000000e+00  8.000000e+00  4.988395e-03
 8.000000e+00  9.000000e+00  3.623102e-03
 9.000000e+00  1.000000e+01  2.581928e-03
 1.000000e+01  1.100000e+01  1.809194e-03
 1.100000e+01  1.200000e+01  1.270037e-03
 1.200000e+01  1.300000e+01  9.032748e-04
 1.300000e+01  1.400000e+01  6.474629e-04
 1.400000e+01  1.500000e+01  4.654254e-04
 1.500000e+01  1.600000e+01  3.422713e-04
 1.600000e+01  1.700000e+01  2.535451e-04
 1.700000e+01  1.800000e+01  1.919681e-04
 1.800000e+01  1.900000e+01  1.434265e-04
 1.900000e+01  2.000000e+01  1.090016e-04
 2.000000e+01  2.100000e+01  8.383284e-05
 2.100000e+01  2.200000e+01  6.521533e-05
 2.200000e+01  2.300000e+01  4.909353e-05
 2.300000e+01  2.400000e+01  4.024709e-05
 2.400000e+01  2.500000e+01  3.076355e-05
 2.500000e+01  2.600000e+01  2.514172e-05
 2.600000e+01  2.700000e+01  2.204293e-05
 2.700000e+01  2.800000e+01  1.593246e-05
 2.800000e+01  2.900000e+01  1.308689e-05
 2.900000e+01  3.000000e+01  1.118010e-05
 3.000000e+01  3.100000e+01  8.778456e-06
 3.100000e+01  3.200000e+01  6.891136e-06
 3.200000e+01  3.300000e+01  6.291204e-06
 3.300000e+01  3.400000e+01  5.107403e-06
 3.400000e+01  3.500000e+01  4.104424e-06
 3.500000e+01  3.600000e+01  3.606407e-06
 3.600000e+01  3.700000e+01  3.160300e-06
 3.700000e+01  3.800000e+01  2.393081e-06
 3.800000e+01  3.900000e+01  2.055699e-06
 3.900000e+01  4.000000e+01  1.808577e-06
