 0.000000e+00  1.000000e+00  0.000000e+00
 1.000000e+00  2.000000e+00  0.000000e+00
 2.000000e+00  3.000000e+00  0.000000e+00
 3.000000e+00  4.000000e+00  2.662609e-03
 4.000000e+00  5.000000e+00  5.669918e-03
 5.000000e+00  6.000000e+00  5.016989e-03
 6.000000e+00  7.000000e+00  3.528880e-03
 7.000000e+00  8.000000e+00  2.305002e-03
 8.000000e+00  9.000000e+00  1.482483e-03
 9.000000e+00  1.000000e+01  9.625701e-04
 1.000000e+01  1.100000e+01  6.304785e-04
 1.100000e+01  1.200000e+01  4.149736e-04
 1.200000e+01  1.300000e+01  2.819564e-04
 1.300000e+01  1.400000e+01  1.944552e-04
 1.400000e+01  1.500000e+01  1.352173e-04
 1.500000e+01  1.600000e+01  9.824721e-05
 1.600000e+01  1.700000e+01  6.999967e-05
 1.700000e+01  1.800000e+01  5.221005e-05
 1.800000e+01  1.900000e+01  3.939876e-05
 1.900000e+01  2.000000e+01  2.892100e-05
 2.000000e+01  2.100000e+01  2.150019e-05
 2.100000e+01  2.200000e+01  1.748276e-05
 2.200000e+01  2.300000e+01  1.316255e-05
 2.300000e+01  2.400000e+01  1.066034e-05
 2.400000e+01  2.500000e+01  7.965816e-06
 2.500000e+01  2.600000e+01  6.664257e-06
 2.600000e+01  2.700000e+01  5.032481e-06
 2.700000e+01  2.800000e+01  4.500035e-06
 2.800000e+01  2.900000e+01  3.560291e-06
 2.900000e+01  3.000000e+01  2.833796e-06
 3.000000e+01  3.100000e+01  2.313571e-06
 3.100000e+01  3.200000e+01  1.674395e-06
 3.200000e+01  3.300000e+01  1.631713e-06
 3.300000e+01  3.400000e+01  1.201013e-06
 3.400000e+01  3.500000e+01  1.078094e-06
 3.500000e+01  3.600000e+01  8.091505e-07
 3.600000e+01  3.700000e+01  7.107291e-07
 3.700000e+01  3.800000e+01  6.321867e-07
 3.800000e+01  3.900000e+01  5.163669e-07
 3.900000e+01  4.000000e+01  5.204813e-07
