 0.000000e+00  1.000000e+00  0.000000e+00
 1.000000e+00  2.000000e+00  0.000000e+00
 2.000000e+00  3.000000e+00  0.000000e+00
 3.000000e+00  4.000000e+00  2.405117e-03
 4.000000e+00  5.000000e+00  4.863892e-03
 5.000000e+00  6.000000e+00  3.696790e-03
 6.000000e+00  7.000000e+00  2.903935e-03
 7.000000e+00  8.000000e+00  1.976405e-03
 8.000000e+00  9.000000e+00  1.242241e-03
 9.000000e+00  1.000000e+01  8.428530e-04
 1.000000e+01  1.100000e+01  5.548381e-04
 1.100000e+01  1.200000e+01  3.692823e-04
 1.200000e+01  1.300000e+01  2.497101e-04
 1.300000e+01  1.400000e+01  1.684469e-04
 1.400000e+01  1.500000e+01  1.182688e-04
 1.500000e+01  1.600000e+01  8.937790e-05
 1.600000e+01  1.700000e+01  6.234037e-05
 1.700000e+01  1.800000e+01  4.001190e-05
 1.800000e+01  1.900000e+01  3.286694e-05
 1.900000e+01  2.000000e+01  2.419582e-05
 2.000000e+01  2.100000e+01  1.748283e-05
 2.100000e+01  2.200000e+01  1.307055e-05
 2.200000e+01  2.300000e+01  1.002817e-05
 2.300000e+01  2.400000e+01  8.422545e-06
 2.400000e+01  2.500000e+01  5.988707e-06
 2.500000e+01  2.600000e+01  5.063967e-06
 2.600000e+01  2.700000e+01  4.256151e-06
 2.700000e+01  2.800000e+01  2.757545e-06
 2.800000e+01  2.900000e+01  2.269265e-06
 2.900000e+01  3.000000e+01  1.984729e-06
 3.000000e+01  3.100000e+01  1.556764e-06
 3.100000e+01  3.200000e+01  1.401244e-06
 3.200000e+01  3.300000e+01  1.381110e-06
 3.300000e+01  3.400000e+01  9.254136e-07
 3.400000e+01  3.500000e+01  6.392684e-07
 3.500000e+01  3.600000e+01  6.862612e-07
 3.600000e+01  3.700000e+01  4.798860e-07
 3.700000e+01  3.800000e+01  4.177624e-07
 3.800000e+01  3.900000e+01  3.714501e-07
 3.900000e+01  4.000000e+01  2.851794e-07
