 0.000000e+00  1.000000e+00  0.000000e+00
 1.000000e+00  2.000000e+00  0.000000e+00
 2.000000e+00  3.000000e+00  0.000000e+00
 3.000000e+00  4.000000e+00  0.000000e+00
 4.000000e+00  5.000000e+00  0.000000e+00
 5.000000e+00  6.000000e+00  0.000000e+00
 6.000000e+00  7.000000e+00  0.000000e+00
 7.000000e+00  8.000000e+00  0.000000e+00
 8.000000e+00  9.000000e+00  0.000000e+00
 9.000000e+00  1.000000e+01  3.417818e-04
 1.000000e+01  1.100000e+01  3.449936e-04
 1.100000e+01  1.200000e+01  1.918835e-04
 1.200000e+01  1.300000e+01  1.205202e-04
 1.300000e+01  1.400000e+01  8.290803e-05
 1.400000e+01  1.500000e+01  5.424337e-05
 1.500000e+01  1.600000e+01  3.770489e-05
 1.600000e+01  1.700000e+01  2.840924e-05
 1.700000e+01  1.800000e+01  2.292161e-05
 1.800000e+01  1.900000e+01  1.978232e-05
 1.900000e+01  2.000000e+01  1.049927e-05
 2.000000e+01  2.100000e+01  9.574532e-06
 2.100000e+01  2.200000e+01  4.008256e-05
 2.200000e+01  2.300000e+01  5.768834e-06
 2.300000e+01  2.400000e+01  5.205682e-06
 2.400000e+01  2.500000e+01  6.078821e-06
 2.500000e+01  2.600000e+01  1.108717e-06
 2.600000e+01  2.700000e+01  2.760503e-06
 2.700000e+01  2.800000e+01  2.445822e-06
 2.800000e+01  2.900000e+01  1.448725e-06
 2.900000e+01  3.000000e+01  1.955629e-06
 3.000000e+01  3.100000e+01  1.479978e-06
 3.100000e+01  3.200000e+01  1.246557e-06
 3.200000e+01  3.300000e+01  7.856583e-07
 3.300000e+01  3.400000e+01  1.023754e-06
 3.400000e+01  3.500000e+01  2.015035e-07
 3.500000e+01  3.600000e+01 -8.846866e-08
 3.600000e+01  3.700000e+01  3.476434e-07
 3.700000e+01  3.800000e+01  4.671023e-07
 3.800000e+01  3.900000e+01 -1.374612e-07
 3.900000e+01  4.000000e+01  7.368167e-07
