 0.000000e+00  1.000000e+00  0.000000e+00
 1.000000e+00  2.000000e+00  0.000000e+00
 2.000000e+00  3.000000e+00  0.000000e+00
 3.000000e+00  4.000000e+00  0.000000e+00
 4.000000e+00  5.000000e+00  0.000000e+00
 5.000000e+00  6.000000e+00  0.000000e+00
 6.000000e+00  7.000000e+00  0.000000e+00
 7.000000e+00  8.000000e+00  0.000000e+00
 8.000000e+00  9.000000e+00  0.000000e+00
 9.000000e+00  1.000000e+01  3.542750e-04
 1.000000e+01  1.100000e+01  3.978356e-04
 1.100000e+01  1.200000e+01  2.928861e-04
 1.200000e+01  1.300000e+01  2.366486e-04
 1.300000e+01  1.400000e+01  2.024480e-04
 1.400000e+01  1.500000e+01  1.741545e-04
 1.500000e+01  1.600000e+01  1.456098e-04
 1.600000e+01  1.700000e+01  1.226838e-04
 1.700000e+01  1.800000e+01  1.076152e-04
 1.800000e+01  1.900000e+01  8.577145e-05
 1.900000e+01  2.000000e+01  7.787544e-05
 2.000000e+01  2.100000e+01  6.466956e-05
 2.100000e+01  2.200000e+01  5.661977e-05
 2.200000e+01  2.300000e+01  5.070311e-05
 2.300000e+01  2.400000e+01  4.207396e-05
 2.400000e+01  2.500000e+01  3.799161e-05
 2.500000e+01  2.600000e+01  3.180311e-05
 2.600000e+01  2.700000e+01  2.794475e-05
 2.700000e+01  2.800000e+01  2.501912e-05
 2.800000e+01  2.900000e+01  2.115422e-05
 2.900000e+01  3.000000e+01  1.959620e-05
 3.000000e+01  3.100000e+01  1.654829e-05
 3.100000e+01  3.200000e+01  1.435393e-05
 3.200000e+01  3.300000e+01  1.271058e-05
 3.300000e+01  3.400000e+01  1.168902e-05
 3.400000e+01  3.500000e+01  1.015739e-05
 3.500000e+01  3.600000e+01  8.282192e-06
 3.600000e+01  3.700000e+01  7.072653e-06
 3.700000e+01  3.800000e+01  6.720097e-06
 3.800000e+01  3.900000e+01  6.174326e-06
 3.900000e+01  4.000000e+01  5.762179e-06
