 0.000000e+00  1.000000e+00  0.000000e+00
 1.000000e+00  2.000000e+00  0.000000e+00
 2.000000e+00  3.000000e+00  0.000000e+00
 3.000000e+00  4.000000e+00  0.000000e+00
 4.000000e+00  5.000000e+00  0.000000e+00
 5.000000e+00  6.000000e+00  0.000000e+00
 6.000000e+00  7.000000e+00  0.000000e+00
 7.000000e+00  8.000000e+00  0.000000e+00
 8.000000e+00  9.000000e+00  0.000000e+00
 9.000000e+00  1.000000e+01  3.368963e-05
 1.000000e+01  1.100000e+01  1.261768e-04
 1.100000e+01  1.200000e+01  1.450266e-04
 1.200000e+01  1.300000e+01  1.388409e-04
 1.300000e+01  1.400000e+01  1.240314e-04
 1.400000e+01  1.500000e+01  1.065070e-04
 1.500000e+01  1.600000e+01  9.109578e-05
 1.600000e+01  1.700000e+01  7.694539e-05
 1.700000e+01  1.800000e+01  6.443676e-05
 1.800000e+01  1.900000e+01  5.428943e-05
 1.900000e+01  2.000000e+01  4.540033e-05
 2.000000e+01  2.100000e+01  3.828797e-05
 2.100000e+01  2.200000e+01  3.235354e-05
 2.200000e+01  2.300000e+01  2.744154e-05
 2.300000e+01  2.400000e+01  2.308713e-05
 2.400000e+01  2.500000e+01  1.956912e-05
 2.500000e+01  2.600000e+01  1.680549e-05
 2.600000e+01  2.700000e+01  1.429556e-05
 2.700000e+01  2.800000e+01  1.221572e-05
 2.800000e+01  2.900000e+01  1.047361e-05
 2.900000e+01  3.000000e+01  9.081164e-06
 3.000000e+01  3.100000e+01  7.877161e-06
 3.100000e+01  3.200000e+01  6.738748e-06
 3.200000e+01  3.300000e+01  5.862318e-06
 3.300000e+01  3.400000e+01  5.099892e-06
 3.400000e+01  3.500000e+01  4.387460e-06
 3.500000e+01  3.600000e+01  3.824015e-06
 3.600000e+01  3.700000e+01  3.306293e-06
 3.700000e+01  3.800000e+01  2.819576e-06
 3.800000e+01  3.900000e+01  2.572867e-06
 3.900000e+01  4.000000e+01  2.245069e-06
