 0.000000e+00  1.000000e+00  0.000000e+00
 1.000000e+00  2.000000e+00  0.000000e+00
 2.000000e+00  3.000000e+00  0.000000e+00
 3.000000e+00  4.000000e+00  4.647515e-02
 4.000000e+00  5.000000e+00  2.545448e-02
 5.000000e+00  6.000000e+00  1.668700e-02
 6.000000e+00  7.000000e+00  1.255565e-02
 7.000000e+00  8.000000e+00  1.000329e-02
 8.000000e+00  9.000000e+00  8.746789e-03
 9.000000e+00  1.000000e+01  7.264271e-03
 1.000000e+01  1.100000e+01  5.912347e-03
 1.100000e+01  1.200000e+01  5.089165e-03
 1.200000e+01  1.300000e+01  4.322296e-03
 1.300000e+01  1.400000e+01  3.264497e-03
 1.400000e+01  1.500000e+01  3.045055e-03
 1.500000e+01  1.600000e+01  2.339183e-03
 1.600000e+01  1.700000e+01  2.305657e-03
 1.700000e+01  1.800000e+01  1.963371e-03
 1.800000e+01  1.900000e+01  1.769386e-03
 1.900000e+01  2.000000e+01  1.450735e-03
 2.000000e+01  2.100000e+01  1.281752e-03
 2.100000e+01  2.200000e+01  1.037440e-03
 2.200000e+01  2.300000e+01  8.914887e-04
 2.300000e+01  2.400000e+01  8.154351e-04
 2.400000e+01  2.500000e+01  7.487083e-04
 2.500000e+01  2.600000e+01  6.459459e-04
 2.600000e+01  2.700000e+01  6.140740e-04
 2.700000e+01  2.800000e+01  5.100326e-04
 2.800000e+01  2.900000e+01  5.633568e-04
 2.900000e+01  3.000000e+01  3.633750e-04
 3.000000e+01  3.100000e+01  3.778531e-04
 3.100000e+01  3.200000e+01  3.069075e-04
 3.200000e+01  3.300000e+01  2.134634e-04
 3.300000e+01  3.400000e+01  2.878173e-04
 3.400000e+01  3.500000e+01  2.164533e-04
 3.500000e+01  3.600000e+01  2.021968e-04
 3.600000e+01  3.700000e+01  1.776614e-04
 3.700000e+01  3.800000e+01  1.761882e-04
 3.800000e+01  3.900000e+01  1.122091e-04
 3.900000e+01  4.000000e+01  1.410578e-04
