 0.000000e+00  1.000000e+00  0.000000e+00
 1.000000e+00  2.000000e+00  0.000000e+00
 2.000000e+00  3.000000e+00  0.000000e+00
 3.000000e+00  4.000000e+00  3.703227e-02
 4.000000e+00  5.000000e+00  2.027851e-02
 5.000000e+00  6.000000e+00  1.219236e-02
 6.000000e+00  7.000000e+00  7.749051e-03
 7.000000e+00  8.000000e+00  5.132216e-03
 8.000000e+00  9.000000e+00  3.506497e-03
 9.000000e+00  1.000000e+01  2.504235e-03
 1.000000e+01  1.100000e+01  1.808171e-03
 1.100000e+01  1.200000e+01  1.344795e-03
 1.200000e+01  1.300000e+01  1.014073e-03
 1.300000e+01  1.400000e+01  7.648413e-04
 1.400000e+01  1.500000e+01  5.893582e-04
 1.500000e+01  1.600000e+01  4.663683e-04
 1.600000e+01  1.700000e+01  3.664105e-04
 1.700000e+01  1.800000e+01  2.900348e-04
 1.800000e+01  1.900000e+01  2.437783e-04
 1.900000e+01  2.000000e+01  1.882082e-04
 2.000000e+01  2.100000e+01  1.544280e-04
 2.100000e+01  2.200000e+01  1.256509e-04
 2.200000e+01  2.300000e+01  1.069762e-04
 2.300000e+01  2.400000e+01  9.046044e-05
 2.400000e+01  2.500000e+01  6.980344e-05
 2.500000e+01  2.600000e+01  6.031566e-05
 2.600000e+01  2.700000e+01  5.021212e-05
 2.700000e+01  2.800000e+01  4.161723e-05
 2.800000e+01  2.900000e+01  3.454171e-05
 2.900000e+01  3.000000e+01  3.064733e-05
 3.000000e+01  3.100000e+01  2.336188e-05
 3.100000e+01  3.200000e+01  2.230511e-05
 3.200000e+01  3.300000e+01  1.657252e-05
 3.300000e+01  3.400000e+01  1.482973e-05
 3.400000e+01  3.500000e+01  1.262071e-05
 3.500000e+01  3.600000e+01  1.259617e-05
 3.600000e+01  3.700000e+01  1.053055e-05
 3.700000e+01  3.800000e+01  7.596864e-06
 3.800000e+01  3.900000e+01  7.330254e-06
 3.900000e+01  4.000000e+01  6.855236e-06
