 0.000000e+00  1.000000e+00  0.000000e+00
 1.000000e+00  2.000000e+00  0.000000e+00
 2.000000e+00  3.000000e+00  0.000000e+00
 3.000000e+00  4.000000e+00  5.684833e-02
 4.000000e+00  5.000000e+00  3.998270e-02
 5.000000e+00  6.000000e+00  2.873456e-02
 6.000000e+00  7.000000e+00  2.065590e-02
 7.000000e+00  8.000000e+00  1.503758e-02
 8.000000e+00  9.000000e+00  1.114930e-02
 9.000000e+00  1.000000e+01  8.401104e-03
 1.000000e+01  1.100000e+01  6.367255e-03
 1.100000e+01  1.200000e+01  4.927429e-03
 1.200000e+01  1.300000e+01  3.882890e-03
 1.300000e+01  1.400000e+01  3.104201e-03
 1.400000e+01  1.500000e+01  2.471417e-03
 1.500000e+01  1.600000e+01  2.020577e-03
 1.600000e+01  1.700000e+01  1.654653e-03
 1.700000e+01  1.800000e+01  1.375845e-03
 1.800000e+01  1.900000e+01  1.116806e-03
 1.900000e+01  2.000000e+01  9.279153e-04
 2.000000e+01  2.100000e+01  7.772316e-04
 2.100000e+01  2.200000e+01  6.667431e-04
 2.200000e+01  2.300000e+01  5.712635e-04
 2.300000e+01  2.400000e+01  4.773713e-04
 2.400000e+01  2.500000e+01  4.049509e-04
 2.500000e+01  2.600000e+01  3.641325e-04
 2.600000e+01  2.700000e+01  3.161229e-04
 2.700000e+01  2.800000e+01  2.629932e-04
 2.800000e+01  2.900000e+01  2.280331e-04
 2.900000e+01  3.000000e+01  2.038975e-04
 3.000000e+01  3.100000e+01  1.798561e-04
 3.100000e+01  3.200000e+01  1.510362e-04
 3.200000e+01  3.300000e+01  1.394630e-04
 3.300000e+01  3.400000e+01  1.259197e-04
 3.400000e+01  3.500000e+01  1.105471e-04
 3.500000e+01  3.600000e+01  9.107091e-05
 3.600000e+01  3.700000e+01  8.394647e-05
 3.700000e+01  3.800000e+01  7.419402e-05
 3.800000e+01  3.900000e+01  6.518492e-05
 3.900000e+01  4.000000e+01  5.596028e-05
