 0.000000e+00  1.000000e+00  0.000000e+00
 1.000000e+00  2.000000e+00  0.000000e+00
 2.000000e+00  3.000000e+00  0.000000e+00
 3.000000e+00  4.000000e+00  3.102815e-02
 4.000000e+00  5.000000e+00  1.787514e-02
 5.000000e+00  6.000000e+00  1.101548e-02
 6.000000e+00  7.000000e+00  7.033495e-03
 7.000000e+00  8.000000e+00  4.636789e-03
 8.000000e+00  9.000000e+00  3.129185e-03
 9.000000e+00  1.000000e+01  2.165223e-03
 1.000000e+01  1.100000e+01  1.524556e-03
 1.100000e+01  1.200000e+01  1.094704e-03
 1.200000e+01  1.300000e+01  8.035123e-04
 1.300000e+01  1.400000e+01  5.843181e-04
 1.400000e+01  1.500000e+01  4.465490e-04
 1.500000e+01  1.600000e+01  3.330550e-04
 1.600000e+01  1.700000e+01  2.505629e-04
 1.700000e+01  1.800000e+01  1.949538e-04
 1.800000e+01  1.900000e+01  1.462416e-04
 1.900000e+01  2.000000e+01  1.160759e-04
 2.000000e+01  2.100000e+01  9.455106e-05
 2.100000e+01  2.200000e+01  7.025114e-05
 2.200000e+01  2.300000e+01  5.653311e-05
 2.300000e+01  2.400000e+01  4.498741e-05
 2.400000e+01  2.500000e+01  3.479401e-05
 2.500000e+01  2.600000e+01  2.670967e-05
 2.600000e+01  2.700000e+01  2.185470e-05
 2.700000e+01  2.800000e+01  1.593111e-05
 2.800000e+01  2.900000e+01  1.305798e-05
 2.900000e+01  3.000000e+01  1.184620e-05
 3.000000e+01  3.100000e+01  9.953829e-06
 3.100000e+01  3.200000e+01  6.816481e-06
 3.200000e+01  3.300000e+01  4.913679e-06
 3.300000e+01  3.400000e+01  4.472796e-06
 3.400000e+01  3.500000e+01  3.841324e-06
 3.500000e+01  3.600000e+01  2.572764e-06
 3.600000e+01  3.700000e+01  2.073788e-06
 3.700000e+01  3.800000e+01  1.907791e-06
 3.800000e+01  3.900000e+01  1.665217e-06
 3.900000e+01  4.000000e+01  1.056059e-06
