 0.000000e+00  1.000000e+00  0.000000e+00
 1.000000e+00  2.000000e+00  0.000000e+00
 2.000000e+00  3.000000e+00  0.000000e+00
 3.000000e+00  4.000000e+00  3.699683e-02
 4.000000e+00  5.000000e+00  2.158842e-02
 5.000000e+00  6.000000e+00  1.350874e-02
 6.000000e+00  7.000000e+00  8.774426e-03
 7.000000e+00  8.000000e+00  5.878053e-03
 8.000000e+00  9.000000e+00  4.080284e-03
 9.000000e+00  1.000000e+01  2.872134e-03
 1.000000e+01  1.100000e+01  2.087936e-03
 1.100000e+01  1.200000e+01  1.535369e-03
 1.200000e+01  1.300000e+01  1.139970e-03
 1.300000e+01  1.400000e+01  8.779046e-04
 1.400000e+01  1.500000e+01  6.628575e-04
 1.500000e+01  1.600000e+01  5.173240e-04
 1.600000e+01  1.700000e+01  4.074348e-04
 1.700000e+01  1.800000e+01  3.231810e-04
 1.800000e+01  1.900000e+01  2.474158e-04
 1.900000e+01  2.000000e+01  2.049183e-04
 2.000000e+01  2.100000e+01  1.630166e-04
 2.100000e+01  2.200000e+01  1.271475e-04
 2.200000e+01  2.300000e+01  1.092384e-04
 2.300000e+01  2.400000e+01  9.213469e-05
 2.400000e+01  2.500000e+01  6.904904e-05
 2.500000e+01  2.600000e+01  5.744933e-05
 2.600000e+01  2.700000e+01  5.000970e-05
 2.700000e+01  2.800000e+01  3.909972e-05
 2.800000e+01  2.900000e+01  3.340657e-05
 2.900000e+01  3.000000e+01  2.599383e-05
 3.000000e+01  3.100000e+01  2.157751e-05
 3.100000e+01  3.200000e+01  1.920536e-05
 3.200000e+01  3.300000e+01  1.413856e-05
 3.300000e+01  3.400000e+01  1.130330e-05
 3.400000e+01  3.500000e+01  1.247305e-05
 3.500000e+01  3.600000e+01  9.605915e-06
 3.600000e+01  3.700000e+01  8.840726e-06
 3.700000e+01  3.800000e+01  5.042784e-06
 3.800000e+01  3.900000e+01  5.469837e-06
 3.900000e+01  4.000000e+01  4.386574e-06
