 0.000000e+00  1.000000e+00  0.000000e+00
 1.000000e+00  2.000000e+00  0.000000e+00
 2.000000e+00  3.000000e+00  0.000000e+00
 3.000000e+00  4.000000e+00  0.000000e+00
 4.000000e+00  5.000000e+00  0.000000e+00
 5.000000e+00  6.000000e+00  0.000000e+00
 6.000000e+00  7.000000e+00  0.000000e+00
 7.000000e+00  8.000000e+00  0.000000e+00
 8.000000e+00  9.000000e+00  0.000000e+00
 9.000000e+00  1.000000e+01  4.316377e-04
 1.000000e+01  1.100000e+01  4.676443e-04
 1.100000e+01  1.200000e+01  3.434579e-04
 1.200000e+01  1.300000e+01  2.820133e-04
 1.300000e+01  1.400000e+01  2.439297e-04
 1.400000e+01  1.500000e+01  2.075634e-04
 1.500000e+01  1.600000e+01  1.785488e-04
 1.600000e+01  1.700000e+01  1.583924e-04
 1.700000e+01  1.800000e+01  1.319446e-04
 1.800000e+01  1.900000e+01  1.172265e-04
 1.900000e+01  2.000000e+01  9.896246e-05
 2.000000e+01  2.100000e+01  9.011103e-05
 2.100000e+01  2.200000e+01  8.297349e-05
 2.200000e+01  2.300000e+01  7.068935e-05
 2.300000e+01  2.400000e+01  6.084754e-05
 2.400000e+01  2.500000e+01  5.423717e-05
 2.500000e+01  2.600000e+01  4.819480e-05
 2.600000e+01  2.700000e+01  4.724451e-05
 2.700000e+01  2.800000e+01  3.974637e-05
 2.800000e+01  2.900000e+01  3.538982e-05
 2.900000e+01  3.000000e+01  3.119344e-05
 3.000000e+01  3.100000e+01  2.594465e-05
 3.100000e+01  3.200000e+01  2.409521e-05
 3.200000e+01  3.300000e+01  2.241044e-05
 3.300000e+01  3.400000e+01  1.973099e-05
 3.400000e+01  3.500000e+01  1.627907e-05
 3.500000e+01  3.600000e+01  1.577083e-05
 3.600000e+01  3.700000e+01  1.444298e-05
 3.700000e+01  3.800000e+01  1.357909e-05
 3.800000e+01  3.900000e+01  1.220003e-05
 3.900000e+01  4.000000e+01  1.014221e-05
