 0.000000e+00  1.000000e+00  0.000000e+00
 1.000000e+00  2.000000e+00  0.000000e+00
 2.000000e+00  3.000000e+00  0.000000e+00
 3.000000e+00  4.000000e+00  0.000000e+00
 4.000000e+00  5.000000e+00  0.000000e+00
 5.000000e+00  6.000000e+00  0.000000e+00
 6.000000e+00  7.000000e+00  0.000000e+00
 7.000000e+00  8.000000e+00  0.000000e+00
 8.000000e+00  9.000000e+00  0.000000e+00
 9.000000e+00  1.000000e+01  4.292136e-04
 1.000000e+01  1.100000e+01  4.301880e-04
 1.100000e+01  1.200000e+01  2.413847e-04
 1.200000e+01  1.300000e+01  1.638518e-04
 1.300000e+01  1.400000e+01  1.125363e-04
 1.400000e+01  1.500000e+01  7.718798e-05
 1.500000e+01  1.600000e+01  5.999453e-05
 1.600000e+01  1.700000e+01  4.606029e-05
 1.700000e+01  1.800000e+01  3.609147e-05
 1.800000e+01  1.900000e+01  2.749237e-05
 1.900000e+01  2.000000e+01  2.223818e-05
 2.000000e+01  2.100000e+01  3.171109e-05
 2.100000e+01  2.200000e+01  1.472599e-05
 2.200000e+01  2.300000e+01  1.050376e-05
 2.300000e+01  2.400000e+01  1.134793e-05
 2.400000e+01  2.500000e+01  7.290350e-06
 2.500000e+01  2.600000e+01  8.045417e-06
 2.600000e+01  2.700000e+01  5.193711e-06
 2.700000e+01  2.800000e+01  4.987790e-06
 2.800000e+01  2.900000e+01  4.529793e-06
 2.900000e+01  3.000000e+01  2.790999e-06
 3.000000e+01  3.100000e+01  2.552444e-06
 3.100000e+01  3.200000e+01  1.959130e-06
 3.200000e+01  3.300000e+01  2.345964e-06
 3.300000e+01  3.400000e+01  2.264743e-06
 3.400000e+01  3.500000e+01  1.040905e-06
 3.500000e+01  3.600000e+01  1.749749e-06
 3.600000e+01  3.700000e+01  1.178239e-06
 3.700000e+01  3.800000e+01  1.562467e-06
 3.800000e+01  3.900000e+01  1.911457e-06
 3.900000e+01  4.000000e+01  1.126599e-06
