 0.000000e+00  1.000000e+00  0.000000e+00
 1.000000e+00  2.000000e+00  0.000000e+00
 2.000000e+00  3.000000e+00  0.000000e+00
 3.000000e+00  4.000000e+00  0.000000e+00
 4.000000e+00  5.000000e+00  0.000000e+00
 5.000000e+00  6.000000e+00  0.000000e+00
 6.000000e+00  7.000000e+00  0.000000e+00
 7.000000e+00  8.000000e+00  0.000000e+00
 8.000000e+00  9.000000e+00  0.000000e+00
 9.000000e+00  1.000000e+01  2.617353e-04
 1.000000e+01  1.100000e+01  3.553611e-04
 1.100000e+01  1.200000e+01  2.432652e-04
 1.200000e+01  1.300000e+01  1.749072e-04
 1.300000e+01  1.400000e+01  1.291678e-04
 1.400000e+01  1.500000e+01  9.686805e-05
 1.500000e+01  1.600000e+01  7.423376e-05
 1.600000e+01  1.700000e+01  5.738456e-05
 1.700000e+01  1.800000e+01  4.455720e-05
 1.800000e+01  1.900000e+01  3.511432e-05
 1.900000e+01  2.000000e+01  2.788112e-05
 2.000000e+01  2.100000e+01  2.227426e-05
 2.100000e+01  2.200000e+01  1.778249e-05
 2.200000e+01  2.300000e+01  1.453694e-05
 2.300000e+01  2.400000e+01  1.172009e-05
 2.400000e+01  2.500000e+01  9.523629e-06
 2.500000e+01  2.600000e+01  7.843360e-06
 2.600000e+01  2.700000e+01  6.473139e-06
 2.700000e+01  2.800000e+01  5.275676e-06
 2.800000e+01  2.900000e+01  4.365188e-06
 2.900000e+01  3.000000e+01  3.683627e-06
 3.000000e+01  3.100000e+01  3.078104e-06
 3.100000e+01  3.200000e+01  2.578519e-06
 3.200000e+01  3.300000e+01  2.100117e-06
 3.300000e+01  3.400000e+01  1.734302e-06
 3.400000e+01  3.500000e+01  1.525905e-06
 3.500000e+01  3.600000e+01  1.212953e-06
 3.600000e+01  3.700000e+01  1.054562e-06
 3.700000e+01  3.800000e+01  8.802746e-07
 3.800000e+01  3.900000e+01  7.403638e-07
 3.900000e+01  4.000000e+01  6.126689e-07
