 0.000000e+00  1.000000e+00  0.000000e+00
 1.000000e+00  2.000000e+00  0.000000e+00
 2.000000e+00  3.000000e+00  0.000000e+00
 3.000000e+00  4.000000e+00  0.000000e+00
 4.000000e+00  5.000000e+00  0.000000e+00
 5.000000e+00  6.000000e+00  0.000000e+00
 6.000000e+00  7.000000e+00  0.000000e+00
 7.000000e+00  8.000000e+00  0.000000e+00
 8.000000e+00  9.000000e+00  0.000000e+00
 9.000000e+00  1.000000e+01  3.358585e-04
 1.000000e+01  1.100000e+01  3.231893e-04
 1.100000e+01  1.200000e+01  1.747519e-04
 1.200000e+01  1.300000e+01  1.045024e-04
 1.300000e+01  1.400000e+01  6.651324e-05
 1.400000e+01  1.500000e+01  4.472113e-05
 1.500000e+01  1.600000e+01  3.082342e-05
 1.600000e+01  1.700000e+01  2.059457e-05
 1.700000e+01  1.800000e+01  1.492621e-05
 1.800000e+01  1.900000e+01  1.053846e-05
 1.900000e+01  2.000000e+01  7.151500e-06
 2.000000e+01  2.100000e+01  5.620859e-06
 2.100000e+01  2.200000e+01  4.117386e-06
 2.200000e+01  2.300000e+01  3.017709e-06
 2.300000e+01  2.400000e+01  2.145791e-06
 2.400000e+01  2.500000e+01  1.304144e-06
 2.500000e+01  2.600000e+01  1.260424e-06
 2.600000e+01  2.700000e+01  7.845267e-07
 2.700000e+01  2.800000e+01  8.572037e-07
 2.800000e+01  2.900000e+01  7.362996e-07
 2.900000e+01  3.000000e+01  3.398424e-07
 3.000000e+01  3.100000e+01  1.916749e-07
 3.100000e+01  3.200000e+01  1.168607e-07
 3.200000e+01  3.300000e+01  1.627419e-08
 3.300000e+01  3.400000e+01  9.677846e-08
 3.400000e+01  3.500000e+01  1.172995e-07
 3.500000e+01  3.600000e+01  1.362762e-07
 3.600000e+01  3.700000e+01  1.022027e-07
 3.700000e+01  3.800000e+01  2.678328e-08
 3.800000e+01  3.900000e+01 -2.592956e-08
 3.900000e+01  4.000000e+01 -1.773129e-08
