 0.000000e+00  1.000000e+00  0.000000e+00
 1.000000e+00  2.000000e+00  0.000000e+00
 2.000000e+00  3.000000e+00  0.000000e+00
 3.000000e+00  4.000000e+00  0.000000e+00
 4.000000e+00  5.000000e+00  0.000000e+00
 5.000000e+00  6.000000e+00  0.000000e+00
 6.000000e+00  7.000000e+00  0.000000e+00
 7.000000e+00  8.000000e+00  0.000000e+00
 8.000000e+00  9.000000e+00  0.000000e+00
 9.000000e+00  1.000000e+01  3.527296e-04
 1.000000e+01  1.100000e+01  4.879691e-04
 1.100000e+01  1.200000e+01  3.404276e-04
 1.200000e+01  1.300000e+01  2.504525e-04
 1.300000e+01  1.400000e+01  1.891581e-04
 1.400000e+01  1.500000e+01  1.453023e-04
 1.500000e+01  1.600000e+01  1.137613e-04
 1.600000e+01  1.700000e+01  9.031100e-05
 1.700000e+01  1.800000e+01  7.242481e-05
 1.800000e+01  1.900000e+01  5.787251e-05
 1.900000e+01  2.000000e+01  4.742214e-05
 2.000000e+01  2.100000e+01  3.904648e-05
 2.100000e+01  2.200000e+01  3.177154e-05
 2.200000e+01  2.300000e+01  2.662577e-05
 2.300000e+01  2.400000e+01  2.205568e-05
 2.400000e+01  2.500000e+01  1.827404e-05
 2.500000e+01  2.600000e+01  1.569895e-05
 2.600000e+01  2.700000e+01  1.323076e-05
 2.700000e+01  2.800000e+01  1.102222e-05
 2.800000e+01  2.900000e+01  9.376026e-06
 2.900000e+01  3.000000e+01  8.399036e-06
 3.000000e+01  3.100000e+01  6.911415e-06
 3.100000e+01  3.200000e+01  6.007345e-06
 3.200000e+01  3.300000e+01  5.135690e-06
 3.300000e+01  3.400000e+01  4.357517e-06
 3.400000e+01  3.500000e+01  3.781715e-06
 3.500000e+01  3.600000e+01  3.368671e-06
 3.600000e+01  3.700000e+01  2.800168e-06
 3.700000e+01  3.800000e+01  2.424637e-06
 3.800000e+01  3.900000e+01  2.172444e-06
 3.900000e+01  4.000000e+01  1.928950e-06
