 0.000000e+00  1.000000e+00  0.000000e+00
 1.000000e+00  2.000000e+00  0.000000e+00
 2.000000e+00  3.000000e+00  0.000000e+00
 3.000000e+00  4.000000e+00  0.000000e+00
 4.000000e+00  5.000000e+00  0.000000e+00
 5.000000e+00  6.000000e+00  0.000000e+00
 6.000000e+00  7.000000e+00  0.000000e+00
 7.000000e+00  8.000000e+00  0.000000e+00
 8.000000e+00  9.000000e+00  0.000000e+00
 9.000000e+00  1.000000e+01  7.669661e-04
 1.000000e+01  1.100000e+01  1.085249e-03
 1.100000e+01  1.200000e+01  7.864365e-04
 1.200000e+01  1.300000e+01  5.978727e-04
 1.300000e+01  1.400000e+01  4.665736e-04
 1.400000e+01  1.500000e+01  3.701608e-04
 1.500000e+01  1.600000e+01  2.974122e-04
 1.600000e+01  1.700000e+01  2.417583e-04
 1.700000e+01  1.800000e+01  1.990653e-04
 1.800000e+01  1.900000e+01  1.662968e-04
 1.900000e+01  2.000000e+01  1.372947e-04
 2.000000e+01  2.100000e+01  1.148548e-04
 2.100000e+01  2.200000e+01  9.727515e-05
 2.200000e+01  2.300000e+01  8.270058e-05
 2.300000e+01  2.400000e+01  7.043029e-05
 2.400000e+01  2.500000e+01  6.101000e-05
 2.500000e+01  2.600000e+01  5.199270e-05
 2.600000e+01  2.700000e+01  4.479697e-05
 2.700000e+01  2.800000e+01  3.885443e-05
 2.800000e+01  2.900000e+01  3.420332e-05
 2.900000e+01  3.000000e+01  2.963954e-05
 3.000000e+01  3.100000e+01  2.544328e-05
 3.100000e+01  3.200000e+01  2.262206e-05
 3.200000e+01  3.300000e+01  1.975665e-05
 3.300000e+01  3.400000e+01  1.762338e-05
 3.400000e+01  3.500000e+01  1.523547e-05
 3.500000e+01  3.600000e+01  1.366816e-05
 3.600000e+01  3.700000e+01  1.242361e-05
 3.700000e+01  3.800000e+01  1.082030e-05
 3.800000e+01  3.900000e+01  9.684838e-06
 3.900000e+01  4.000000e+01  8.591518e-06
