 0.000000e+00  1.000000e+00  0.000000e+00
 1.000000e+00  2.000000e+00  0.000000e+00
 2.000000e+00  3.000000e+00  0.000000e+00
 3.000000e+00  4.000000e+00  4.051193e-02
 4.000000e+00  5.000000e+00  2.340069e-02
 5.000000e+00  6.000000e+00  1.562279e-02
 6.000000e+00  7.000000e+00  1.088649e-02
 7.000000e+00  8.000000e+00  7.832888e-03
 8.000000e+00  9.000000e+00  5.749490e-03
 9.000000e+00  1.000000e+01  4.325919e-03
 1.000000e+01  1.100000e+01  3.279674e-03
 1.100000e+01  1.200000e+01  2.557232e-03
 1.200000e+01  1.300000e+01  1.988577e-03
 1.300000e+01  1.400000e+01  1.593366e-03
 1.400000e+01  1.500000e+01  1.269739e-03
 1.500000e+01  1.600000e+01  1.027021e-03
 1.600000e+01  1.700000e+01  8.610081e-04
 1.700000e+01  1.800000e+01  6.972059e-04
 1.800000e+01  1.900000e+01  5.690366e-04
 1.900000e+01  2.000000e+01  4.897204e-04
 2.000000e+01  2.100000e+01  4.101861e-04
 2.100000e+01  2.200000e+01  3.573496e-04
 2.200000e+01  2.300000e+01  2.925937e-04
 2.300000e+01  2.400000e+01  2.489562e-04
 2.400000e+01  2.500000e+01  2.191641e-04
 2.500000e+01  2.600000e+01  1.893116e-04
 2.600000e+01  2.700000e+01  1.594881e-04
 2.700000e+01  2.800000e+01  1.392665e-04
 2.800000e+01  2.900000e+01  1.206035e-04
 2.900000e+01  3.000000e+01  1.076757e-04
 3.000000e+01  3.100000e+01  9.409688e-05
 3.100000e+01  3.200000e+01  8.974466e-05
 3.200000e+01  3.300000e+01  7.193352e-05
 3.300000e+01  3.400000e+01  6.083915e-05
 3.400000e+01  3.500000e+01  5.469181e-05
 3.500000e+01  3.600000e+01  4.906528e-05
 3.600000e+01  3.700000e+01  4.767538e-05
 3.700000e+01  3.800000e+01  3.608351e-05
 3.800000e+01  3.900000e+01  3.560018e-05
 3.900000e+01  4.000000e+01  3.139911e-05
