 0.000000e+00  1.000000e+00  0.000000e+00
 1.000000e+00  2.000000e+00  0.000000e+00
 2.000000e+00  3.000000e+00  0.000000e+00
 3.000000e+00  4.000000e+00  2.498639e-02
 4.000000e+00  5.000000e+00  1.089189e-02
 5.000000e+00  6.000000e+00  7.483216e-03
 6.000000e+00  7.000000e+00  5.881863e-03
 7.000000e+00  8.000000e+00  5.295453e-03
 8.000000e+00  9.000000e+00  3.534077e-03
 9.000000e+00  1.000000e+01  3.790809e-03
 1.000000e+01  1.100000e+01  1.950837e-03
 1.100000e+01  1.200000e+01  2.392430e-03
 1.200000e+01  1.300000e+01  1.793242e-03
 1.300000e+01  1.400000e+01  1.756494e-03
 1.400000e+01  1.500000e+01  1.123389e-03
 1.500000e+01  1.600000e+01  1.030951e-03
 1.600000e+01  1.700000e+01  9.256620e-04
 1.700000e+01  1.800000e+01  7.371164e-04
 1.800000e+01  1.900000e+01  6.150109e-04
 1.900000e+01  2.000000e+01  5.942419e-04
 2.000000e+01  2.100000e+01  4.879139e-04
 2.100000e+01  2.200000e+01  4.226365e-04
 2.200000e+01  2.300000e+01  2.873734e-04
 2.300000e+01  2.400000e+01  3.392270e-04
 2.400000e+01  2.500000e+01  2.665184e-04
 2.500000e+01  2.600000e+01  2.551218e-04
 2.600000e+01  2.700000e+01  4.120981e-04
 2.700000e+01  2.800000e+01  7.878670e-05
 2.800000e+01  2.900000e+01  7.221637e-05
 2.900000e+01  3.000000e+01  1.833254e-04
 3.000000e+01  3.100000e+01  1.100264e-04
 3.100000e+01  3.200000e+01  9.395985e-05
 3.200000e+01  3.300000e+01  1.304848e-04
 3.300000e+01  3.400000e+01  8.946516e-06
 3.400000e+01  3.500000e+01  8.590310e-05
 3.500000e+01  3.600000e+01  5.683560e-05
 3.600000e+01  3.700000e+01  6.496551e-05
 3.700000e+01  3.800000e+01  3.772896e-05
 3.800000e+01  3.900000e+01  3.076900e-05
 3.900000e+01  4.000000e+01  8.117630e-05
