 0.000000e+00  1.000000e+00  0.000000e+00
 1.000000e+00  2.000000e+00  0.000000e+00
 2.000000e+00  3.000000e+00  0.000000e+00
 3.000000e+00  4.000000e+00  3.476786e-02
 4.000000e+00  5.000000e+00  1.112933e-02
 5.000000e+00  6.000000e+00  5.338353e-03
 6.000000e+00  7.000000e+00  3.144828e-03
 7.000000e+00  8.000000e+00  1.795077e-03
 8.000000e+00  9.000000e+00  9.820959e-04
 9.000000e+00  1.000000e+01  8.322814e-04
 1.000000e+01  1.100000e+01  5.074371e-04
 1.100000e+01  1.200000e+01  2.972914e-04
 1.200000e+01  1.300000e+01  1.969293e-04
 1.300000e+01  1.400000e+01  1.208587e-04
 1.400000e+01  1.500000e+01  5.737746e-05
 1.500000e+01  1.600000e+01  2.267847e-05
 1.600000e+01  1.700000e+01  9.229148e-05
 1.700000e+01  1.800000e+01  2.436867e-05
 1.800000e+01  1.900000e+01  5.059605e-05
 1.900000e+01  2.000000e+01  2.968118e-05
 2.000000e+01  2.100000e+01  1.509751e-05
 2.100000e+01  2.200000e+01  7.753874e-06
 2.200000e+01  2.300000e+01  2.608102e-05
 2.300000e+01  2.400000e+01  6.525645e-06
 2.400000e+01  2.500000e+01  8.221791e-06
 2.500000e+01  2.600000e+01 -1.412626e-06
 2.600000e+01  2.700000e+01 -3.078624e-06
 2.700000e+01  2.800000e+01 -1.420430e-05
 2.800000e+01  2.900000e+01  2.717325e-06
 2.900000e+01  3.000000e+01  6.350525e-06
 3.000000e+01  3.100000e+01  1.935519e-07
 3.100000e+01  3.200000e+01  1.554119e-06
 3.200000e+01  3.300000e+01 -4.351946e-07
 3.300000e+01  3.400000e+01 -8.111814e-07
 3.400000e+01  3.500000e+01  2.857811e-06
 3.500000e+01  3.600000e+01 -6.644214e-07
 3.600000e+01  3.700000e+01  4.969487e-06
 3.700000e+01  3.800000e+01  3.651448e-08
 3.800000e+01  3.900000e+01  3.451438e-07
 3.900000e+01  4.000000e+01 -4.779799e-07
