 0.000000e+00  1.000000e+00  0.000000e+00
 1.000000e+00  2.000000e+00  0.000000e+00
 2.000000e+00  3.000000e+00  0.000000e+00
 3.000000e+00  4.000000e+00  0.000000e+00
 4.000000e+00  5.000000e+00  0.000000e+00
 5.000000e+00  6.000000e+00  0.000000e+00
 6.000000e+00  7.000000e+00  0.000000e+00
 7.000000e+00  8.000000e+00  0.000000e+00
 8.000000e+00  9.000000e+00  0.000000e+00
 9.000000e+00  1.000000e+01  4.142478e-07
 1.000000e+01  1.100000e+01  3.648198e-06
 1.100000e+01  1.200000e+01  5.446165e-06
 1.200000e+01  1.300000e+01  5.437568e-06
 1.300000e+01  1.400000e+01  4.682400e-06
 1.400000e+01  1.500000e+01  3.748320e-06
 1.500000e+01  1.600000e+01  2.923675e-06
 1.600000e+01  1.700000e+01  2.215167e-06
 1.700000e+01  1.800000e+01  1.677736e-06
 1.800000e+01  1.900000e+01  1.258462e-06
 1.900000e+01  2.000000e+01  9.356575e-07
 2.000000e+01  2.100000e+01  6.987137e-07
 2.100000e+01  2.200000e+01  5.287973e-07
 2.200000e+01  2.300000e+01  3.954605e-07
 2.300000e+01  2.400000e+01  3.011099e-07
 2.400000e+01  2.500000e+01  2.318817e-07
 2.500000e+01  2.600000e+01  1.726972e-07
 2.600000e+01  2.700000e+01  1.328435e-07
 2.700000e+01  2.800000e+01  1.001643e-07
 2.800000e+01  2.900000e+01  7.763501e-08
 2.900000e+01  3.000000e+01  6.038624e-08
 3.000000e+01  3.100000e+01  4.691329e-08
 3.100000e+01  3.200000e+01  3.639809e-08
 3.200000e+01  3.300000e+01  2.712921e-08
 3.300000e+01  3.400000e+01  2.029957e-08
 3.400000e+01  3.500000e+01  1.607677e-08
 3.500000e+01  3.600000e+01  1.321616e-08
 3.600000e+01  3.700000e+01  1.040747e-08
 3.700000e+01  3.800000e+01  7.782492e-09
 3.800000e+01  3.900000e+01  6.182056e-09
 3.900000e+01  4.000000e+01  4.790380e-09
