 0.000000e+00  1.000000e+00  0.000000e+00
 1.000000e+00  2.000000e+00  0.000000e+00
 2.000000e+00  3.000000e+00  0.000000e+00
 3.000000e+00  4.000000e+00  0.000000e+00
 4.000000e+00  5.000000e+00  0.000000e+00
 5.000000e+00  6.000000e+00  0.000000e+00
 6.000000e+00  7.000000e+00  0.000000e+00
 7.000000e+00  8.000000e+00  0.000000e+00
 8.000000e+00  9.000000e+00  0.000000e+00
 9.000000e+00  1.000000e+01  1.547714e-04
 1.000000e+01  1.100000e+01  2.778607e-04
 1.100000e+01  1.200000e+01  2.256982e-04
 1.200000e+01  1.300000e+01  1.768308e-04
 1.300000e+01  1.400000e+01  1.366203e-04
 1.400000e+01  1.500000e+01  1.050024e-04
 1.500000e+01  1.600000e+01  8.041821e-05
 1.600000e+01  1.700000e+01  6.197367e-05
 1.700000e+01  1.800000e+01  4.787622e-05
 1.800000e+01  1.900000e+01  3.712137e-05
 1.900000e+01  2.000000e+01  2.927222e-05
 2.000000e+01  2.100000e+01  2.292672e-05
 2.100000e+01  2.200000e+01  1.811023e-05
 2.200000e+01  2.300000e+01  1.437861e-05
 2.300000e+01  2.400000e+01  1.166255e-05
 2.400000e+01  2.500000e+01  9.356939e-06
 2.500000e+01  2.600000e+01  7.626460e-06
 2.600000e+01  2.700000e+01  6.093571e-06
 2.700000e+01  2.800000e+01  4.974307e-06
 2.800000e+01  2.900000e+01  4.130060e-06
 2.900000e+01  3.000000e+01  3.446523e-06
 3.000000e+01  3.100000e+01  2.847869e-06
 3.100000e+01  3.200000e+01  2.423602e-06
 3.200000e+01  3.300000e+01  1.924096e-06
 3.300000e+01  3.400000e+01  1.667541e-06
 3.400000e+01  3.500000e+01  1.418416e-06
 3.500000e+01  3.600000e+01  1.187915e-06
 3.600000e+01  3.700000e+01  9.670683e-07
 3.700000e+01  3.800000e+01  8.601827e-07
 3.800000e+01  3.900000e+01  7.305813e-07
 3.900000e+01  4.000000e+01  5.898487e-07
