 0.000000e+00  1.000000e+00  0.000000e+00
 1.000000e+00  2.000000e+00  0.000000e+00
 2.000000e+00  3.000000e+00  0.000000e+00
 3.000000e+00  4.000000e+00  0.000000e+00
 4.000000e+00  5.000000e+00  0.000000e+00
 5.000000e+00  6.000000e+00  0.000000e+00
 6.000000e+00  7.000000e+00  0.000000e+00
 7.000000e+00  8.000000e+00  0.000000e+00
 8.000000e+00  9.000000e+00  0.000000e+00
 9.000000e+00  1.000000e+01  1.675724e-05
 1.000000e+01  1.100000e+01  2.810369e-05
 1.100000e+01  1.200000e+01  2.068445e-05
 1.200000e+01  1.300000e+01  1.479517e-05
 1.300000e+01  1.400000e+01  1.057307e-05
 1.400000e+01  1.500000e+01  7.598289e-06
 1.500000e+01  1.600000e+01  5.476379e-06
 1.600000e+01  1.700000e+01  4.008792e-06
 1.700000e+01  1.800000e+01  2.984608e-06
 1.800000e+01  1.900000e+01  2.215293e-06
 1.900000e+01  2.000000e+01  1.678469e-06
 2.000000e+01  2.100000e+01  1.282140e-06
 2.100000e+01  2.200000e+01  9.921119e-07
 2.200000e+01  2.300000e+01  7.612243e-07
 2.300000e+01  2.400000e+01  5.909116e-07
 2.400000e+01  2.500000e+01  4.680937e-07
 2.500000e+01  2.600000e+01  3.729476e-07
 2.600000e+01  2.700000e+01  2.992525e-07
 2.700000e+01  2.800000e+01  2.420982e-07
 2.800000e+01  2.900000e+01  1.865362e-07
 2.900000e+01  3.000000e+01  1.579051e-07
 3.000000e+01  3.100000e+01  1.275103e-07
 3.100000e+01  3.200000e+01  1.007893e-07
 3.200000e+01  3.300000e+01  8.508957e-08
 3.300000e+01  3.400000e+01  6.993304e-08
 3.400000e+01  3.500000e+01  5.674895e-08
 3.500000e+01  3.600000e+01  4.721254e-08
 3.600000e+01  3.700000e+01  4.002343e-08
 3.700000e+01  3.800000e+01  3.221377e-08
 3.800000e+01  3.900000e+01  2.712876e-08
 3.900000e+01  4.000000e+01  2.468186e-08
