 0.000000e+00  1.000000e+00  0.000000e+00
 1.000000e+00  2.000000e+00  0.000000e+00
 2.000000e+00  3.000000e+00  0.000000e+00
 3.000000e+00  4.000000e+00  0.000000e+00
 4.000000e+00  5.000000e+00  0.000000e+00
 5.000000e+00  6.000000e+00  0.000000e+00
 6.000000e+00  7.000000e+00  0.000000e+00
 7.000000e+00  8.000000e+00  0.000000e+00
 8.000000e+00  9.000000e+00  0.000000e+00
 9.000000e+00  1.000000e+01  7.680786e-06
 1.000000e+01  1.100000e+01  1.629965e-05
 1.100000e+01  1.200000e+01  1.320609e-05
 1.200000e+01  1.300000e+01  1.036939e-05
 1.300000e+01  1.400000e+01  7.799599e-06
 1.400000e+01  1.500000e+01  6.200834e-06
 1.500000e+01  1.600000e+01  4.904412e-06
 1.600000e+01  1.700000e+01  3.777377e-06
 1.700000e+01  1.800000e+01  2.946721e-06
 1.800000e+01  1.900000e+01  2.211884e-06
 1.900000e+01  2.000000e+01  1.768917e-06
 2.000000e+01  2.100000e+01  1.434090e-06
 2.100000e+01  2.200000e+01  1.105478e-06
 2.200000e+01  2.300000e+01  8.261786e-07
 2.300000e+01  2.400000e+01  6.955977e-07
 2.400000e+01  2.500000e+01  5.537445e-07
 2.500000e+01  2.600000e+01  4.554793e-07
 2.600000e+01  2.700000e+01  3.805245e-07
 2.700000e+01  2.800000e+01  2.944138e-07
 2.800000e+01  2.900000e+01  2.367896e-07
 2.900000e+01  3.000000e+01  1.982386e-07
 3.000000e+01  3.100000e+01  1.414447e-07
 3.100000e+01  3.200000e+01  1.252960e-07
 3.200000e+01  3.300000e+01  1.069094e-07
 3.300000e+01  3.400000e+01  8.948068e-08
 3.400000e+01  3.500000e+01  7.943881e-08
 3.500000e+01  3.600000e+01  6.535765e-08
 3.600000e+01  3.700000e+01  5.272479e-08
 3.700000e+01  3.800000e+01  4.589908e-08
 3.800000e+01  3.900000e+01  3.473524e-08
 3.900000e+01  4.000000e+01  3.226808e-08
