 0.000000e+00  1.000000e+00  0.000000e+00
 1.000000e+00  2.000000e+00  0.000000e+00
 2.000000e+00  3.000000e+00  0.000000e+00
 3.000000e+00  4.000000e+00  0.000000e+00
 4.000000e+00  5.000000e+00  0.000000e+00
 5.000000e+00  6.000000e+00  0.000000e+00
 6.000000e+00  7.000000e+00  0.000000e+00
 7.000000e+00  8.000000e+00  0.000000e+00
 8.000000e+00  9.000000e+00  0.000000e+00
 9.000000e+00  1.000000e+01  1.145053e-05
 1.000000e+01  1.100000e+01  1.662550e-05
 1.100000e+01  1.200000e+01  9.589272e-06
 1.200000e+01  1.300000e+01  5.465152e-06
 1.300000e+01  1.400000e+01  3.200616e-06
 1.400000e+01  1.500000e+01  1.953941e-06
 1.500000e+01  1.600000e+01  1.315574e-06
 1.600000e+01  1.700000e+01  9.428742e-07
 1.700000e+01  1.800000e+01  5.645139e-07
 1.800000e+01  1.900000e+01  4.184463e-07
 1.900000e+01  2.000000e+01  3.259671e-07
 2.000000e+01  2.100000e+01  2.477124e-07
 2.100000e+01  2.200000e+01  1.921236e-07
 2.200000e+01  2.300000e+01  1.553279e-07
 2.300000e+01  2.400000e+01  1.178409e-07
 2.400000e+01  2.500000e+01  8.793736e-08
 2.500000e+01  2.600000e+01  9.023432e-08
 2.600000e+01  2.700000e+01  7.768551e-08
 2.700000e+01  2.800000e+01  6.497357e-08
 2.800000e+01  2.900000e+01  4.820662e-08
 2.900000e+01  3.000000e+01  4.326837e-08
 3.000000e+01  3.100000e+01  2.584783e-08
 3.100000e+01  3.200000e+01  3.047205e-08
 3.200000e+01  3.300000e+01  2.344982e-08
 3.300000e+01  3.400000e+01  1.998458e-08
 3.400000e+01  3.500000e+01  1.616733e-08
 3.500000e+01  3.600000e+01  1.433058e-08
 3.600000e+01  3.700000e+01  1.374183e-08
 3.700000e+01  3.800000e+01  9.253927e-09
 3.800000e+01  3.900000e+01  9.851379e-09
 3.900000e+01  4.000000e+01  9.491540e-09
