 0.000000e+00  1.000000e+00  0.000000e+00
 1.000000e+00  2.000000e+00  0.000000e+00
 2.000000e+00  3.000000e+00  0.000000e+00
 3.000000e+00  4.000000e+00  0.000000e+00
 4.000000e+00  5.000000e+00  0.000000e+00
 5.000000e+00  6.000000e+00  0.000000e+00
 6.000000e+00  7.000000e+00  0.000000e+00
 7.000000e+00  8.000000e+00  0.000000e+00
 8.000000e+00  9.000000e+00  0.000000e+00
 9.000000e+00  1.000000e+01  1.277718e-05
 1.000000e+01  1.100000e+01  2.180602e-05
 1.100000e+01  1.200000e+01  1.673684e-05
 1.200000e+01  1.300000e+01  1.252712e-05
 1.300000e+01  1.400000e+01  1.000279e-05
 1.400000e+01  1.500000e+01  8.012354e-06
 1.500000e+01  1.600000e+01  7.182372e-06
 1.600000e+01  1.700000e+01  5.039116e-06
 1.700000e+01  1.800000e+01  4.101445e-06
 1.800000e+01  1.900000e+01  3.408745e-06
 1.900000e+01  2.000000e+01  2.717998e-06
 2.000000e+01  2.100000e+01  2.086738e-06
 2.100000e+01  2.200000e+01  1.556136e-06
 2.200000e+01  2.300000e+01  1.413502e-06
 2.300000e+01  2.400000e+01  1.128599e-06
 2.400000e+01  2.500000e+01  8.620219e-07
 2.500000e+01  2.600000e+01  7.506521e-07
 2.600000e+01  2.700000e+01  6.149041e-07
 2.700000e+01  2.800000e+01  5.250803e-07
 2.800000e+01  2.900000e+01  4.534718e-07
 2.900000e+01  3.000000e+01  3.171092e-07
 3.000000e+01  3.100000e+01  3.021842e-07
 3.100000e+01  3.200000e+01  2.697463e-07
 3.200000e+01  3.300000e+01  2.273215e-07
 3.300000e+01  3.400000e+01  1.955473e-07
 3.400000e+01  3.500000e+01  1.317690e-07
 3.500000e+01  3.600000e+01  1.699173e-07
 3.600000e+01  3.700000e+01  1.095574e-07
 3.700000e+01  3.800000e+01  8.998228e-08
 3.800000e+01  3.900000e+01  7.111126e-08
 3.900000e+01  4.000000e+01  8.254038e-08
