 0.000000e+00  1.000000e+00  0.000000e+00
 1.000000e+00  2.000000e+00  0.000000e+00
 2.000000e+00  3.000000e+00  0.000000e+00
 3.000000e+00  4.000000e+00  0.000000e+00
 4.000000e+00  5.000000e+00  0.000000e+00
 5.000000e+00  6.000000e+00  0.000000e+00
 6.000000e+00  7.000000e+00  0.000000e+00
 7.000000e+00  8.000000e+00  0.000000e+00
 8.000000e+00  9.000000e+00  0.000000e+00
 9.000000e+00  1.000000e+01  1.266134e-05
 1.000000e+01  1.100000e+01  2.117991e-05
 1.100000e+01  1.200000e+01  1.540156e-05
 1.200000e+01  1.300000e+01  1.088675e-05
 1.300000e+01  1.400000e+01  7.648521e-06
 1.400000e+01  1.500000e+01  5.439495e-06
 1.500000e+01  1.600000e+01  3.910215e-06
 1.600000e+01  1.700000e+01  2.783722e-06
 1.700000e+01  1.800000e+01  2.039802e-06
 1.800000e+01  1.900000e+01  1.502228e-06
 1.900000e+01  2.000000e+01  1.115808e-06
 2.000000e+01  2.100000e+01  8.316797e-07
 2.100000e+01  2.200000e+01  6.309104e-07
 2.200000e+01  2.300000e+01  4.767958e-07
 2.300000e+01  2.400000e+01  3.675372e-07
 2.400000e+01  2.500000e+01  2.872183e-07
 2.500000e+01  2.600000e+01  2.207046e-07
 2.600000e+01  2.700000e+01  1.742410e-07
 2.700000e+01  2.800000e+01  1.342400e-07
 2.800000e+01  2.900000e+01  1.082455e-07
 2.900000e+01  3.000000e+01  8.428815e-08
 3.000000e+01  3.100000e+01  6.916734e-08
 3.100000e+01  3.200000e+01  5.078538e-08
 3.200000e+01  3.300000e+01  4.344694e-08
 3.300000e+01  3.400000e+01  3.597435e-08
 3.400000e+01  3.500000e+01  2.849161e-08
 3.500000e+01  3.600000e+01  2.333550e-08
 3.600000e+01  3.700000e+01  2.042477e-08
 3.700000e+01  3.800000e+01  1.547518e-08
 3.800000e+01  3.900000e+01  1.169634e-08
 3.900000e+01  4.000000e+01  1.013109e-08
