 0.000000e+00  1.000000e+00  0.000000e+00
 1.000000e+00  2.000000e+00  0.000000e+00
 2.000000e+00  3.000000e+00  0.000000e+00
 3.000000e+00  4.000000e+00  7.173039e-03
 4.000000e+00  5.000000e+00  3.575807e-03
 5.000000e+00  6.000000e+00  1.876603e-03
 6.000000e+00  7.000000e+00  1.157827e-03
 7.000000e+00  8.000000e+00  8.345859e-04
 8.000000e+00  9.000000e+00  6.536515e-04
 9.000000e+00  1.000000e+01  4.745705e-04
 1.000000e+01  1.100000e+01  3.616617e-04
 1.100000e+01  1.200000e+01  2.659872e-04
 1.200000e+01  1.300000e+01  1.761292e-04
 1.300000e+01  1.400000e+01  1.365493e-04
 1.400000e+01  1.500000e+01  1.045236e-04
 1.500000e+01  1.600000e+01  7.588251e-05
 1.600000e+01  1.700000e+01  5.822837e-05
 1.700000e+01  1.800000e+01  3.936783e-05
 1.800000e+01  1.900000e+01  3.339471e-05
 1.900000e+01  2.000000e+01  2.656257e-05
 2.000000e+01  2.100000e+01  2.095463e-05
 2.100000e+01  2.200000e+01  1.722147e-05
 2.200000e+01  2.300000e+01  1.299384e-05
 2.300000e+01  2.400000e+01  9.066274e-06
 2.400000e+01  2.500000e+01  9.822933e-06
 2.500000e+01  2.600000e+01  6.134209e-06
 2.600000e+01  2.700000e+01  5.940603e-06
 2.700000e+01  2.800000e+01  4.777145e-06
 2.800000e+01  2.900000e+01  4.359052e-06
 2.900000e+01  3.000000e+01  3.246710e-06
 3.000000e+01  3.100000e+01  2.519143e-06
 3.100000e+01  3.200000e+01  2.274327e-06
 3.200000e+01  3.300000e+01  1.538979e-06
 3.300000e+01  3.400000e+01  1.473536e-06
 3.400000e+01  3.500000e+01  9.517424e-07
 3.500000e+01  3.600000e+01  7.870833e-07
 3.600000e+01  3.700000e+01  6.140173e-07
 3.700000e+01  3.800000e+01  8.601724e-07
 3.800000e+01  3.900000e+01  4.994921e-07
 3.900000e+01  4.000000e+01  6.153250e-07
