 0.000000e+00  1.000000e+00  0.000000e+00
 1.000000e+00  2.000000e+00  0.000000e+00
 2.000000e+00  3.000000e+00  0.000000e+00
 3.000000e+00  4.000000e+00  1.508242e-02
 4.000000e+00  5.000000e+00  4.165071e-03
 5.000000e+00  6.000000e+00  7.773695e-04
 6.000000e+00  7.000000e+00  9.427725e-05
 7.000000e+00  8.000000e+00  1.170259e-04
 8.000000e+00  9.000000e+00  1.774632e-04
 9.000000e+00  1.000000e+01  2.336573e-04
 1.000000e+01  1.100000e+01  2.307639e-04
 1.100000e+01  1.200000e+01  2.192328e-04
 1.200000e+01  1.300000e+01  1.748853e-04
 1.300000e+01  1.400000e+01  1.402899e-04
 1.400000e+01  1.500000e+01  1.058464e-04
 1.500000e+01  1.600000e+01  8.479440e-05
 1.600000e+01  1.700000e+01  6.452854e-05
 1.700000e+01  1.800000e+01  6.202447e-05
 1.800000e+01  1.900000e+01  4.632432e-05
 1.900000e+01  2.000000e+01  3.697280e-05
 2.000000e+01  2.100000e+01  3.537124e-05
 2.100000e+01  2.200000e+01  2.325765e-05
 2.200000e+01  2.300000e+01  2.163083e-05
 2.300000e+01  2.400000e+01  1.776758e-05
 2.400000e+01  2.500000e+01  1.428117e-05
 2.500000e+01  2.600000e+01  1.330483e-05
 2.600000e+01  2.700000e+01  9.408685e-06
 2.700000e+01  2.800000e+01  1.143240e-05
 2.800000e+01  2.900000e+01  6.697638e-06
 2.900000e+01  3.000000e+01  6.300239e-06
 3.000000e+01  3.100000e+01  5.610627e-06
 3.100000e+01  3.200000e+01  4.409915e-06
 3.200000e+01  3.300000e+01  5.535622e-06
 3.300000e+01  3.400000e+01  3.499108e-06
 3.400000e+01  3.500000e+01  3.749497e-06
 3.500000e+01  3.600000e+01  3.060708e-06
 3.600000e+01  3.700000e+01  2.565496e-06
 3.700000e+01  3.800000e+01  2.230989e-06
 3.800000e+01  3.900000e+01  2.091335e-06
 3.900000e+01  4.000000e+01  1.460661e-06
