 0.000000e+00  1.000000e+00  0.000000e+00
 1.000000e+00  2.000000e+00  0.000000e+00
 2.000000e+00  3.000000e+00  0.000000e+00
 3.000000e+00  4.000000e+00  1.165107e-02
 4.000000e+00  5.000000e+00  9.425983e-03
 5.000000e+00  6.000000e+00  6.547748e-03
 6.000000e+00  7.000000e+00  4.259293e-03
 7.000000e+00  8.000000e+00  2.732861e-03
 8.000000e+00  9.000000e+00  1.758357e-03
 9.000000e+00  1.000000e+01  1.129922e-03
 1.000000e+01  1.100000e+01  7.377489e-04
 1.100000e+01  1.200000e+01  4.870966e-04
 1.200000e+01  1.300000e+01  3.329458e-04
 1.300000e+01  1.400000e+01  2.341712e-04
 1.400000e+01  1.500000e+01  1.613354e-04
 1.500000e+01  1.600000e+01  1.152979e-04
 1.600000e+01  1.700000e+01  8.565912e-05
 1.700000e+01  1.800000e+01  6.171650e-05
 1.800000e+01  1.900000e+01  4.432661e-05
 1.900000e+01  2.000000e+01  3.467094e-05
 2.000000e+01  2.100000e+01  2.545042e-05
 2.100000e+01  2.200000e+01  1.937356e-05
 2.200000e+01  2.300000e+01  1.559636e-05
 2.300000e+01  2.400000e+01  1.157361e-05
 2.400000e+01  2.500000e+01  9.928222e-06
 2.500000e+01  2.600000e+01  7.627776e-06
 2.600000e+01  2.700000e+01  5.559468e-06
 2.700000e+01  2.800000e+01  4.793029e-06
 2.800000e+01  2.900000e+01  4.000942e-06
 2.900000e+01  3.000000e+01  2.926608e-06
 3.000000e+01  3.100000e+01  2.417149e-06
 3.100000e+01  3.200000e+01  2.072062e-06
 3.200000e+01  3.300000e+01  1.846862e-06
 3.300000e+01  3.400000e+01  1.394824e-06
 3.400000e+01  3.500000e+01  1.181971e-06
 3.500000e+01  3.600000e+01  1.078741e-06
 3.600000e+01  3.700000e+01  7.720084e-07
 3.700000e+01  3.800000e+01  7.194528e-07
 3.800000e+01  3.900000e+01  5.056600e-07
 3.900000e+01  4.000000e+01  4.821114e-07
