 0.000000e+00  1.000000e+00  0.000000e+00
 1.000000e+00  2.000000e+00  0.000000e+00
 2.000000e+00  3.000000e+00  0.000000e+00
 3.000000e+00  4.000000e+00  9.570355e-03
 4.000000e+00  5.000000e+00  6.097382e-03
 5.000000e+00  6.000000e+00  3.426199e-03
 6.000000e+00  7.000000e+00  1.910258e-03
 7.000000e+00  8.000000e+00  1.073122e-03
 8.000000e+00  9.000000e+00  6.267551e-04
 9.000000e+00  1.000000e+01  3.750250e-04
 1.000000e+01  1.100000e+01  2.334923e-04
 1.100000e+01  1.200000e+01  1.493265e-04
 1.200000e+01  1.300000e+01  9.893408e-05
 1.300000e+01  1.400000e+01  6.546735e-05
 1.400000e+01  1.500000e+01  4.508752e-05
 1.500000e+01  1.600000e+01  3.195651e-05
 1.600000e+01  1.700000e+01  2.193430e-05
 1.700000e+01  1.800000e+01  1.604024e-05
 1.800000e+01  1.900000e+01  1.175942e-05
 1.900000e+01  2.000000e+01  9.383768e-06
 2.000000e+01  2.100000e+01  6.137735e-06
 2.100000e+01  2.200000e+01  5.358629e-06
 2.200000e+01  2.300000e+01  4.027513e-06
 2.300000e+01  2.400000e+01  3.512817e-06
 2.400000e+01  2.500000e+01  2.294039e-06
 2.500000e+01  2.600000e+01  1.716084e-06
 2.600000e+01  2.700000e+01  1.604466e-06
 2.700000e+01  2.800000e+01  1.364303e-06
 2.800000e+01  2.900000e+01  1.031050e-06
 2.900000e+01  3.000000e+01  7.635012e-07
 3.000000e+01  3.100000e+01  5.859467e-07
 3.100000e+01  3.200000e+01  5.027833e-07
 3.200000e+01  3.300000e+01  3.720716e-07
 3.300000e+01  3.400000e+01  3.540579e-07
 3.400000e+01  3.500000e+01  2.456063e-07
 3.500000e+01  3.600000e+01  2.492097e-07
 3.600000e+01  3.700000e+01  1.974260e-07
 3.700000e+01  3.800000e+01  1.699669e-07
 3.800000e+01  3.900000e+01  1.445090e-07
 3.900000e+01  4.000000e+01  1.403429e-07
