 0.000000e+00  1.000000e+00  0.000000e+00
 1.000000e+00  2.000000e+00  0.000000e+00
 2.000000e+00  3.000000e+00  0.000000e+00
 3.000000e+00  4.000000e+00  5.462365e-03
 4.000000e+00  5.000000e+00  3.373706e-03
 5.000000e+00  6.000000e+00  1.801720e-03
 6.000000e+00  7.000000e+00  9.353635e-04
 7.000000e+00  8.000000e+00  4.897905e-04
 8.000000e+00  9.000000e+00  2.639381e-04
 9.000000e+00  1.000000e+01  1.438668e-04
 1.000000e+01  1.100000e+01  8.221975e-05
 1.100000e+01  1.200000e+01  4.755300e-05
 1.200000e+01  1.300000e+01  2.799828e-05
 1.300000e+01  1.400000e+01  1.679567e-05
 1.400000e+01  1.500000e+01  1.039371e-05
 1.500000e+01  1.600000e+01  6.486966e-06
 1.600000e+01  1.700000e+01  4.408416e-06
 1.700000e+01  1.800000e+01  2.711091e-06
 1.800000e+01  1.900000e+01  1.686416e-06
 1.900000e+01  2.000000e+01  1.137544e-06
 2.000000e+01  2.100000e+01  8.764012e-07
 2.100000e+01  2.200000e+01  5.786660e-07
 2.200000e+01  2.300000e+01  3.512234e-07
 2.300000e+01  2.400000e+01  2.659048e-07
 2.400000e+01  2.500000e+01  1.759397e-07
 2.500000e+01  2.600000e+01  1.199758e-07
 2.600000e+01  2.700000e+01  9.750575e-08
 2.700000e+01  2.800000e+01  7.218598e-08
 2.800000e+01  2.900000e+01  4.493743e-08
 2.900000e+01  3.000000e+01  3.713424e-08
 3.000000e+01  3.100000e+01  2.266665e-08
 3.100000e+01  3.200000e+01  1.732857e-08
 3.200000e+01  3.300000e+01  1.432683e-08
 3.300000e+01  3.400000e+01  8.077357e-09
 3.400000e+01  3.500000e+01  6.516506e-09
 3.500000e+01  3.600000e+01  4.054584e-09
 3.600000e+01  3.700000e+01  2.666313e-09
 3.700000e+01  3.800000e+01  1.839046e-09
 3.800000e+01  3.900000e+01  1.557089e-09
 3.900000e+01  4.000000e+01  1.149759e-09
