 0.000000e+00  7.854232e-02  1.726343e-05
 7.854232e-02  1.570846e-01  1.729916e-05
 1.570846e-01  2.356269e-01  1.716783e-05
 2.356269e-01  3.141693e-01  1.747566e-05
 3.141693e-01  3.927116e-01  1.770503e-05
 3.927116e-01  4.712539e-01  1.805402e-05
 4.712539e-01  5.497962e-01  1.837313e-05
 5.497962e-01  6.283385e-01  1.864037e-05
 6.283385e-01  7.068808e-01  1.922566e-05
 7.068808e-01  7.854232e-01  1.982504e-05
 7.854232e-01  8.639655e-01  2.059717e-05
 8.639655e-01  9.425078e-01  2.130341e-05
 9.425078e-01  1.021050e+00  2.196901e-05
 1.021050e+00  1.099592e+00  2.302381e-05
 1.099592e+00  1.178135e+00  2.424872e-05
 1.178135e+00  1.256677e+00  2.589915e-05
 1.256677e+00  1.335219e+00  2.728008e-05
 1.335219e+00  1.413762e+00  2.884390e-05
 1.413762e+00  1.492304e+00  3.094875e-05
 1.492304e+00  1.570846e+00  3.309224e-05
 1.570846e+00  1.649389e+00  3.584441e-05
 1.649389e+00  1.727931e+00  3.885416e-05
 1.727931e+00  1.806473e+00  4.253251e-05
 1.806473e+00  1.885016e+00  4.724005e-05
 1.885016e+00  1.963558e+00  5.211879e-05
 1.963558e+00  2.042100e+00  5.797136e-05
 2.042100e+00  2.120643e+00  6.615806e-05
 2.120643e+00  2.199185e+00  7.490551e-05
 2.199185e+00  2.277727e+00  8.575924e-05
 2.277727e+00  2.356269e+00  1.005005e-04
 2.356269e+00  2.434812e+00  1.190271e-04
 2.434812e+00  2.513354e+00  1.430765e-04
 2.513354e+00  2.591896e+00  1.754682e-04
 2.591896e+00  2.670439e+00  2.221529e-04
 2.670439e+00  2.748981e+00  2.900445e-04
 2.748981e+00  2.827523e+00  3.990365e-04
 2.827523e+00  2.906066e+00  5.827959e-04
 2.906066e+00  2.984608e+00  9.619125e-04
 2.984608e+00  3.063150e+00  2.027555e-03
 3.063150e+00  3.141693e+00 -1.965083e-03
