 0.000000e+00  5.555556e-01  0.000000e+00
 5.555556e-01  1.111111e+00  0.000000e+00
 1.111111e+00  1.666667e+00  0.000000e+00
 1.666667e+00  2.222222e+00  0.000000e+00
 2.222222e+00  2.777778e+00  0.000000e+00
 2.777778e+00  3.333333e+00  6.569738e-04
 3.333333e+00  3.888889e+00  1.518260e-03
 3.888889e+00  4.444444e+00  2.385581e-04
 4.444444e+00  5.000000e+00  6.897418e-05
 5.000000e+00  5.555556e+00  2.787554e-05
 5.555556e+00  6.111111e+00  1.356985e-05
 6.111111e+00  6.666667e+00  7.036140e-06
 6.666667e+00  7.222222e+00  3.749772e-06
 7.222222e+00  7.777778e+00  2.021251e-06
 7.777778e+00  8.333333e+00  1.133506e-06
 8.333333e+00  8.888889e+00  5.974575e-07
 8.888889e+00  9.444444e+00  3.539896e-07
 9.444444e+00  1.000000e+01  1.888547e-07
 1.000000e+01  1.055556e+01  9.148099e-08
 1.055556e+01  1.111111e+01  5.391088e-08
 1.111111e+01  1.166667e+01  3.388094e-08
 1.166667e+01  1.222222e+01  1.491373e-08
 1.222222e+01  1.277778e+01  9.602040e-09
 1.277778e+01  1.333333e+01  5.740759e-09
 1.333333e+01  1.388889e+01  2.921460e-09
 1.388889e+01  1.444444e+01  1.806152e-09
 1.444444e+01  1.500000e+01  8.642261e-10
 1.500000e+01  1.555556e+01  5.444976e-10
 1.555556e+01  1.611111e+01  4.026935e-10
 1.611111e+01  1.666667e+01  1.705837e-10
 1.666667e+01  1.722222e+01  1.023601e-10
 1.722222e+01  1.777778e+01  6.286530e-11
 1.777778e+01  1.833333e+01  2.600127e-11
 1.833333e+01  1.888889e+01  1.598502e-11
 1.888889e+01  1.944444e+01  1.998503e-11
 1.944444e+01  2.000000e+01  6.229934e-12
