 0.000000e+00  2.500000e-01  0.000000e+00
 2.500000e-01  5.000000e-01  0.000000e+00
 5.000000e-01  7.500000e-01  0.000000e+00
 7.500000e-01  1.000000e+00  0.000000e+00
 1.000000e+00  1.250000e+00  0.000000e+00
 1.250000e+00  1.500000e+00  0.000000e+00
 1.500000e+00  1.750000e+00  0.000000e+00
 1.750000e+00  2.000000e+00  0.000000e+00
 2.000000e+00  2.250000e+00  0.000000e+00
 2.250000e+00  2.500000e+00  0.000000e+00
 2.500000e+00  2.750000e+00  0.000000e+00
 2.750000e+00  3.000000e+00  0.000000e+00
 3.000000e+00  3.250000e+00  2.727970e-03
 3.250000e+00  3.500000e+00  1.816167e-03
 3.500000e+00  3.750000e+00  8.602539e-04
 3.750000e+00  4.000000e+00  4.724075e-04
 4.000000e+00  4.250000e+00  2.686887e-04
 4.250000e+00  4.500000e+00  1.559022e-04
 4.500000e+00  4.750000e+00  9.446183e-05
 4.750000e+00  5.000000e+00  6.099123e-05
 5.000000e+00  5.250000e+00  4.109785e-05
 5.250000e+00  5.500000e+00  2.799488e-05
 5.500000e+00  5.750000e+00  2.002378e-05
 5.750000e+00  6.000000e+00  1.543466e-05
 6.000000e+00  6.250000e+00  1.212435e-05
 6.250000e+00  6.500000e+00  8.807266e-06
 6.500000e+00  6.750000e+00  6.838137e-06
 6.750000e+00  7.000000e+00  5.127108e-06
 7.000000e+00  7.250000e+00  4.053146e-06
 7.250000e+00  7.500000e+00  3.158639e-06
 7.500000e+00  7.750000e+00  1.998448e-06
 7.750000e+00  8.000000e+00  1.581669e-06
 8.000000e+00  8.250000e+00  1.404029e-06
 8.250000e+00  8.500000e+00  9.748040e-07
 8.500000e+00  8.750000e+00  9.916132e-07
 8.750000e+00  9.000000e+00  5.991384e-07
 9.000000e+00  9.250000e+00  5.221729e-07
 9.250000e+00  9.500000e+00  4.331338e-07
 9.500000e+00  9.750000e+00  2.820168e-07
 9.750000e+00  1.000000e+01  1.766842e-07
