 0.000000e+00  5.000000e-01 -8.554459e-04
 5.000000e-01  1.000000e+00  1.405877e-03
 1.000000e+00  1.500000e+00  6.577831e-04
 1.500000e+00  2.000000e+00  3.979819e-04
 2.000000e+00  2.500000e+00  2.698704e-04
 2.500000e+00  3.000000e+00  1.923241e-04
 3.000000e+00  3.500000e+00  1.449806e-04
 3.500000e+00  4.000000e+00  1.116204e-04
 4.000000e+00  4.500000e+00  8.870002e-05
 4.500000e+00  5.000000e+00  6.986117e-05
 5.000000e+00  5.500000e+00  5.601718e-05
 5.500000e+00  6.000000e+00  4.524179e-05
 6.000000e+00  6.500000e+00  3.761003e-05
 6.500000e+00  7.000000e+00  3.026085e-05
 7.000000e+00  7.500000e+00  2.509975e-05
 7.500000e+00  8.000000e+00  2.065972e-05
 8.000000e+00  8.500000e+00  1.739490e-05
 8.500000e+00  9.000000e+00  1.427474e-05
 9.000000e+00  9.500000e+00  1.211223e-05
 9.500000e+00  1.000000e+01  9.900884e-06
 1.000000e+01  1.050000e+01  8.509116e-06
 1.050000e+01  1.100000e+01  7.206818e-06
 1.100000e+01  1.150000e+01  5.958925e-06
 1.150000e+01  1.200000e+01  5.004493e-06
 1.200000e+01  1.250000e+01  4.490061e-06
 1.250000e+01  1.300000e+01  3.552071e-06
 1.300000e+01  1.350000e+01  3.262970e-06
 1.350000e+01  1.400000e+01  2.633485e-06
 1.400000e+01  1.450000e+01  2.306028e-06
 1.450000e+01  1.500000e+01  1.892138e-06
 1.500000e+01  1.550000e+01  1.624741e-06
 1.550000e+01  1.600000e+01  1.449827e-06
 1.600000e+01  1.650000e+01  1.268272e-06
 1.650000e+01  1.700000e+01  1.071691e-06
 1.700000e+01  1.750000e+01  9.128945e-07
 1.750000e+01  1.800000e+01  7.781597e-07
 1.800000e+01  1.850000e+01  6.939096e-07
 1.850000e+01  1.900000e+01  5.774854e-07
 1.900000e+01  1.950000e+01  5.353502e-07
 1.950000e+01  2.000000e+01  4.434802e-07
