 0.000000e+00  5.555556e-01  4.297280e-06
 5.555556e-01  1.111111e+00  1.377513e-05
 1.111111e+00  1.666667e+00  2.606016e-05
 1.666667e+00  2.222222e+00  5.280299e-05
 2.222222e+00  2.777778e+00  1.592056e-04
 2.777778e+00  3.333333e+00  5.463675e-04
 3.333333e+00  3.888889e+00  3.913303e-04
 3.888889e+00  4.444444e+00  7.110160e-05
 4.444444e+00  5.000000e+00  2.671906e-05
 5.000000e+00  5.555556e+00  1.279105e-05
 5.555556e+00  6.111111e+00  6.822964e-06
 6.111111e+00  6.666667e+00  2.607027e-06
 6.666667e+00  7.222222e+00  1.599153e-06
 7.222222e+00  7.777778e+00  7.441343e-07
 7.777778e+00  8.333333e+00  2.939802e-07
 8.333333e+00  8.888889e+00  2.101100e-07
 8.888889e+00  9.444444e+00  5.251461e-08
 9.444444e+00  1.000000e+01  4.895014e-09
 1.000000e+01  1.055556e+01  3.889683e-10
 1.055556e+01  1.111111e+01 -7.984992e-09
 1.111111e+01  1.166667e+01 -4.570116e-09
 1.166667e+01  1.222222e+01  1.646187e-09
 1.222222e+01  1.277778e+01 -7.466047e-09
 1.277778e+01  1.333333e+01 -4.117139e-09
 1.333333e+01  1.388889e+01  5.560804e-09
 1.388889e+01  1.444444e+01 -2.493049e-09
 1.444444e+01  1.500000e+01 -6.793744e-10
 1.500000e+01  1.555556e+01 -1.887938e-09
 1.555556e+01  1.611111e+01 -9.090605e-10
 1.611111e+01  1.666667e+01 -2.829302e-10
 1.666667e+01  1.722222e+01 -5.495436e-10
 1.722222e+01  1.777778e+01 -1.796677e-10
 1.777778e+01  1.833333e+01  9.780482e-11
 1.833333e+01  1.888889e+01  9.386401e-12
 1.888889e+01  1.944444e+01 -1.552200e-10
 1.944444e+01  2.000000e+01 -2.839069e-12
