 0.000000e+00  2.416610e-01  1.739771e-05
 2.416610e-01  4.833219e-01  5.106158e-05
 4.833219e-01  7.249829e-01  8.730484e-05
 7.249829e-01  9.666439e-01  1.250255e-04
 9.666439e-01  1.208305e+00  1.679174e-04
 1.208305e+00  1.449966e+00  2.189499e-04
 1.449966e+00  1.691627e+00  2.820562e-04
 1.691627e+00  1.933288e+00  3.788439e-04
 1.933288e+00  2.174949e+00  5.094885e-04
 2.174949e+00  2.416610e+00  7.414702e-04
 2.416610e+00  2.658271e+00  1.216930e-03
 2.658271e+00  2.899932e+00  2.433842e-03
 2.899932e+00  3.141593e+00  1.870378e-02
 3.141593e+00  3.383254e+00 -1.457930e-02
 3.383254e+00  3.624915e+00  2.748166e-03
 3.624915e+00  3.866576e+00  1.117970e-03
 3.866576e+00  4.108237e+00  4.969153e-04
 4.108237e+00  4.349898e+00  3.055015e-04
 4.349898e+00  4.591558e+00  2.131070e-04
 4.591558e+00  4.833219e+00  1.571611e-04
 4.833219e+00  5.074880e+00  1.177169e-04
 5.074880e+00  5.316541e+00  7.749798e-05
 5.316541e+00  5.558202e+00  6.604306e-05
 5.558202e+00  5.799863e+00  5.462229e-05
 5.799863e+00  6.041524e+00  3.498945e-05
 6.041524e+00  6.283185e+00  3.072076e-05
 6.283185e+00  6.524846e+00  1.831406e-05
 6.524846e+00  6.766507e+00  1.612038e-05
 6.766507e+00  7.008168e+00  1.629156e-05
 7.008168e+00  7.249829e+00  9.884195e-06
 7.249829e+00  7.491490e+00  4.980917e-06
 7.491490e+00  7.733151e+00  7.705527e-06
 7.733151e+00  7.974812e+00  4.311463e-06
 7.974812e+00  8.216473e+00  3.660207e-06
 8.216473e+00  8.458134e+00  2.189104e-06
 8.458134e+00  8.699795e+00  2.390993e-06
 8.699795e+00  8.941456e+00  1.996238e-06
 8.941456e+00  9.183117e+00  5.321590e-07
 9.183117e+00  9.424778e+00  6.305965e-07
