 0.000000e+00  2.500000e-01  2.677390e-06
 2.500000e-01  5.000000e-01  8.012425e-06
 5.000000e-01  7.500000e-01  1.365212e-05
 7.500000e-01  1.000000e+00  1.962293e-05
 1.000000e+00  1.250000e+00  2.653164e-05
 1.250000e+00  1.500000e+00  3.488907e-05
 1.500000e+00  1.750000e+00  4.615367e-05
 1.750000e+00  2.000000e+00  6.203846e-05
 2.000000e+00  2.250000e+00  8.910202e-05
 2.250000e+00  2.500000e+00  1.385555e-04
 2.500000e+00  2.750000e+00  2.519576e-04
 2.750000e+00  3.000000e+00  6.636801e-04
 3.000000e+00  3.250000e+00  4.640792e-04
 3.250000e+00  3.500000e+00  3.395060e-04
 3.500000e+00  3.750000e+00  3.239377e-04
 3.750000e+00  4.000000e+00  1.166564e-04
 4.000000e+00  4.250000e+00  6.372140e-05
 4.250000e+00  4.500000e+00  3.939378e-05
 4.500000e+00  4.750000e+00  2.925570e-05
 4.750000e+00  5.000000e+00  2.097383e-05
 5.000000e+00  5.250000e+00  1.447931e-05
 5.250000e+00  5.500000e+00  9.824423e-06
 5.500000e+00  5.750000e+00  7.676852e-06
 5.750000e+00  6.000000e+00  6.004012e-06
 6.000000e+00  6.250000e+00  4.183469e-06
 6.250000e+00  6.500000e+00  3.253541e-06
 6.500000e+00  6.750000e+00  2.588650e-06
 6.750000e+00  7.000000e+00  1.855076e-06
 7.000000e+00  7.250000e+00  1.302556e-06
 7.250000e+00  7.500000e+00  8.482442e-07
 7.500000e+00  7.750000e+00  3.974503e-07
 7.750000e+00  8.000000e+00  7.949249e-07
 8.000000e+00  8.250000e+00  3.334688e-07
 8.250000e+00  8.500000e+00  3.198415e-07
 8.500000e+00  8.750000e+00  7.782832e-08
 8.750000e+00  9.000000e+00 -7.037355e-09
 9.000000e+00  9.250000e+00  3.690772e-08
 9.250000e+00  9.500000e+00  9.373261e-10
 9.500000e+00  9.750000e+00  1.162112e-08
 9.750000e+00  1.000000e+01  6.478058e-08
