 0.000000e+00  5.000000e-01  8.024223e-05
 5.000000e-01  1.000000e+00  5.147405e-04
 1.000000e+00  1.500000e+00  2.330074e-04
 1.500000e+00  2.000000e+00  1.371475e-04
 2.000000e+00  2.500000e+00  8.933540e-05
 2.500000e+00  3.000000e+00  6.286247e-05
 3.000000e+00  3.500000e+00  4.528112e-05
 3.500000e+00  4.000000e+00  3.392156e-05
 4.000000e+00  4.500000e+00  2.558026e-05
 4.500000e+00  5.000000e+00  1.984473e-05
 5.000000e+00  5.500000e+00  1.534937e-05
 5.500000e+00  6.000000e+00  1.201005e-05
 6.000000e+00  6.500000e+00  9.401408e-06
 6.500000e+00  7.000000e+00  7.447379e-06
 7.000000e+00  7.500000e+00  5.971109e-06
 7.500000e+00  8.000000e+00  4.699366e-06
 8.000000e+00  8.500000e+00  3.800695e-06
 8.500000e+00  9.000000e+00  3.014846e-06
 9.000000e+00  9.500000e+00  2.412769e-06
 9.500000e+00  1.000000e+01  1.933374e-06
 1.000000e+01  1.050000e+01  1.539767e-06
 1.050000e+01  1.100000e+01  1.273301e-06
 1.100000e+01  1.150000e+01  1.024279e-06
 1.150000e+01  1.200000e+01  8.161903e-07
 1.200000e+01  1.250000e+01  6.545784e-07
 1.250000e+01  1.300000e+01  5.370654e-07
 1.300000e+01  1.350000e+01  4.213736e-07
 1.350000e+01  1.400000e+01  3.382796e-07
 1.400000e+01  1.450000e+01  2.743544e-07
 1.450000e+01  1.500000e+01  2.196810e-07
 1.500000e+01  1.550000e+01  1.837376e-07
 1.550000e+01  1.600000e+01  1.442317e-07
 1.600000e+01  1.650000e+01  1.185667e-07
 1.650000e+01  1.700000e+01  9.317590e-08
 1.700000e+01  1.750000e+01  7.186325e-08
 1.750000e+01  1.800000e+01  5.881405e-08
 1.800000e+01  1.850000e+01  4.677270e-08
 1.850000e+01  1.900000e+01  3.795558e-08
 1.900000e+01  1.950000e+01  2.917609e-08
 1.950000e+01  2.000000e+01  2.181642e-08
