 0.000000e+00  5.555556e-01  1.366682e-03
 5.555556e-01  1.111111e+00  4.320430e-03
 1.111111e+00  1.666667e+00  8.476828e-03
 1.666667e+00  2.222222e+00  1.665817e-02
 2.222222e+00  2.777778e+00  4.171931e-02
 2.777778e+00  3.333333e+00  4.630939e-02
 3.333333e+00  3.888889e+00  2.033214e-02
 3.888889e+00  4.444444e+00  3.381827e-03
 4.444444e+00  5.000000e+00  2.538293e-03
 5.000000e+00  5.555556e+00  2.259758e-03
 5.555556e+00  6.111111e+00  1.349135e-03
 6.111111e+00  6.666667e+00  1.042619e-03
 6.666667e+00  7.222222e+00  4.169494e-04
 7.222222e+00  7.777778e+00  3.024522e-04
 7.777778e+00  8.333333e+00  1.092296e-04
 8.333333e+00  8.888889e+00  1.043518e-04
 8.888889e+00  9.444444e+00  7.494115e-06
 9.444444e+00  1.000000e+01  3.735852e-05
 1.000000e+01  1.055556e+01 -1.826086e-05
 1.055556e+01  1.111111e+01  2.916017e-06
 1.111111e+01  1.166667e+01  4.410813e-06
 1.166667e+01  1.222222e+01  1.467034e-06
 1.222222e+01  1.277778e+01 -4.504858e-06
 1.277778e+01  1.333333e+01 -1.690643e-06
 1.333333e+01  1.388889e+01 -9.057521e-07
 1.388889e+01  1.444444e+01 -4.852315e-07
 1.444444e+01  1.500000e+01 -8.173711e-08
 1.500000e+01  1.555556e+01 -4.116800e-07
 1.555556e+01  1.611111e+01 -7.786307e-08
 1.611111e+01  1.666667e+01 -6.566116e-08
 1.666667e+01  1.722222e+01 -6.866650e-08
 1.722222e+01  1.777778e+01 -4.348685e-08
 1.777778e+01  1.833333e+01 -1.744409e-08
 1.833333e+01  1.888889e+01 -9.281179e-09
 1.888889e+01  1.944444e+01 -3.326908e-09
 1.944444e+01  2.000000e+01 -1.126290e-08
