 0.000000e+00  5.555556e-01  0.000000e+00
 5.555556e-01  1.111111e+00  0.000000e+00
 1.111111e+00  1.666667e+00  0.000000e+00
 1.666667e+00  2.222222e+00  0.000000e+00
 2.222222e+00  2.777778e+00  0.000000e+00
 2.777778e+00  3.333333e+00  1.760565e-02
 3.333333e+00  3.888889e+00  9.869957e-02
 3.888889e+00  4.444444e+00  2.694901e-02
 4.444444e+00  5.000000e+00  9.883922e-03
 5.000000e+00  5.555556e+00  3.887925e-03
 5.555556e+00  6.111111e+00  1.720923e-03
 6.111111e+00  6.666667e+00  8.784150e-04
 6.666667e+00  7.222222e+00  5.093891e-04
 7.222222e+00  7.777778e+00  2.980307e-04
 7.777778e+00  8.333333e+00  1.789015e-04
 8.333333e+00  8.888889e+00  1.049925e-04
 8.888889e+00  9.444444e+00  5.905361e-05
 9.444444e+00  1.000000e+01  3.372655e-05
 1.000000e+01  1.055556e+01  1.980012e-05
 1.055556e+01  1.111111e+01  1.107594e-05
 1.111111e+01  1.166667e+01  6.622326e-06
 1.166667e+01  1.222222e+01  3.722514e-06
 1.222222e+01  1.277778e+01  1.897860e-06
 1.277778e+01  1.333333e+01  9.941803e-07
 1.333333e+01  1.388889e+01  6.027506e-07
 1.388889e+01  1.444444e+01  3.674515e-07
 1.444444e+01  1.500000e+01  1.741021e-07
 1.500000e+01  1.555556e+01  1.238269e-07
 1.555556e+01  1.611111e+01  4.645642e-08
 1.611111e+01  1.666667e+01  4.066671e-08
 1.666667e+01  1.722222e+01  1.919470e-08
 1.722222e+01  1.777778e+01  5.046570e-09
 1.777778e+01  1.833333e+01  5.984940e-09
 1.833333e+01  1.888889e+01  3.558619e-09
 1.888889e+01  1.944444e+01  1.344274e-09
 1.944444e+01  2.000000e+01  1.352436e-09
