 0.000000e+00  5.555556e-01  6.464151e-04
 5.555556e-01  1.111111e+00  2.070989e-03
 1.111111e+00  1.666667e+00  4.423508e-03
 1.666667e+00  2.222222e+00  8.012421e-03
 2.222222e+00  2.777778e+00  2.200618e-02
 2.777778e+00  3.333333e+00  2.918699e-02
 3.333333e+00  3.888889e+00  2.150641e-02
 3.888889e+00  4.444444e+00  5.202484e-03
 4.444444e+00  5.000000e+00  3.226690e-03
 5.000000e+00  5.555556e+00  1.912544e-03
 5.555556e+00  6.111111e+00  1.073814e-03
 6.111111e+00  6.666667e+00  6.352325e-04
 6.666667e+00  7.222222e+00  3.370906e-04
 7.222222e+00  7.777778e+00  1.339834e-04
 7.777778e+00  8.333333e+00  1.261679e-04
 8.333333e+00  8.888889e+00  5.475293e-05
 8.888889e+00  9.444444e+00  7.604374e-05
 9.444444e+00  1.000000e+01 -2.416411e-06
 1.000000e+01  1.055556e+01  5.304945e-06
 1.055556e+01  1.111111e+01 -5.179751e-07
 1.111111e+01  1.166667e+01 -1.720641e-06
 1.166667e+01  1.222222e+01  4.942575e-07
 1.222222e+01  1.277778e+01  3.059237e-06
 1.277778e+01  1.333333e+01 -7.372707e-07
 1.333333e+01  1.388889e+01 -1.580418e-07
 1.388889e+01  1.444444e+01 -3.566350e-07
 1.444444e+01  1.500000e+01  7.759503e-08
 1.500000e+01  1.555556e+01  5.027425e-08
 1.555556e+01  1.611111e+01 -7.803263e-08
 1.611111e+01  1.666667e+01 -5.751442e-08
 1.666667e+01  1.722222e+01 -7.340784e-08
 1.722222e+01  1.777778e+01 -6.754191e-09
 1.777778e+01  1.833333e+01  1.172670e-08
 1.833333e+01  1.888889e+01 -3.890730e-09
 1.888889e+01  1.944444e+01 -3.537415e-09
 1.944444e+01  2.000000e+01 -3.483479e-09
