 0.000000e+00  5.555556e-01  9.589127e-04
 5.555556e-01  1.111111e+00  3.038147e-03
 1.111111e+00  1.666667e+00  6.018526e-03
 1.666667e+00  2.222222e+00  1.170337e-02
 2.222222e+00  2.777778e+00  2.992802e-02
 2.777778e+00  3.333333e+00  3.199868e-02
 3.333333e+00  3.888889e+00  2.058974e-02
 3.888889e+00  4.444444e+00  4.745506e-03
 4.444444e+00  5.000000e+00  2.708508e-03
 5.000000e+00  5.555556e+00  1.866056e-03
 5.555556e+00  6.111111e+00  1.283053e-03
 6.111111e+00  6.666667e+00  7.086152e-04
 6.666667e+00  7.222222e+00  6.230150e-04
 7.222222e+00  7.777778e+00  2.281252e-04
 7.777778e+00  8.333333e+00  1.027568e-04
 8.333333e+00  8.888889e+00  8.896857e-05
 8.888889e+00  9.444444e+00  1.014261e-05
 9.444444e+00  1.000000e+01  1.455616e-05
 1.000000e+01  1.055556e+01  5.760197e-06
 1.055556e+01  1.111111e+01 -3.544238e-06
 1.111111e+01  1.166667e+01 -1.781607e-06
 1.166667e+01  1.222222e+01  3.448876e-06
 1.222222e+01  1.277778e+01 -4.903365e-07
 1.277778e+01  1.333333e+01 -6.012084e-07
 1.333333e+01  1.388889e+01 -5.626623e-07
 1.388889e+01  1.444444e+01 -1.275909e-06
 1.444444e+01  1.500000e+01 -2.501680e-07
 1.500000e+01  1.555556e+01 -6.975340e-08
 1.555556e+01  1.611111e+01 -3.671004e-07
 1.611111e+01  1.666667e+01 -6.437167e-08
 1.666667e+01  1.722222e+01 -1.045359e-07
 1.722222e+01  1.777778e+01 -5.433042e-10
 1.777778e+01  1.833333e+01 -7.736919e-09
 1.833333e+01  1.888889e+01 -1.856939e-08
 1.888889e+01  1.944444e+01 -6.657922e-09
 1.944444e+01  2.000000e+01  1.442137e-09
