 0.000000e+00  7.854232e-02  1.579128e-03
 7.854232e-02  1.570846e-01  1.573997e-03
 1.570846e-01  2.356269e-01  1.574588e-03
 2.356269e-01  3.141693e-01  1.602033e-03
 3.141693e-01  3.927116e-01  1.622012e-03
 3.927116e-01  4.712539e-01  1.644870e-03
 4.712539e-01  5.497962e-01  1.683212e-03
 5.497962e-01  6.283385e-01  1.709909e-03
 6.283385e-01  7.068808e-01  1.752746e-03
 7.068808e-01  7.854232e-01  1.804135e-03
 7.854232e-01  8.639655e-01  1.853285e-03
 8.639655e-01  9.425078e-01  1.908727e-03
 9.425078e-01  1.021050e+00  1.996099e-03
 1.021050e+00  1.099592e+00  2.080528e-03
 1.099592e+00  1.178135e+00  2.177070e-03
 1.178135e+00  1.256677e+00  2.286909e-03
 1.256677e+00  1.335219e+00  2.432258e-03
 1.335219e+00  1.413762e+00  2.582291e-03
 1.413762e+00  1.492304e+00  2.754193e-03
 1.492304e+00  1.570846e+00  2.946127e-03
 1.570846e+00  1.649389e+00  3.157623e-03
 1.649389e+00  1.727931e+00  3.411477e-03
 1.727931e+00  1.806473e+00  3.710078e-03
 1.806473e+00  1.885016e+00  4.084253e-03
 1.885016e+00  1.963558e+00  4.491556e-03
 1.963558e+00  2.042100e+00  4.989265e-03
 2.042100e+00  2.120643e+00  5.584095e-03
 2.120643e+00  2.199185e+00  6.306530e-03
 2.199185e+00  2.277727e+00  7.215283e-03
 2.277727e+00  2.356269e+00  8.315519e-03
 2.356269e+00  2.434812e+00  9.754558e-03
 2.434812e+00  2.513354e+00  1.170763e-02
 2.513354e+00  2.591896e+00  1.413295e-02
 2.591896e+00  2.670439e+00  1.766799e-02
 2.670439e+00  2.748981e+00  2.288234e-02
 2.748981e+00  2.827523e+00  3.080050e-02
 2.827523e+00  2.906066e+00  4.457837e-02
 2.906066e+00  2.984608e+00  7.171067e-02
 2.984608e+00  3.063150e+00  1.467414e-01
 3.063150e+00  3.141693e+00 -2.616016e-01
