 0.000000e+00  2.500000e-01  0.000000e+00
 2.500000e-01  5.000000e-01  0.000000e+00
 5.000000e-01  7.500000e-01  0.000000e+00
 7.500000e-01  1.000000e+00  0.000000e+00
 1.000000e+00  1.250000e+00  0.000000e+00
 1.250000e+00  1.500000e+00  0.000000e+00
 1.500000e+00  1.750000e+00  0.000000e+00
 1.750000e+00  2.000000e+00  0.000000e+00
 2.000000e+00  2.250000e+00  0.000000e+00
 2.250000e+00  2.500000e+00  0.000000e+00
 2.500000e+00  2.750000e+00  0.000000e+00
 2.750000e+00  3.000000e+00  0.000000e+00
 3.000000e+00  3.250000e+00  4.485177e-03
 3.250000e+00  3.500000e+00  3.189333e-02
 3.500000e+00  3.750000e+00  3.143983e-02
 3.750000e+00  4.000000e+00  1.326533e-02
 4.000000e+00  4.250000e+00  7.542353e-03
 4.250000e+00  4.500000e+00  4.613176e-03
 4.500000e+00  4.750000e+00  2.913277e-03
 4.750000e+00  5.000000e+00  1.883488e-03
 5.000000e+00  5.250000e+00  1.245366e-03
 5.250000e+00  5.500000e+00  8.738805e-04
 5.500000e+00  5.750000e+00  6.281426e-04
 5.750000e+00  6.000000e+00  4.625024e-04
 6.000000e+00  6.250000e+00  3.499617e-04
 6.250000e+00  6.500000e+00  2.641680e-04
 6.500000e+00  6.750000e+00  2.044520e-04
 6.750000e+00  7.000000e+00  1.626067e-04
 7.000000e+00  7.250000e+00  1.267190e-04
 7.250000e+00  7.500000e+00  1.000548e-04
 7.500000e+00  7.750000e+00  7.324216e-05
 7.750000e+00  8.000000e+00  6.310341e-05
 8.000000e+00  8.250000e+00  4.560927e-05
 8.250000e+00  8.500000e+00  3.898882e-05
 8.500000e+00  8.750000e+00  3.072631e-05
 8.750000e+00  9.000000e+00  2.193053e-05
 9.000000e+00  9.250000e+00  1.634454e-05
 9.250000e+00  9.500000e+00  1.152630e-05
 9.500000e+00  9.750000e+00  1.007871e-05
 9.750000e+00  1.000000e+01  8.560271e-06
