 0.000000e+00  2.416610e-01  0.000000e+00
 2.416610e-01  4.833219e-01  0.000000e+00
 4.833219e-01  7.249829e-01  0.000000e+00
 7.249829e-01  9.666439e-01  0.000000e+00
 9.666439e-01  1.208305e+00  0.000000e+00
 1.208305e+00  1.449966e+00  0.000000e+00
 1.449966e+00  1.691627e+00  0.000000e+00
 1.691627e+00  1.933288e+00  0.000000e+00
 1.933288e+00  2.174949e+00  0.000000e+00
 2.174949e+00  2.416610e+00  0.000000e+00
 2.416610e+00  2.658271e+00  0.000000e+00
 2.658271e+00  2.899932e+00  0.000000e+00
 2.899932e+00  3.141593e+00  0.000000e+00
 3.141593e+00  3.383254e+00  5.404128e-04
 3.383254e+00  3.624915e+00  5.300791e-04
 3.624915e+00  3.866576e+00  1.983002e-04
 3.866576e+00  4.108237e+00  8.944882e-05
 4.108237e+00  4.349898e+00  4.735720e-05
 4.349898e+00  4.591558e+00  2.709730e-05
 4.591558e+00  4.833219e+00  1.685443e-05
 4.833219e+00  5.074880e+00  1.141205e-05
 5.074880e+00  5.316541e+00  7.909297e-06
 5.316541e+00  5.558202e+00  5.787185e-06
 5.558202e+00  5.799863e+00  4.099853e-06
 5.799863e+00  6.041524e+00  3.036842e-06
 6.041524e+00  6.283185e+00  2.268681e-06
 6.283185e+00  6.524846e+00  1.758516e-06
 6.524846e+00  6.766507e+00  1.278942e-06
 6.766507e+00  7.008168e+00  9.815168e-07
 7.008168e+00  7.249829e+00  7.508131e-07
 7.249829e+00  7.491490e+00  5.599677e-07
 7.491490e+00  7.733151e+00  4.031699e-07
 7.733151e+00  7.974812e+00  2.770333e-07
 7.974812e+00  8.216473e+00  2.713853e-07
 8.216473e+00  8.458134e+00  1.971234e-07
 8.458134e+00  8.699795e+00  1.496328e-07
 8.699795e+00  8.941456e+00  1.245336e-07
 8.941456e+00  9.183117e+00  8.877697e-08
 9.183117e+00  9.424778e+00  7.317190e-08
