 0.000000e+00  5.555556e-01 -1.669388e-03
 5.555556e-01  1.111111e+00  2.021057e-03
 1.111111e+00  1.666667e+00  9.713348e-04
 1.666667e+00  2.222222e+00  5.864423e-04
 2.222222e+00  2.777778e+00  4.043394e-04
 2.777778e+00  3.333333e+00  2.912490e-04
 3.333333e+00  3.888889e+00  2.208588e-04
 3.888889e+00  4.444444e+00  1.687794e-04
 4.444444e+00  5.000000e+00  1.337245e-04
 5.000000e+00  5.555556e+00  1.056361e-04
 5.555556e+00  6.111111e+00  8.403628e-05
 6.111111e+00  6.666667e+00  6.986193e-05
 6.666667e+00  7.222222e+00  5.681970e-05
 7.222222e+00  7.777778e+00  4.616728e-05
 7.777778e+00  8.333333e+00  3.934555e-05
 8.333333e+00  8.888889e+00  3.178106e-05
 8.888889e+00  9.444444e+00  2.678294e-05
 9.444444e+00  1.000000e+01  2.244253e-05
 1.000000e+01  1.055556e+01  1.868444e-05
 1.055556e+01  1.111111e+01  1.547615e-05
 1.111111e+01  1.166667e+01  1.306883e-05
 1.166667e+01  1.222222e+01  1.117083e-05
 1.222222e+01  1.277778e+01  9.521763e-06
 1.277778e+01  1.333333e+01  8.040755e-06
 1.333333e+01  1.388889e+01  6.764643e-06
 1.388889e+01  1.444444e+01  5.777867e-06
 1.444444e+01  1.500000e+01  4.856065e-06
 1.500000e+01  1.555556e+01  4.359488e-06
 1.555556e+01  1.611111e+01  3.659409e-06
 1.611111e+01  1.666667e+01  3.245257e-06
 1.666667e+01  1.722222e+01  2.793156e-06
 1.722222e+01  1.777778e+01  2.391874e-06
 1.777778e+01  1.833333e+01  2.065710e-06
 1.833333e+01  1.888889e+01  1.828572e-06
 1.888889e+01  1.944444e+01  1.590549e-06
 1.944444e+01  2.000000e+01  1.391741e-06
