 0.000000e+00  7.854232e-02  2.852053e-05
 7.854232e-02  1.570846e-01  2.852159e-05
 1.570846e-01  2.356269e-01  2.860474e-05
 2.356269e-01  3.141693e-01  2.935570e-05
 3.141693e-01  3.927116e-01  2.974251e-05
 3.927116e-01  4.712539e-01  3.043207e-05
 4.712539e-01  5.497962e-01  3.005494e-05
 5.497962e-01  6.283385e-01  3.111962e-05
 6.283385e-01  7.068808e-01  3.178545e-05
 7.068808e-01  7.854232e-01  3.261965e-05
 7.854232e-01  8.639655e-01  3.406601e-05
 8.639655e-01  9.425078e-01  3.544556e-05
 9.425078e-01  1.021050e+00  3.649498e-05
 1.021050e+00  1.099592e+00  3.905519e-05
 1.099592e+00  1.178135e+00  4.039025e-05
 1.178135e+00  1.256677e+00  4.282939e-05
 1.256677e+00  1.335219e+00  4.472005e-05
 1.335219e+00  1.413762e+00  4.827317e-05
 1.413762e+00  1.492304e+00  5.071129e-05
 1.492304e+00  1.570846e+00  5.500649e-05
 1.570846e+00  1.649389e+00  5.980007e-05
 1.649389e+00  1.727931e+00  6.401540e-05
 1.727931e+00  1.806473e+00  6.971838e-05
 1.806473e+00  1.885016e+00  7.779182e-05
 1.885016e+00  1.963558e+00  8.697360e-05
 1.963558e+00  2.042100e+00  9.565968e-05
 2.042100e+00  2.120643e+00  1.082146e-04
 2.120643e+00  2.199185e+00  1.213314e-04
 2.199185e+00  2.277727e+00  1.417634e-04
 2.277727e+00  2.356269e+00  1.625993e-04
 2.356269e+00  2.434812e+00  1.936077e-04
 2.434812e+00  2.513354e+00  2.290973e-04
 2.513354e+00  2.591896e+00  2.834249e-04
 2.591896e+00  2.670439e+00  3.575154e-04
 2.670439e+00  2.748981e+00  4.661856e-04
 2.748981e+00  2.827523e+00  6.376660e-04
 2.827523e+00  2.906066e+00  9.367647e-04
 2.906066e+00  2.984608e+00  1.535114e-03
 2.984608e+00  3.063150e+00  3.259104e-03
 3.063150e+00  3.141693e+00 -3.128652e-03
