 0.000000e+00  7.856482e-02  3.102447e-06
 7.856482e-02  1.571296e-01  2.946607e-06
 1.571296e-01  2.356944e-01  3.049942e-06
 2.356944e-01  3.142593e-01  2.961920e-06
 3.142593e-01  3.928241e-01  3.096636e-06
 3.928241e-01  4.713889e-01  3.183002e-06
 4.713889e-01  5.499537e-01  3.432639e-06
 5.499537e-01  6.285185e-01  3.296067e-06
 6.285185e-01  7.070833e-01  3.411057e-06
 7.070833e-01  7.856482e-01  3.488247e-06
 7.856482e-01  8.642130e-01  3.748052e-06
 8.642130e-01  9.427778e-01  3.790781e-06
 9.427778e-01  1.021343e+00  3.909307e-06
 1.021343e+00  1.099907e+00  4.190327e-06
 1.099907e+00  1.178472e+00  4.241913e-06
 1.178472e+00  1.257037e+00  4.468942e-06
 1.257037e+00  1.335602e+00  4.898283e-06
 1.335602e+00  1.414167e+00  5.444277e-06
 1.414167e+00  1.492732e+00  5.524326e-06
 1.492732e+00  1.571296e+00  6.174064e-06
 1.571296e+00  1.649861e+00  6.655486e-06
 1.649861e+00  1.728426e+00  7.199072e-06
 1.728426e+00  1.806991e+00  7.845932e-06
 1.806991e+00  1.885556e+00  8.740505e-06
 1.885556e+00  1.964120e+00  9.947718e-06
 1.964120e+00  2.042685e+00  1.142445e-05
 2.042685e+00  2.121250e+00  1.289153e-05
 2.121250e+00  2.199815e+00  1.448709e-05
 2.199815e+00  2.278380e+00  1.699715e-05
 2.278380e+00  2.356944e+00  2.054741e-05
 2.356944e+00  2.435509e+00  2.385224e-05
 2.435509e+00  2.514074e+00  2.954630e-05
 2.514074e+00  2.592639e+00  3.643343e-05
 2.592639e+00  2.671204e+00  4.672985e-05
 2.671204e+00  2.749769e+00  6.239040e-05
 2.749769e+00  2.828333e+00  8.528205e-05
 2.828333e+00  2.906898e+00  1.303925e-04
 2.906898e+00  2.985463e+00  2.214059e-04
 2.985463e+00  3.064028e+00  4.894741e-04
 3.064028e+00  3.142593e+00 -9.496887e-05
