 0.000000e+00  2.500000e-01  1.512274e-06
 2.500000e-01  5.000000e-01  4.600066e-06
 5.000000e-01  7.500000e-01  7.550727e-06
 7.500000e-01  1.000000e+00  1.101244e-05
 1.000000e+00  1.250000e+00  1.479238e-05
 1.250000e+00  1.500000e+00  1.945508e-05
 1.500000e+00  1.750000e+00  2.541016e-05
 1.750000e+00  2.000000e+00  3.437285e-05
 2.000000e+00  2.250000e+00  4.922813e-05
 2.250000e+00  2.500000e+00  7.679593e-05
 2.500000e+00  2.750000e+00  1.427548e-04
 2.750000e+00  3.000000e+00  3.822711e-04
 3.000000e+00  3.250000e+00  3.248099e-04
 3.250000e+00  3.500000e+00  2.495656e-04
 3.500000e+00  3.750000e+00  2.246517e-04
 3.750000e+00  4.000000e+00  8.201252e-05
 4.000000e+00  4.250000e+00  4.151631e-05
 4.250000e+00  4.500000e+00  3.268075e-05
 4.500000e+00  4.750000e+00  1.652907e-05
 4.750000e+00  5.000000e+00  1.458942e-05
 5.000000e+00  5.250000e+00  1.077756e-05
 5.250000e+00  5.500000e+00  7.365791e-06
 5.500000e+00  5.750000e+00  5.531352e-06
 5.750000e+00  6.000000e+00  3.629262e-06
 6.000000e+00  6.250000e+00  3.249497e-06
 6.250000e+00  6.500000e+00  2.212807e-06
 6.500000e+00  6.750000e+00  6.781108e-07
 6.750000e+00  7.000000e+00  1.580563e-06
 7.000000e+00  7.250000e+00  1.232895e-06
 7.250000e+00  7.500000e+00  5.650710e-07
 7.500000e+00  7.750000e+00  2.973537e-07
 7.750000e+00  8.000000e+00  1.588847e-07
 8.000000e+00  8.250000e+00  2.072723e-07
 8.250000e+00  8.500000e+00  1.942414e-07
 8.500000e+00  8.750000e+00  4.740919e-08
 8.750000e+00  9.000000e+00  6.885381e-08
 9.000000e+00  9.250000e+00  9.286442e-08
 9.250000e+00  9.500000e+00  3.816695e-08
 9.500000e+00  9.750000e+00 -1.804426e-08
 9.750000e+00  1.000000e+01 -3.731916e-08
