 0.000000e+00  5.000000e-01 -3.574983e-04
 5.000000e-01  1.000000e+00  7.793678e-04
 1.000000e+00  1.500000e+00  3.646305e-04
 1.500000e+00  2.000000e+00  2.182259e-04
 2.000000e+00  2.500000e+00  1.466109e-04
 2.500000e+00  3.000000e+00  1.046337e-04
 3.000000e+00  3.500000e+00  7.766039e-05
 3.500000e+00  4.000000e+00  5.898863e-05
 4.000000e+00  4.500000e+00  4.590645e-05
 4.500000e+00  5.000000e+00  3.616335e-05
 5.000000e+00  5.500000e+00  2.872582e-05
 5.500000e+00  6.000000e+00  2.308111e-05
 6.000000e+00  6.500000e+00  1.872536e-05
 6.500000e+00  7.000000e+00  1.503939e-05
 7.000000e+00  7.500000e+00  1.238814e-05
 7.500000e+00  8.000000e+00  1.014796e-05
 8.000000e+00  8.500000e+00  8.281276e-06
 8.500000e+00  9.000000e+00  6.872924e-06
 9.000000e+00  9.500000e+00  5.637133e-06
 9.500000e+00  1.000000e+01  4.715862e-06
 1.000000e+01  1.050000e+01  3.899414e-06
 1.050000e+01  1.100000e+01  3.239919e-06
 1.100000e+01  1.150000e+01  2.717895e-06
 1.150000e+01  1.200000e+01  2.299340e-06
 1.200000e+01  1.250000e+01  1.907194e-06
 1.250000e+01  1.300000e+01  1.606706e-06
 1.300000e+01  1.350000e+01  1.346612e-06
 1.350000e+01  1.400000e+01  1.142980e-06
 1.400000e+01  1.450000e+01  9.761766e-07
 1.450000e+01  1.500000e+01  8.120095e-07
 1.500000e+01  1.550000e+01  7.079574e-07
 1.550000e+01  1.600000e+01  5.980431e-07
 1.600000e+01  1.650000e+01  5.010268e-07
 1.650000e+01  1.700000e+01  4.289415e-07
 1.700000e+01  1.750000e+01  3.680766e-07
 1.750000e+01  1.800000e+01  3.122687e-07
 1.800000e+01  1.850000e+01  2.655011e-07
 1.850000e+01  1.900000e+01  2.283029e-07
 1.900000e+01  1.950000e+01  1.922841e-07
 1.950000e+01  2.000000e+01  1.697091e-07
