 0.000000e+00  5.000000e-01 -8.798742e-03
 5.000000e-01  1.000000e+00  7.618084e-03
 1.000000e+00  1.500000e+00  3.723710e-03
 1.500000e+00  2.000000e+00  2.314008e-03
 2.000000e+00  2.500000e+00  1.600035e-03
 2.500000e+00  3.000000e+00  1.186252e-03
 3.000000e+00  3.500000e+00  9.085172e-04
 3.500000e+00  4.000000e+00  7.192093e-04
 4.000000e+00  4.500000e+00  5.806921e-04
 4.500000e+00  5.000000e+00  4.762223e-04
 5.000000e+00  5.500000e+00  3.948060e-04
 5.500000e+00  6.000000e+00  3.290790e-04
 6.000000e+00  6.500000e+00  2.792913e-04
 6.500000e+00  7.000000e+00  2.348954e-04
 7.000000e+00  7.500000e+00  2.034411e-04
 7.500000e+00  8.000000e+00  1.724290e-04
 8.000000e+00  8.500000e+00  1.508491e-04
 8.500000e+00  9.000000e+00  1.297902e-04
 9.000000e+00  9.500000e+00  1.119303e-04
 9.500000e+00  1.000000e+01  9.700219e-05
 1.000000e+01  1.050000e+01  8.484710e-05
 1.050000e+01  1.100000e+01  7.362141e-05
 1.100000e+01  1.150000e+01  6.461902e-05
 1.150000e+01  1.200000e+01  5.588947e-05
 1.200000e+01  1.250000e+01  5.002847e-05
 1.250000e+01  1.300000e+01  4.373120e-05
 1.300000e+01  1.350000e+01  3.885262e-05
 1.350000e+01  1.400000e+01  3.458538e-05
 1.400000e+01  1.450000e+01  2.981628e-05
 1.450000e+01  1.500000e+01  2.668082e-05
 1.500000e+01  1.550000e+01  2.395110e-05
 1.550000e+01  1.600000e+01  2.111911e-05
 1.600000e+01  1.650000e+01  1.904761e-05
 1.650000e+01  1.700000e+01  1.719045e-05
 1.700000e+01  1.750000e+01  1.536942e-05
 1.750000e+01  1.800000e+01  1.359992e-05
 1.800000e+01  1.850000e+01  1.204902e-05
 1.850000e+01  1.900000e+01  1.112242e-05
 1.900000e+01  1.950000e+01  9.925064e-06
 1.950000e+01  2.000000e+01  8.938851e-06
