 0.000000e+00  2.416610e-01  7.664088e-07
 2.416610e-01  4.833219e-01  2.375863e-06
 4.833219e-01  7.249829e-01  4.270819e-06
 7.249829e-01  9.666439e-01  5.779182e-06
 9.666439e-01  1.208305e+00  7.817528e-06
 1.208305e+00  1.449966e+00  1.022499e-05
 1.449966e+00  1.691627e+00  1.306967e-05
 1.691627e+00  1.933288e+00  1.761992e-05
 1.933288e+00  2.174949e+00  2.496696e-05
 2.174949e+00  2.416610e+00  3.821182e-05
 2.416610e+00  2.658271e+00  6.516053e-05
 2.658271e+00  2.899932e+00  1.420756e-04
 2.899932e+00  3.141593e+00  1.459367e-03
 3.141593e+00  3.383254e+00 -1.007188e-03
 3.383254e+00  3.624915e+00  2.269979e-04
 3.624915e+00  3.866576e+00  8.663114e-05
 3.866576e+00  4.108237e+00  4.348643e-05
 4.108237e+00  4.349898e+00  2.558930e-05
 4.349898e+00  4.591558e+00  1.667904e-05
 4.591558e+00  4.833219e+00  1.114593e-05
 4.833219e+00  5.074880e+00  8.125129e-06
 5.074880e+00  5.316541e+00  5.415857e-06
 5.316541e+00  5.558202e+00  4.842421e-06
 5.558202e+00  5.799863e+00  2.920797e-06
 5.799863e+00  6.041524e+00  2.701911e-06
 6.041524e+00  6.283185e+00  1.762433e-06
 6.283185e+00  6.524846e+00  1.191259e-06
 6.524846e+00  6.766507e+00  9.656704e-07
 6.766507e+00  7.008168e+00  6.692987e-07
 7.008168e+00  7.249829e+00  6.093596e-07
 7.249829e+00  7.491490e+00  5.829426e-07
 7.491490e+00  7.733151e+00  2.152742e-07
 7.733151e+00  7.974812e+00  2.327715e-07
 7.974812e+00  8.216473e+00  5.395352e-08
 8.216473e+00  8.458134e+00  1.292049e-07
 8.458134e+00  8.699795e+00 -1.114250e-08
 8.699795e+00  8.941456e+00  1.139939e-07
 8.941456e+00  9.183117e+00  7.923258e-08
 9.183117e+00  9.424778e+00  1.132350e-08
