 0.000000e+00  2.500000e-01  0.000000e+00
 2.500000e-01  5.000000e-01  0.000000e+00
 5.000000e-01  7.500000e-01  0.000000e+00
 7.500000e-01  1.000000e+00  0.000000e+00
 1.000000e+00  1.250000e+00  0.000000e+00
 1.250000e+00  1.500000e+00  0.000000e+00
 1.500000e+00  1.750000e+00  0.000000e+00
 1.750000e+00  2.000000e+00  0.000000e+00
 2.000000e+00  2.250000e+00  0.000000e+00
 2.250000e+00  2.500000e+00  0.000000e+00
 2.500000e+00  2.750000e+00  0.000000e+00
 2.750000e+00  3.000000e+00  0.000000e+00
 3.000000e+00  3.250000e+00  3.601056e-04
 3.250000e+00  3.500000e+00  1.430487e-03
 3.500000e+00  3.750000e+00  8.596688e-04
 3.750000e+00  4.000000e+00  3.355411e-04
 4.000000e+00  4.250000e+00  1.685115e-04
 4.250000e+00  4.500000e+00  9.222880e-05
 4.500000e+00  4.750000e+00  5.355227e-05
 4.750000e+00  5.000000e+00  3.396930e-05
 5.000000e+00  5.250000e+00  2.212478e-05
 5.250000e+00  5.500000e+00  1.561145e-05
 5.500000e+00  5.750000e+00  1.114666e-05
 5.750000e+00  6.000000e+00  8.260791e-06
 6.000000e+00  6.250000e+00  6.250869e-06
 6.250000e+00  6.500000e+00  4.604095e-06
 6.500000e+00  6.750000e+00  3.711811e-06
 6.750000e+00  7.000000e+00  2.562481e-06
 7.000000e+00  7.250000e+00  2.005466e-06
 7.250000e+00  7.500000e+00  1.603163e-06
 7.500000e+00  7.750000e+00  1.153343e-06
 7.750000e+00  8.000000e+00  9.898628e-07
 8.000000e+00  8.250000e+00  8.343344e-07
 8.250000e+00  8.500000e+00  5.363862e-07
 8.500000e+00  8.750000e+00  3.733760e-07
 8.750000e+00  9.000000e+00  3.560242e-07
 9.000000e+00  9.250000e+00  2.264118e-07
 9.250000e+00  9.500000e+00  1.908592e-07
 9.500000e+00  9.750000e+00  1.572573e-07
 9.750000e+00  1.000000e+01  9.967404e-08
