 0.000000e+00  7.854232e-02  1.665713e-05
 7.854232e-02  1.570846e-01  1.690494e-05
 1.570846e-01  2.356269e-01  1.689162e-05
 2.356269e-01  3.141693e-01  1.689119e-05
 3.141693e-01  3.927116e-01  1.721303e-05
 3.927116e-01  4.712539e-01  1.741720e-05
 4.712539e-01  5.497962e-01  1.805647e-05
 5.497962e-01  6.283385e-01  1.803704e-05
 6.283385e-01  7.068808e-01  1.903316e-05
 7.068808e-01  7.854232e-01  1.936617e-05
 7.854232e-01  8.639655e-01  1.956196e-05
 8.639655e-01  9.425078e-01  2.056675e-05
 9.425078e-01  1.021050e+00  2.151281e-05
 1.021050e+00  1.099592e+00  2.238007e-05
 1.099592e+00  1.178135e+00  2.376922e-05
 1.178135e+00  1.256677e+00  2.477588e-05
 1.256677e+00  1.335219e+00  2.631951e-05
 1.335219e+00  1.413762e+00  2.768830e-05
 1.413762e+00  1.492304e+00  2.996050e-05
 1.492304e+00  1.570846e+00  3.211726e-05
 1.570846e+00  1.649389e+00  3.452761e-05
 1.649389e+00  1.727931e+00  3.803949e-05
 1.727931e+00  1.806473e+00  4.107561e-05
 1.806473e+00  1.885016e+00  4.539828e-05
 1.885016e+00  1.963558e+00  5.013710e-05
 1.963558e+00  2.042100e+00  5.605208e-05
 2.042100e+00  2.120643e+00  6.310727e-05
 2.120643e+00  2.199185e+00  7.202049e-05
 2.199185e+00  2.277727e+00  8.326074e-05
 2.277727e+00  2.356269e+00  9.733927e-05
 2.356269e+00  2.434812e+00  1.139267e-04
 2.434812e+00  2.513354e+00  1.363046e-04
 2.513354e+00  2.591896e+00  1.682153e-04
 2.591896e+00  2.670439e+00  2.138703e-04
 2.670439e+00  2.748981e+00  2.773305e-04
 2.748981e+00  2.827523e+00  3.795257e-04
 2.827523e+00  2.906066e+00  5.571461e-04
 2.906066e+00  2.984608e+00  9.157345e-04
 2.984608e+00  3.063150e+00  1.938706e-03
 3.063150e+00  3.141693e+00 -1.958834e-03
