 0.000000e+00  5.000000e-01  8.806603e-03
 5.000000e-01  1.000000e+00  2.928777e-02
 1.000000e+00  1.500000e+00  1.314309e-02
 1.500000e+00  2.000000e+00  6.429552e-03
 2.000000e+00  2.500000e+00  3.894336e-03
 2.500000e+00  3.000000e+00  4.740869e-03
 3.000000e+00  3.500000e+00  1.579553e-03
 3.500000e+00  4.000000e+00  1.043539e-03
 4.000000e+00  4.500000e+00  7.145346e-04
 4.500000e+00  5.000000e+00  4.537675e-04
 5.000000e+00  5.500000e+00  4.095241e-04
 5.500000e+00  6.000000e+00  3.832238e-04
 6.000000e+00  6.500000e+00  1.846927e-04
 6.500000e+00  7.000000e+00  1.140635e-04
 7.000000e+00  7.500000e+00  8.405633e-05
 7.500000e+00  8.000000e+00  5.641533e-05
 8.000000e+00  8.500000e+00  4.185095e-05
 8.500000e+00  9.000000e+00  3.263750e-05
 9.000000e+00  9.500000e+00  2.361408e-05
 9.500000e+00  1.000000e+01  2.100947e-05
 1.000000e+01  1.050000e+01  1.557901e-05
 1.050000e+01  1.100000e+01  1.105809e-05
 1.100000e+01  1.150000e+01  7.663158e-06
 1.150000e+01  1.200000e+01  5.780561e-06
 1.200000e+01  1.250000e+01  4.559919e-06
 1.250000e+01  1.300000e+01  3.383516e-06
 1.300000e+01  1.350000e+01  2.764603e-06
 1.350000e+01  1.400000e+01  2.259994e-06
 1.400000e+01  1.450000e+01  2.179826e-06
 1.450000e+01  1.500000e+01  1.298250e-06
 1.500000e+01  1.550000e+01  1.081756e-06
 1.550000e+01  1.600000e+01  8.987032e-07
 1.600000e+01  1.650000e+01  6.607249e-07
 1.650000e+01  1.700000e+01  4.671739e-07
 1.700000e+01  1.750000e+01  4.133019e-07
 1.750000e+01  1.800000e+01  2.843897e-07
 1.800000e+01  1.850000e+01  2.276981e-07
 1.850000e+01  1.900000e+01  1.600337e-07
 1.900000e+01  1.950000e+01  1.254984e-07
 1.950000e+01  2.000000e+01  9.252029e-08
