 0.000000e+00  7.854232e-02  1.357088e-03
 7.854232e-02  1.570846e-01  1.354101e-03
 1.570846e-01  2.356269e-01  1.364453e-03
 2.356269e-01  3.141693e-01  1.376775e-03
 3.141693e-01  3.927116e-01  1.401030e-03
 3.927116e-01  4.712539e-01  1.413738e-03
 4.712539e-01  5.497962e-01  1.453998e-03
 5.497962e-01  6.283385e-01  1.472455e-03
 6.283385e-01  7.068808e-01  1.495377e-03
 7.068808e-01  7.854232e-01  1.550016e-03
 7.854232e-01  8.639655e-01  1.598096e-03
 8.639655e-01  9.425078e-01  1.624434e-03
 9.425078e-01  1.021050e+00  1.713687e-03
 1.021050e+00  1.099592e+00  1.785994e-03
 1.099592e+00  1.178135e+00  1.859978e-03
 1.178135e+00  1.256677e+00  1.934645e-03
 1.256677e+00  1.335219e+00  2.024290e-03
 1.335219e+00  1.413762e+00  2.198397e-03
 1.413762e+00  1.492304e+00  2.313248e-03
 1.492304e+00  1.570846e+00  2.467557e-03
 1.570846e+00  1.649389e+00  2.609042e-03
 1.649389e+00  1.727931e+00  2.855526e-03
 1.727931e+00  1.806473e+00  3.062789e-03
 1.806473e+00  1.885016e+00  3.367075e-03
 1.885016e+00  1.963558e+00  3.720913e-03
 1.963558e+00  2.042100e+00  4.100522e-03
 2.042100e+00  2.120643e+00  4.534906e-03
 2.120643e+00  2.199185e+00  5.079768e-03
 2.199185e+00  2.277727e+00  5.789816e-03
 2.277727e+00  2.356269e+00  6.677245e-03
 2.356269e+00  2.434812e+00  7.730101e-03
 2.434812e+00  2.513354e+00  9.267998e-03
 2.513354e+00  2.591896e+00  1.114914e-02
 2.591896e+00  2.670439e+00  1.368240e-02
 2.670439e+00  2.748981e+00  1.756201e-02
 2.748981e+00  2.827523e+00  2.348202e-02
 2.827523e+00  2.906066e+00  3.362793e-02
 2.906066e+00  2.984608e+00  5.375101e-02
 2.984608e+00  3.063150e+00  1.079655e-01
 3.063150e+00  3.141693e+00 -2.139498e-01
