 0.000000e+00  5.555556e-01 -1.099774e-01
 5.555556e-01  1.111111e+00  1.271550e-01
 1.111111e+00  1.666667e+00  5.870789e-02
 1.666667e+00  2.222222e+00  3.394413e-02
 2.222222e+00  2.777778e+00  2.194847e-02
 2.777778e+00  3.333333e+00  1.522882e-02
 3.333333e+00  3.888889e+00  1.064432e-02
 3.888889e+00  4.444444e+00  7.736526e-03
 4.444444e+00  5.000000e+00  5.801317e-03
 5.000000e+00  5.555556e+00  4.338274e-03
 5.555556e+00  6.111111e+00  3.243903e-03
 6.111111e+00  6.666667e+00  2.640762e-03
 6.666667e+00  7.222222e+00  2.058904e-03
 7.222222e+00  7.777778e+00  1.650410e-03
 7.777778e+00  8.333333e+00  1.274878e-03
 8.333333e+00  8.888889e+00  1.056973e-03
 8.888889e+00  9.444444e+00  8.605711e-04
 9.444444e+00  1.000000e+01  6.866824e-04
 1.000000e+01  1.055556e+01  5.817427e-04
 1.055556e+01  1.111111e+01  4.827696e-04
 1.111111e+01  1.166667e+01  4.043598e-04
 1.166667e+01  1.222222e+01  3.269513e-04
 1.222222e+01  1.277778e+01  2.692071e-04
 1.277778e+01  1.333333e+01  2.261492e-04
 1.333333e+01  1.388889e+01  1.941784e-04
 1.388889e+01  1.444444e+01  1.696759e-04
 1.444444e+01  1.500000e+01  1.453910e-04
 1.500000e+01  1.555556e+01  1.213012e-04
 1.555556e+01  1.611111e+01  1.104791e-04
 1.611111e+01  1.666667e+01  9.089530e-05
 1.666667e+01  1.722222e+01  8.050913e-05
 1.722222e+01  1.777778e+01  6.776868e-05
 1.777778e+01  1.833333e+01  6.158609e-05
 1.833333e+01  1.888889e+01  4.967818e-05
 1.888889e+01  1.944444e+01  4.618456e-05
 1.944444e+01  2.000000e+01  4.055958e-05
