 0.000000e+00  2.500000e-01  0.000000e+00
 2.500000e-01  5.000000e-01  0.000000e+00
 5.000000e-01  7.500000e-01  0.000000e+00
 7.500000e-01  1.000000e+00  0.000000e+00
 1.000000e+00  1.250000e+00  0.000000e+00
 1.250000e+00  1.500000e+00  0.000000e+00
 1.500000e+00  1.750000e+00  0.000000e+00
 1.750000e+00  2.000000e+00  0.000000e+00
 2.000000e+00  2.250000e+00  0.000000e+00
 2.250000e+00  2.500000e+00  0.000000e+00
 2.500000e+00  2.750000e+00  0.000000e+00
 2.750000e+00  3.000000e+00  0.000000e+00
 3.000000e+00  3.250000e+00  3.713784e-03
 3.250000e+00  3.500000e+00  1.961547e-02
 3.500000e+00  3.750000e+00  2.285230e-02
 3.750000e+00  4.000000e+00  1.187093e-02
 4.000000e+00  4.250000e+00  7.153811e-03
 4.250000e+00  4.500000e+00  4.486601e-03
 4.500000e+00  4.750000e+00  2.867282e-03
 4.750000e+00  5.000000e+00  1.865574e-03
 5.000000e+00  5.250000e+00  1.237291e-03
 5.250000e+00  5.500000e+00  8.697277e-04
 5.500000e+00  5.750000e+00  6.260293e-04
 5.750000e+00  6.000000e+00  4.614940e-04
 6.000000e+00  6.250000e+00  3.493212e-04
 6.250000e+00  6.500000e+00  2.638741e-04
 6.500000e+00  6.750000e+00  2.042496e-04
 6.750000e+00  7.000000e+00  1.625393e-04
 7.000000e+00  7.250000e+00  1.266296e-04
 7.250000e+00  7.500000e+00  1.000171e-04
 7.500000e+00  7.750000e+00  7.321251e-05
 7.750000e+00  8.000000e+00  6.308992e-05
 8.000000e+00  8.250000e+00  4.560142e-05
 8.250000e+00  8.500000e+00  3.898485e-05
 8.500000e+00  8.750000e+00  3.072516e-05
 8.750000e+00  9.000000e+00  2.193003e-05
 9.000000e+00  9.250000e+00  1.634378e-05
 9.250000e+00  9.500000e+00  1.152519e-05
 9.500000e+00  9.750000e+00  1.007853e-05
 9.750000e+00  1.000000e+01  8.559950e-06
