 0.000000e+00  5.000000e-01 -7.612588e-02
 5.000000e-01  1.000000e+00  9.233118e-02
 1.000000e+00  1.500000e+00  4.260214e-02
 1.500000e+00  2.000000e+00  2.462259e-02
 2.000000e+00  2.500000e+00  1.572194e-02
 2.500000e+00  3.000000e+00  1.061812e-02
 3.000000e+00  3.500000e+00  7.454435e-03
 3.500000e+00  4.000000e+00  5.345502e-03
 4.000000e+00  4.500000e+00  3.891459e-03
 4.500000e+00  5.000000e+00  2.910318e-03
 5.000000e+00  5.500000e+00  2.194666e-03
 5.500000e+00  6.000000e+00  1.680059e-03
 6.000000e+00  6.500000e+00  1.285792e-03
 6.500000e+00  7.000000e+00  1.005266e-03
 7.000000e+00  7.500000e+00  7.917062e-04
 7.500000e+00  8.000000e+00  6.273545e-04
 8.000000e+00  8.500000e+00  5.001853e-04
 8.500000e+00  9.000000e+00  4.040532e-04
 9.000000e+00  9.500000e+00  3.278136e-04
 9.500000e+00  1.000000e+01  2.669098e-04
 1.000000e+01  1.050000e+01  2.179193e-04
 1.050000e+01  1.100000e+01  1.793907e-04
 1.100000e+01  1.150000e+01  1.498824e-04
 1.150000e+01  1.200000e+01  1.253866e-04
 1.200000e+01  1.250000e+01  1.030621e-04
 1.250000e+01  1.300000e+01  8.626192e-05
 1.300000e+01  1.350000e+01  7.267743e-05
 1.350000e+01  1.400000e+01  6.195920e-05
 1.400000e+01  1.450000e+01  5.208346e-05
 1.450000e+01  1.500000e+01  4.437515e-05
 1.500000e+01  1.550000e+01  3.846535e-05
 1.550000e+01  1.600000e+01  3.279725e-05
 1.600000e+01  1.650000e+01  2.794914e-05
 1.650000e+01  1.700000e+01  2.470705e-05
 1.700000e+01  1.750000e+01  2.079278e-05
 1.750000e+01  1.800000e+01  1.769436e-05
 1.800000e+01  1.850000e+01  1.580004e-05
 1.850000e+01  1.900000e+01  1.359324e-05
 1.900000e+01  1.950000e+01  1.192249e-05
 1.950000e+01  2.000000e+01  1.054507e-05
