 0.000000e+00  7.854232e-02  5.881585e-04
 7.854232e-02  1.570846e-01  7.773187e-04
 1.570846e-01  2.356269e-01  6.645287e-04
 2.356269e-01  3.141693e-01  5.971279e-04
 3.141693e-01  3.927116e-01  6.143476e-04
 3.927116e-01  4.712539e-01  6.194879e-04
 4.712539e-01  5.497962e-01  6.473348e-04
 5.497962e-01  6.283385e-01  6.817788e-04
 6.283385e-01  7.068808e-01  6.888372e-04
 7.068808e-01  7.854232e-01  6.816971e-04
 7.854232e-01  8.639655e-01  7.020511e-04
 8.639655e-01  9.425078e-01  7.234132e-04
 9.425078e-01  1.021050e+00  7.469596e-04
 1.021050e+00  1.099592e+00  7.853018e-04
 1.099592e+00  1.178135e+00  8.434425e-04
 1.178135e+00  1.256677e+00  8.816361e-04
 1.256677e+00  1.335219e+00  9.107772e-04
 1.335219e+00  1.413762e+00  9.562964e-04
 1.413762e+00  1.492304e+00  1.022518e-03
 1.492304e+00  1.570846e+00  1.108210e-03
 1.570846e+00  1.649389e+00  1.199362e-03
 1.649389e+00  1.727931e+00  1.283493e-03
 1.727931e+00  1.806473e+00  1.406219e-03
 1.806473e+00  1.885016e+00  1.522788e-03
 1.885016e+00  1.963558e+00  1.697623e-03
 1.963558e+00  2.042100e+00  1.880284e-03
 2.042100e+00  2.120643e+00  2.148907e-03
 2.120643e+00  2.199185e+00  2.374375e-03
 2.199185e+00  2.277727e+00  2.678189e-03
 2.277727e+00  2.356269e+00  3.145751e-03
 2.356269e+00  2.434812e+00  3.698952e-03
 2.434812e+00  2.513354e+00  4.394925e-03
 2.513354e+00  2.591896e+00  5.354369e-03
 2.591896e+00  2.670439e+00  6.712362e-03
 2.670439e+00  2.748981e+00  8.622497e-03
 2.748981e+00  2.827523e+00  1.160113e-02
 2.827523e+00  2.906066e+00  1.651284e-02
 2.906066e+00  2.984608e+00  2.669804e-02
 2.984608e+00  3.063150e+00  5.544375e-02
 3.063150e+00  3.141693e+00 -1.005224e-01
