 0.000000e+00  7.854232e-02  1.972207e-03
 7.854232e-02  1.570846e-01  1.964304e-03
 1.570846e-01  2.356269e-01  1.988860e-03
 2.356269e-01  3.141693e-01  2.027377e-03
 3.141693e-01  3.927116e-01  2.009390e-03
 3.927116e-01  4.712539e-01  2.058998e-03
 4.712539e-01  5.497962e-01  2.082993e-03
 5.497962e-01  6.283385e-01  2.125087e-03
 6.283385e-01  7.068808e-01  2.207385e-03
 7.068808e-01  7.854232e-01  2.230204e-03
 7.854232e-01  8.639655e-01  2.279312e-03
 8.639655e-01  9.425078e-01  2.382100e-03
 9.425078e-01  1.021050e+00  2.446677e-03
 1.021050e+00  1.099592e+00  2.585804e-03
 1.099592e+00  1.178135e+00  2.652666e-03
 1.178135e+00  1.256677e+00  2.830932e-03
 1.256677e+00  1.335219e+00  2.944573e-03
 1.335219e+00  1.413762e+00  3.169283e-03
 1.413762e+00  1.492304e+00  3.301878e-03
 1.492304e+00  1.570846e+00  3.522077e-03
 1.570846e+00  1.649389e+00  3.761159e-03
 1.649389e+00  1.727931e+00  4.050251e-03
 1.727931e+00  1.806473e+00  4.403050e-03
 1.806473e+00  1.885016e+00  4.817228e-03
 1.885016e+00  1.963558e+00  5.225288e-03
 1.963558e+00  2.042100e+00  5.763339e-03
 2.042100e+00  2.120643e+00  6.365390e-03
 2.120643e+00  2.199185e+00  7.200990e-03
 2.199185e+00  2.277727e+00  8.216251e-03
 2.277727e+00  2.356269e+00  9.396645e-03
 2.356269e+00  2.434812e+00  1.094093e-02
 2.434812e+00  2.513354e+00  1.292892e-02
 2.513354e+00  2.591896e+00  1.536098e-02
 2.591896e+00  2.670439e+00  1.909595e-02
 2.670439e+00  2.748981e+00  2.432453e-02
 2.748981e+00  2.827523e+00  3.257811e-02
 2.827523e+00  2.906066e+00  4.628420e-02
 2.906066e+00  2.984608e+00  7.345240e-02
 2.984608e+00  3.063150e+00  1.462744e-01
 3.063150e+00  3.141693e+00 -2.957621e-01
