 0.000000e+00  5.000000e-01  7.609731e-06
 5.000000e-01  1.000000e+00  2.126383e-05
 1.000000e+00  1.500000e+00  1.056689e-05
 1.500000e+00  2.000000e+00  6.421915e-06
 2.000000e+00  2.500000e+00  4.200749e-06
 2.500000e+00  3.000000e+00  2.930114e-06
 3.000000e+00  3.500000e+00  2.098830e-06
 3.500000e+00  4.000000e+00  1.550183e-06
 4.000000e+00  4.500000e+00  1.149137e-06
 4.500000e+00  5.000000e+00  8.750222e-07
 5.000000e+00  5.500000e+00  6.570106e-07
 5.500000e+00  6.000000e+00  5.124309e-07
 6.000000e+00  6.500000e+00  3.998185e-07
 6.500000e+00  7.000000e+00  3.020187e-07
 7.000000e+00  7.500000e+00  2.386725e-07
 7.500000e+00  8.000000e+00  1.823831e-07
 8.000000e+00  8.500000e+00  1.446231e-07
 8.500000e+00  9.000000e+00  1.108039e-07
 9.000000e+00  9.500000e+00  8.958315e-08
 9.500000e+00  1.000000e+01  7.181780e-08
 1.000000e+01  1.050000e+01  5.721411e-08
 1.050000e+01  1.100000e+01  4.220592e-08
 1.100000e+01  1.150000e+01  3.506383e-08
 1.150000e+01  1.200000e+01  2.664329e-08
 1.200000e+01  1.250000e+01  1.931057e-08
 1.250000e+01  1.300000e+01  1.481285e-08
 1.300000e+01  1.350000e+01  1.200702e-08
 1.350000e+01  1.400000e+01  8.690029e-09
 1.400000e+01  1.450000e+01  7.772031e-09
 1.450000e+01  1.500000e+01  5.993208e-09
 1.500000e+01  1.550000e+01  4.889959e-09
 1.550000e+01  1.600000e+01  3.040658e-09
 1.600000e+01  1.650000e+01  2.651595e-09
 1.650000e+01  1.700000e+01  1.834057e-09
 1.700000e+01  1.750000e+01  1.330683e-09
 1.750000e+01  1.800000e+01  1.089660e-09
 1.800000e+01  1.850000e+01  8.526351e-10
 1.850000e+01  1.900000e+01  6.573055e-10
 1.900000e+01  1.950000e+01  4.401706e-10
 1.950000e+01  2.000000e+01  2.795561e-10
