 0.000000e+00  5.555556e-01  2.839693e-07
 5.555556e-01  1.111111e+00  1.056418e-06
 1.111111e+00  1.666667e+00  2.548779e-06
 1.666667e+00  2.222222e+00  6.399853e-06
 2.222222e+00  2.777778e+00  2.437188e-05
 2.777778e+00  3.333333e+00  7.202053e-05
 3.333333e+00  3.888889e+00  5.336315e-05
 3.888889e+00  4.444444e+00  2.955609e-06
 4.444444e+00  5.000000e+00  6.973596e-07
 5.000000e+00  5.555556e+00  2.373970e-07
 5.555556e+00  6.111111e+00  8.964973e-08
 6.111111e+00  6.666667e+00  3.479578e-08
 6.666667e+00  7.222222e+00  1.310014e-08
 7.222222e+00  7.777778e+00  6.310816e-09
 7.777778e+00  8.333333e+00  1.819375e-09
 8.333333e+00  8.888889e+00  1.081523e-09
 8.888889e+00  9.444444e+00  3.619417e-10
 9.444444e+00  1.000000e+01  3.999339e-10
 1.000000e+01  1.055556e+01  7.903247e-11
 1.055556e+01  1.111111e+01  6.858866e-13
 1.111111e+01  1.166667e+01  5.421736e-12
 1.166667e+01  1.222222e+01  2.390673e-12
 1.222222e+01  1.277778e+01  4.265315e-14
 1.277778e+01  1.333333e+01  6.697103e-14
 1.333333e+01  1.388889e+01  4.994966e-16
 1.388889e+01  1.444444e+01  1.854096e-16
 1.444444e+01  1.500000e+01  2.509021e-16
 1.500000e+01  1.555556e+01  6.216159e-16
 1.555556e+01  1.611111e+01  2.515745e-17
 1.611111e+01  1.666667e+01  1.811603e-18
 1.666667e+01  1.722222e+01 -8.473746e-18
 1.722222e+01  1.777778e+01  1.823846e-17
 1.777778e+01  1.833333e+01  2.050666e-19
 1.833333e+01  1.888889e+01 -2.930605e-19
 1.888889e+01  1.944444e+01  1.476047e-20
 1.944444e+01  2.000000e+01 -1.891258e-20
