 0.000000e+00  5.555556e-01  0.000000e+00
 5.555556e-01  1.111111e+00  0.000000e+00
 1.111111e+00  1.666667e+00  0.000000e+00
 1.666667e+00  2.222222e+00  0.000000e+00
 2.222222e+00  2.777778e+00  0.000000e+00
 2.777778e+00  3.333333e+00  2.933556e-05
 3.333333e+00  3.888889e+00  5.754987e-05
 3.888889e+00  4.444444e+00  1.431134e-06
 4.444444e+00  5.000000e+00  1.306109e-07
 5.000000e+00  5.555556e+00  2.314278e-08
 5.555556e+00  6.111111e+00  5.533949e-09
 6.111111e+00  6.666667e+00  1.327041e-09
 6.666667e+00  7.222222e+00  4.414882e-10
 7.222222e+00  7.777778e+00  1.300608e-10
 7.777778e+00  8.333333e+00  2.876179e-11
 8.333333e+00  8.888889e+00  1.099494e-11
 8.888889e+00  9.444444e+00  2.628002e-12
 9.444444e+00  1.000000e+01  1.026204e-12
 1.000000e+01  1.055556e+01  2.688187e-13
 1.055556e+01  1.111111e+01  1.506147e-13
 1.111111e+01  1.166667e+01  2.417435e-14
 1.166667e+01  1.222222e+01  9.375773e-15
 1.222222e+01  1.277778e+01  2.589541e-15
 1.277778e+01  1.333333e+01  8.472850e-16
 1.333333e+01  1.388889e+01  3.786062e-16
 1.388889e+01  1.444444e+01  1.631394e-16
 1.444444e+01  1.500000e+01  5.063963e-17
 1.500000e+01  1.555556e+01  2.005885e-17
 1.555556e+01  1.611111e+01  5.600633e-18
 1.611111e+01  1.666667e+01  6.795126e-19
 1.666667e+01  1.722222e+01  7.855455e-19
 1.722222e+01  1.777778e+01  0.000000e+00
 1.777778e+01  1.833333e+01  0.000000e+00
 1.833333e+01  1.888889e+01  4.056904e-20
 1.888889e+01  1.944444e+01  0.000000e+00
 1.944444e+01  2.000000e+01  1.668474e-21
