 0.000000e+00  2.500000e-01  1.752630e-07
 2.500000e-01  5.000000e-01  5.543014e-07
 5.000000e-01  7.500000e-01  1.010286e-06
 7.500000e-01  1.000000e+00  1.582381e-06
 1.000000e+00  1.250000e+00  2.355619e-06
 1.250000e+00  1.500000e+00  3.461061e-06
 1.500000e+00  1.750000e+00  5.086523e-06
 1.750000e+00  2.000000e+00  7.633435e-06
 2.000000e+00  2.250000e+00  1.208464e-05
 2.250000e+00  2.500000e+00  2.141579e-05
 2.500000e+00  2.750000e+00  4.445512e-05
 2.750000e+00  3.000000e+00  1.371952e-04
 3.000000e+00  3.250000e+00  7.573096e-05
 3.250000e+00  3.500000e+00  1.277898e-04
 3.500000e+00  3.750000e+00  6.300431e-05
 3.750000e+00  4.000000e+00  1.179131e-05
 4.000000e+00  4.250000e+00  4.326810e-06
 4.250000e+00  4.500000e+00  2.163446e-06
 4.500000e+00  4.750000e+00  1.186342e-06
 4.750000e+00  5.000000e+00  6.850086e-07
 5.000000e+00  5.250000e+00  4.273807e-07
 5.250000e+00  5.500000e+00  2.579592e-07
 5.500000e+00  5.750000e+00  1.744546e-07
 5.750000e+00  6.000000e+00  1.134730e-07
 6.000000e+00  6.250000e+00  7.030637e-08
 6.250000e+00  6.500000e+00  4.070194e-08
 6.500000e+00  6.750000e+00  3.064729e-08
 6.750000e+00  7.000000e+00  2.103490e-08
 7.000000e+00  7.250000e+00  1.252215e-08
 7.250000e+00  7.500000e+00  9.226558e-09
 7.500000e+00  7.750000e+00  5.057576e-09
 7.750000e+00  8.000000e+00  3.594173e-09
 8.000000e+00  8.250000e+00  3.144977e-09
 8.250000e+00  8.500000e+00  1.983772e-09
 8.500000e+00  8.750000e+00  1.162749e-09
 8.750000e+00  9.000000e+00  7.530832e-10
 9.000000e+00  9.250000e+00  3.241999e-10
 9.250000e+00  9.500000e+00  2.500633e-10
 9.500000e+00  9.750000e+00  3.124190e-10
 9.750000e+00  1.000000e+01  7.190051e-11
