 0.000000e+00  7.854232e-02  9.821637e-07
 7.854232e-02  1.570846e-01  9.912512e-07
 1.570846e-01  2.356269e-01  9.994299e-07
 2.356269e-01  3.141693e-01  1.024091e-06
 3.141693e-01  3.927116e-01  1.035326e-06
 3.927116e-01  4.712539e-01  1.054482e-06
 4.712539e-01  5.497962e-01  1.078684e-06
 5.497962e-01  6.283385e-01  1.100413e-06
 6.283385e-01  7.068808e-01  1.149812e-06
 7.068808e-01  7.854232e-01  1.179554e-06
 7.854232e-01  8.639655e-01  1.235144e-06
 8.639655e-01  9.425078e-01  1.300801e-06
 9.425078e-01  1.021050e+00  1.371435e-06
 1.021050e+00  1.099592e+00  1.462803e-06
 1.099592e+00  1.178135e+00  1.541439e-06
 1.178135e+00  1.256677e+00  1.655423e-06
 1.256677e+00  1.335219e+00  1.755729e-06
 1.335219e+00  1.413762e+00  1.908805e-06
 1.413762e+00  1.492304e+00  2.067417e-06
 1.492304e+00  1.570846e+00  2.245782e-06
 1.570846e+00  1.649389e+00  2.458989e-06
 1.649389e+00  1.727931e+00  2.745145e-06
 1.727931e+00  1.806473e+00  3.066782e-06
 1.806473e+00  1.885016e+00  3.446077e-06
 1.885016e+00  1.963558e+00  3.881160e-06
 1.963558e+00  2.042100e+00  4.458929e-06
 2.042100e+00  2.120643e+00  5.168127e-06
 2.120643e+00  2.199185e+00  5.992047e-06
 2.199185e+00  2.277727e+00  6.993914e-06
 2.277727e+00  2.356269e+00  8.394589e-06
 2.356269e+00  2.434812e+00  1.017829e-05
 2.434812e+00  2.513354e+00  1.245562e-05
 2.513354e+00  2.591896e+00  1.583168e-05
 2.591896e+00  2.670439e+00  2.041751e-05
 2.670439e+00  2.748981e+00  2.739861e-05
 2.748981e+00  2.827523e+00  3.842890e-05
 2.827523e+00  2.906066e+00  5.775424e-05
 2.906066e+00  2.984608e+00  9.764293e-05
 2.984608e+00  3.063150e+00  2.115336e-04
 3.063150e+00  3.141693e+00 -4.066764e-05
