 0.000000e+00  2.500000e-01  0.000000e+00
 2.500000e-01  5.000000e-01  0.000000e+00
 5.000000e-01  7.500000e-01  0.000000e+00
 7.500000e-01  1.000000e+00  0.000000e+00
 1.000000e+00  1.250000e+00  0.000000e+00
 1.250000e+00  1.500000e+00  0.000000e+00
 1.500000e+00  1.750000e+00  0.000000e+00
 1.750000e+00  2.000000e+00  0.000000e+00
 2.000000e+00  2.250000e+00  0.000000e+00
 2.250000e+00  2.500000e+00  0.000000e+00
 2.500000e+00  2.750000e+00  0.000000e+00
 2.750000e+00  3.000000e+00  0.000000e+00
 3.000000e+00  3.250000e+00  3.850812e-05
 3.250000e+00  3.500000e+00  2.671946e-04
 3.500000e+00  3.750000e+00  8.931927e-05
 3.750000e+00  4.000000e+00  1.258572e-05
 4.000000e+00  4.250000e+00  3.114388e-06
 4.250000e+00  4.500000e+00  9.531780e-07
 4.500000e+00  4.750000e+00  3.354954e-07
 4.750000e+00  5.000000e+00  1.347691e-07
 5.000000e+00  5.250000e+00  7.568835e-08
 5.250000e+00  5.500000e+00  2.486324e-08
 5.500000e+00  5.750000e+00  1.900418e-08
 5.750000e+00  6.000000e+00  9.187584e-09
 6.000000e+00  6.250000e+00  5.636114e-09
 6.250000e+00  6.500000e+00  3.316388e-09
 6.500000e+00  6.750000e+00  9.295862e-10
 6.750000e+00  7.000000e+00  5.695408e-10
 7.000000e+00  7.250000e+00  2.458007e-10
 7.250000e+00  7.500000e+00  2.098536e-10
 7.500000e+00  7.750000e+00  2.878981e-10
 7.750000e+00  8.000000e+00  7.114300e-11
 8.000000e+00  8.250000e+00  8.300656e-11
 8.250000e+00  8.500000e+00  3.238891e-11
 8.500000e+00  8.750000e+00  3.597042e-11
 8.750000e+00  9.000000e+00  1.386612e-11
 9.000000e+00  9.250000e+00  4.452418e-12
 9.250000e+00  9.500000e+00  1.280275e-12
 9.500000e+00  9.750000e+00  2.676673e-12
 9.750000e+00  1.000000e+01  5.859579e-13
