 0.000000e+00  7.854232e-02  3.125277e-07
 7.854232e-02  1.570846e-01  3.168355e-07
 1.570846e-01  2.356269e-01  3.155208e-07
 2.356269e-01  3.141693e-01  3.140413e-07
 3.141693e-01  3.927116e-01  3.247486e-07
 3.927116e-01  4.712539e-01  3.267780e-07
 4.712539e-01  5.497962e-01  3.410585e-07
 5.497962e-01  6.283385e-01  3.405595e-07
 6.283385e-01  7.068808e-01  3.644541e-07
 7.068808e-01  7.854232e-01  3.805559e-07
 7.854232e-01  8.639655e-01  3.931283e-07
 8.639655e-01  9.425078e-01  4.108936e-07
 9.425078e-01  1.021050e+00  4.297115e-07
 1.021050e+00  1.099592e+00  4.575815e-07
 1.099592e+00  1.178135e+00  4.900793e-07
 1.178135e+00  1.256677e+00  5.222798e-07
 1.256677e+00  1.335219e+00  5.573147e-07
 1.335219e+00  1.413762e+00  6.108918e-07
 1.413762e+00  1.492304e+00  6.551055e-07
 1.492304e+00  1.570846e+00  7.060692e-07
 1.570846e+00  1.649389e+00  7.820172e-07
 1.649389e+00  1.727931e+00  8.672461e-07
 1.727931e+00  1.806473e+00  9.657995e-07
 1.806473e+00  1.885016e+00  1.098150e-06
 1.885016e+00  1.963558e+00  1.222791e-06
 1.963558e+00  2.042100e+00  1.405987e-06
 2.042100e+00  2.120643e+00  1.624162e-06
 2.120643e+00  2.199185e+00  1.905384e-06
 2.199185e+00  2.277727e+00  2.235364e-06
 2.277727e+00  2.356269e+00  2.667964e-06
 2.356269e+00  2.434812e+00  3.250611e-06
 2.434812e+00  2.513354e+00  3.974692e-06
 2.513354e+00  2.591896e+00  5.060885e-06
 2.591896e+00  2.670439e+00  6.517167e-06
 2.670439e+00  2.748981e+00  8.811346e-06
 2.748981e+00  2.827523e+00  1.230282e-05
 2.827523e+00  2.906066e+00  1.840550e-05
 2.906066e+00  2.984608e+00  3.098318e-05
 2.984608e+00  3.063150e+00  6.664794e-05
 3.063150e+00  3.141693e+00 -1.519734e-05
