 0.000000e+00  2.500000e-01  3.546929e-08
 2.500000e-01  5.000000e-01  1.099546e-07
 5.000000e-01  7.500000e-01  2.008570e-07
 7.500000e-01  1.000000e+00  3.152990e-07
 1.000000e+00  1.250000e+00  4.691504e-07
 1.250000e+00  1.500000e+00  6.837085e-07
 1.500000e+00  1.750000e+00  9.991511e-07
 1.750000e+00  2.000000e+00  1.513723e-06
 2.000000e+00  2.250000e+00  2.424909e-06
 2.250000e+00  2.500000e+00  4.339489e-06
 2.500000e+00  2.750000e+00  9.194558e-06
 2.750000e+00  3.000000e+00  2.888724e-05
 3.000000e+00  3.250000e+00  2.264514e-05
 3.250000e+00  3.500000e+00  3.060637e-05
 3.500000e+00  3.750000e+00  1.314010e-05
 3.750000e+00  4.000000e+00  2.467814e-06
 4.000000e+00  4.250000e+00  9.752402e-07
 4.250000e+00  4.500000e+00  4.968745e-07
 4.500000e+00  4.750000e+00  2.829424e-07
 4.750000e+00  5.000000e+00  1.562866e-07
 5.000000e+00  5.250000e+00  1.003659e-07
 5.250000e+00  5.500000e+00  6.137269e-08
 5.500000e+00  5.750000e+00  4.218101e-08
 5.750000e+00  6.000000e+00  2.801912e-08
 6.000000e+00  6.250000e+00  1.622625e-08
 6.250000e+00  6.500000e+00  1.176431e-08
 6.500000e+00  6.750000e+00  7.583290e-09
 6.750000e+00  7.000000e+00  4.697935e-09
 7.000000e+00  7.250000e+00  3.484848e-09
 7.250000e+00  7.500000e+00  2.350262e-09
 7.500000e+00  7.750000e+00  2.139057e-09
 7.750000e+00  8.000000e+00  7.456132e-10
 8.000000e+00  8.250000e+00  6.909112e-10
 8.250000e+00  8.500000e+00  2.497933e-10
 8.500000e+00  8.750000e+00  2.329934e-10
 8.750000e+00  9.000000e+00  1.124903e-10
 9.000000e+00  9.250000e+00  9.500397e-11
 9.250000e+00  9.500000e+00  1.076015e-10
 9.500000e+00  9.750000e+00  4.955359e-11
 9.750000e+00  1.000000e+01  4.908087e-11
