 0.000000e+00  7.854232e-02  9.819912e-05
 7.854232e-02  1.570846e-01  9.821064e-05
 1.570846e-01  2.356269e-01  1.019863e-04
 2.356269e-01  3.141693e-01  1.008953e-04
 3.141693e-01  3.927116e-01  1.021606e-04
 3.927116e-01  4.712539e-01  1.032605e-04
 4.712539e-01  5.497962e-01  1.071694e-04
 5.497962e-01  6.283385e-01  1.107631e-04
 6.283385e-01  7.068808e-01  1.110248e-04
 7.068808e-01  7.854232e-01  1.148777e-04
 7.854232e-01  8.639655e-01  1.231178e-04
 8.639655e-01  9.425078e-01  1.242735e-04
 9.425078e-01  1.021050e+00  1.323905e-04
 1.021050e+00  1.099592e+00  1.412394e-04
 1.099592e+00  1.178135e+00  1.499204e-04
 1.178135e+00  1.256677e+00  1.586080e-04
 1.256677e+00  1.335219e+00  1.701397e-04
 1.335219e+00  1.413762e+00  1.791729e-04
 1.413762e+00  1.492304e+00  1.993095e-04
 1.492304e+00  1.570846e+00  2.170994e-04
 1.570846e+00  1.649389e+00  2.344296e-04
 1.649389e+00  1.727931e+00  2.638288e-04
 1.727931e+00  1.806473e+00  2.886969e-04
 1.806473e+00  1.885016e+00  3.242139e-04
 1.885016e+00  1.963558e+00  3.638464e-04
 1.963558e+00  2.042100e+00  4.081099e-04
 2.042100e+00  2.120643e+00  4.677339e-04
 2.120643e+00  2.199185e+00  5.405057e-04
 2.199185e+00  2.277727e+00  6.320528e-04
 2.277727e+00  2.356269e+00  7.556338e-04
 2.356269e+00  2.434812e+00  9.132052e-04
 2.434812e+00  2.513354e+00  1.103228e-03
 2.513354e+00  2.591896e+00  1.385207e-03
 2.591896e+00  2.670439e+00  1.777141e-03
 2.670439e+00  2.748981e+00  2.347174e-03
 2.748981e+00  2.827523e+00  3.266683e-03
 2.827523e+00  2.906066e+00  4.819180e-03
 2.906066e+00  2.984608e+00  8.002779e-03
 2.984608e+00  3.063150e+00  1.707472e-02
 3.063150e+00  3.141693e+00 -2.310996e-02
