 0.000000e+00  5.000000e-01 -2.849054e-03
 5.000000e-01  1.000000e+00  8.842836e-03
 1.000000e+00  1.500000e+00  3.982979e-03
 1.500000e+00  2.000000e+00  2.268257e-03
 2.000000e+00  2.500000e+00  1.525573e-03
 2.500000e+00  3.000000e+00  8.985516e-04
 3.000000e+00  3.500000e+00  5.874161e-04
 3.500000e+00  4.000000e+00  3.874638e-04
 4.000000e+00  4.500000e+00  2.646819e-04
 4.500000e+00  5.000000e+00  1.795918e-04
 5.000000e+00  5.500000e+00  1.247720e-04
 5.500000e+00  6.000000e+00  9.059349e-05
 6.000000e+00  6.500000e+00  6.234853e-05
 6.500000e+00  7.000000e+00  5.454394e-05
 7.000000e+00  7.500000e+00  3.212005e-05
 7.500000e+00  8.000000e+00  2.592370e-05
 8.000000e+00  8.500000e+00  1.743441e-05
 8.500000e+00  9.000000e+00  1.289796e-05
 9.000000e+00  9.500000e+00  1.203574e-05
 9.500000e+00  1.000000e+01  7.256341e-06
 1.000000e+01  1.050000e+01  5.696955e-06
 1.050000e+01  1.100000e+01  4.375875e-06
 1.100000e+01  1.150000e+01  3.184555e-06
 1.150000e+01  1.200000e+01  2.510269e-06
 1.200000e+01  1.250000e+01  1.934483e-06
 1.250000e+01  1.300000e+01  1.465869e-06
 1.300000e+01  1.350000e+01  1.247108e-06
 1.350000e+01  1.400000e+01  9.262596e-07
 1.400000e+01  1.450000e+01  7.686807e-07
 1.450000e+01  1.500000e+01  5.383513e-07
 1.500000e+01  1.550000e+01  4.420424e-07
 1.550000e+01  1.600000e+01  4.391215e-07
 1.600000e+01  1.650000e+01  3.033053e-07
 1.650000e+01  1.700000e+01  2.941682e-07
 1.700000e+01  1.750000e+01  1.641162e-07
 1.750000e+01  1.800000e+01  1.362471e-07
 1.800000e+01  1.850000e+01  1.131942e-07
 1.850000e+01  1.900000e+01  9.267336e-08
 1.900000e+01  1.950000e+01  7.113779e-08
 1.950000e+01  2.000000e+01  4.885030e-08
