 0.000000e+00  5.555556e-01  0.000000e+00
 5.555556e-01  1.111111e+00  0.000000e+00
 1.111111e+00  1.666667e+00  0.000000e+00
 1.666667e+00  2.222222e+00  0.000000e+00
 2.222222e+00  2.777778e+00  0.000000e+00
 2.777778e+00  3.333333e+00  2.108050e-03
 3.333333e+00  3.888889e+00  1.298134e-02
 3.888889e+00  4.444444e+00  5.952442e-04
 4.444444e+00  5.000000e+00  5.548453e-05
 5.000000e+00  5.555556e+00  8.249038e-06
 5.555556e+00  6.111111e+00  1.832546e-06
 6.111111e+00  6.666667e+00  5.387734e-07
 6.666667e+00  7.222222e+00  1.483225e-07
 7.222222e+00  7.777778e+00  4.204899e-08
 7.777778e+00  8.333333e+00  1.217251e-08
 8.333333e+00  8.888889e+00  3.548264e-09
 8.888889e+00  9.444444e+00  1.107982e-09
 9.444444e+00  1.000000e+01  6.094529e-10
 1.000000e+01  1.055556e+01  1.361627e-10
 1.055556e+01  1.111111e+01  4.204315e-11
 1.111111e+01  1.166667e+01  1.562821e-11
 1.166667e+01  1.222222e+01  3.624215e-12
 1.222222e+01  1.277778e+01  1.238684e-12
 1.277778e+01  1.333333e+01  4.404255e-13
 1.333333e+01  1.388889e+01  4.803936e-14
 1.388889e+01  1.444444e+01  2.830804e-14
 1.444444e+01  1.500000e+01  1.101574e-15
 1.500000e+01  1.555556e+01  4.778425e-15
 1.555556e+01  1.611111e+01  6.573640e-17
 1.611111e+01  1.666667e+01  1.274453e-16
 1.666667e+01  1.722222e+01  0.000000e+00
 1.722222e+01  1.777778e+01  0.000000e+00
 1.777778e+01  1.833333e+01  8.879230e-19
 1.833333e+01  1.888889e+01  0.000000e+00
 1.888889e+01  1.944444e+01  0.000000e+00
 1.944444e+01  2.000000e+01  0.000000e+00
