 0.000000e+00  5.000000e-01 -1.263719e-02
 5.000000e-01  1.000000e+00  1.580107e-02
 1.000000e+00  1.500000e+00  7.555083e-03
 1.500000e+00  2.000000e+00  4.407522e-03
 2.000000e+00  2.500000e+00  2.821461e-03
 2.500000e+00  3.000000e+00  1.889278e-03
 3.000000e+00  3.500000e+00  1.291190e-03
 3.500000e+00  4.000000e+00  8.946463e-04
 4.000000e+00  4.500000e+00  6.288135e-04
 4.500000e+00  5.000000e+00  4.574289e-04
 5.000000e+00  5.500000e+00  3.357748e-04
 5.500000e+00  6.000000e+00  2.468295e-04
 6.000000e+00  6.500000e+00  1.838780e-04
 6.500000e+00  7.000000e+00  1.362530e-04
 7.000000e+00  7.500000e+00  1.034704e-04
 7.500000e+00  8.000000e+00  7.879689e-05
 8.000000e+00  8.500000e+00  6.259459e-05
 8.500000e+00  9.000000e+00  4.695007e-05
 9.000000e+00  9.500000e+00  3.813431e-05
 9.500000e+00  1.000000e+01  2.937914e-05
 1.000000e+01  1.050000e+01  2.300413e-05
 1.050000e+01  1.100000e+01  1.860822e-05
 1.100000e+01  1.150000e+01  1.469216e-05
 1.150000e+01  1.200000e+01  1.274425e-05
 1.200000e+01  1.250000e+01  9.941285e-06
 1.250000e+01  1.300000e+01  8.704135e-06
 1.300000e+01  1.350000e+01  6.572972e-06
 1.350000e+01  1.400000e+01  5.877595e-06
 1.400000e+01  1.450000e+01  4.523077e-06
 1.450000e+01  1.500000e+01  3.706376e-06
 1.500000e+01  1.550000e+01  3.324305e-06
 1.550000e+01  1.600000e+01  2.890216e-06
 1.600000e+01  1.650000e+01  2.271044e-06
 1.650000e+01  1.700000e+01  1.927352e-06
 1.700000e+01  1.750000e+01  1.697241e-06
 1.750000e+01  1.800000e+01  1.467318e-06
 1.800000e+01  1.850000e+01  1.214267e-06
 1.850000e+01  1.900000e+01  1.106355e-06
 1.900000e+01  1.950000e+01  8.469772e-07
 1.950000e+01  2.000000e+01  7.282426e-07
