 0.000000e+00  2.416610e-01  5.377543e-06
 2.416610e-01  4.833219e-01  1.629763e-05
 4.833219e-01  7.249829e-01  2.961414e-05
 7.249829e-01  9.666439e-01  4.806692e-05
 9.666439e-01  1.208305e+00  6.934810e-05
 1.208305e+00  1.449966e+00  9.942790e-05
 1.449966e+00  1.691627e+00  1.426201e-04
 1.691627e+00  1.933288e+00  2.131949e-04
 1.933288e+00  2.174949e+00  3.337955e-04
 2.174949e+00  2.416610e+00  5.539104e-04
 2.416610e+00  2.658271e+00  1.061220e-03
 2.658271e+00  2.899932e+00  2.549509e-03
 2.899932e+00  3.141593e+00  2.775713e-02
 3.141593e+00  3.383254e+00 -2.507747e-02
 3.383254e+00  3.624915e+00  4.492851e-03
 3.624915e+00  3.866576e+00  1.026805e-03
 3.866576e+00  4.108237e+00  2.882375e-04
 4.108237e+00  4.349898e+00  1.365743e-04
 4.349898e+00  4.591558e+00  7.910811e-05
 4.591558e+00  4.833219e+00  4.258171e-05
 4.833219e+00  5.074880e+00  2.629595e-05
 5.074880e+00  5.316541e+00  1.837621e-05
 5.316541e+00  5.558202e+00  1.078307e-05
 5.558202e+00  5.799863e+00  7.558902e-06
 5.799863e+00  6.041524e+00  5.568711e-06
 6.041524e+00  6.283185e+00  3.998727e-06
 6.283185e+00  6.524846e+00  2.309478e-06
 6.524846e+00  6.766507e+00  1.537828e-06
 6.766507e+00  7.008168e+00  1.154958e-06
 7.008168e+00  7.249829e+00  6.239453e-07
 7.249829e+00  7.491490e+00  4.325639e-07
 7.491490e+00  7.733151e+00  3.784536e-07
 7.733151e+00  7.974812e+00  8.955412e-08
 7.974812e+00  8.216473e+00  1.121885e-07
 8.216473e+00  8.458134e+00  6.748454e-08
 8.458134e+00  8.699795e+00  2.956086e-08
 8.699795e+00  8.941456e+00  2.197368e-08
 8.941456e+00  9.183117e+00  1.740320e-08
 9.183117e+00  9.424778e+00  6.478084e-09
