 0.000000e+00  5.555556e-01  0.000000e+00
 5.555556e-01  1.111111e+00  0.000000e+00
 1.111111e+00  1.666667e+00  0.000000e+00
 1.666667e+00  2.222222e+00  0.000000e+00
 2.222222e+00  2.777778e+00  0.000000e+00
 2.777778e+00  3.333333e+00  2.555838e-03
 3.333333e+00  3.888889e+00  1.592585e-02
 3.888889e+00  4.444444e+00  7.298526e-04
 4.444444e+00  5.000000e+00  6.527537e-05
 5.000000e+00  5.555556e+00  8.967224e-06
 5.555556e+00  6.111111e+00  1.771297e-06
 6.111111e+00  6.666667e+00  4.250474e-07
 6.666667e+00  7.222222e+00  1.263602e-07
 7.222222e+00  7.777778e+00  4.417981e-08
 7.777778e+00  8.333333e+00  1.130705e-08
 8.333333e+00  8.888889e+00  3.274501e-09
 8.888889e+00  9.444444e+00  9.836568e-10
 9.444444e+00  1.000000e+01  4.563378e-10
 1.000000e+01  1.055556e+01  1.389349e-10
 1.055556e+01  1.111111e+01  3.145628e-11
 1.111111e+01  1.166667e+01  1.453556e-11
 1.166667e+01  1.222222e+01  1.838105e-12
 1.222222e+01  1.277778e+01  1.525884e-12
 1.277778e+01  1.333333e+01  3.699049e-13
 1.333333e+01  1.388889e+01  2.275718e-14
 1.388889e+01  1.444444e+01  4.974157e-14
 1.444444e+01  1.500000e+01  6.684797e-15
 1.500000e+01  1.555556e+01  7.151607e-15
 1.555556e+01  1.611111e+01  0.000000e+00
 1.611111e+01  1.666667e+01  1.365021e-15
 1.666667e+01  1.722222e+01  4.523259e-18
 1.722222e+01  1.777778e+01  3.916472e-17
 1.777778e+01  1.833333e+01  2.384498e-17
 1.833333e+01  1.888889e+01  0.000000e+00
 1.888889e+01  1.944444e+01  3.599514e-18
 1.944444e+01  2.000000e+01  0.000000e+00
