 0.000000e+00  5.555556e-01 -1.492827e-03
 5.555556e-01  1.111111e+00  7.056732e-03
 1.111111e+00  1.666667e+00  3.210432e-03
 1.666667e+00  2.222222e+00  1.758440e-03
 2.222222e+00  2.777778e+00  1.024167e-03
 2.777778e+00  3.333333e+00  6.188953e-04
 3.333333e+00  3.888889e+00  5.751484e-04
 3.888889e+00  4.444444e+00  2.631940e-04
 4.444444e+00  5.000000e+00  1.660774e-04
 5.000000e+00  5.555556e+00  1.074889e-04
 5.555556e+00  6.111111e+00  7.289552e-05
 6.111111e+00  6.666667e+00  5.476831e-05
 6.666667e+00  7.222222e+00  3.527931e-05
 7.222222e+00  7.777778e+00  3.003532e-05
 7.777778e+00  8.333333e+00  1.798142e-05
 8.333333e+00  8.888889e+00  1.297201e-05
 8.888889e+00  9.444444e+00  9.199975e-06
 9.444444e+00  1.000000e+01  6.891045e-06
 1.000000e+01  1.055556e+01  5.119177e-06
 1.055556e+01  1.111111e+01  3.826772e-06
 1.111111e+01  1.166667e+01  2.757229e-06
 1.166667e+01  1.222222e+01  3.336616e-06
 1.222222e+01  1.277778e+01  1.776472e-06
 1.277778e+01  1.333333e+01  1.362255e-06
 1.333333e+01  1.388889e+01  1.064650e-06
 1.388889e+01  1.444444e+01  7.454905e-07
 1.444444e+01  1.500000e+01  6.701679e-07
 1.500000e+01  1.555556e+01  4.650566e-07
 1.555556e+01  1.611111e+01  3.682502e-07
 1.611111e+01  1.666667e+01  2.982770e-07
 1.666667e+01  1.722222e+01  2.397145e-07
 1.722222e+01  1.777778e+01  2.215442e-07
 1.777778e+01  1.833333e+01  1.262968e-07
 1.833333e+01  1.888889e+01  1.168621e-07
 1.888889e+01  1.944444e+01  1.565825e-07
 1.944444e+01  2.000000e+01  7.609684e-08
