 0.000000e+00  2.500000e-01  0.000000e+00
 2.500000e-01  5.000000e-01  0.000000e+00
 5.000000e-01  7.500000e-01  0.000000e+00
 7.500000e-01  1.000000e+00  0.000000e+00
 1.000000e+00  1.250000e+00  0.000000e+00
 1.250000e+00  1.500000e+00  0.000000e+00
 1.500000e+00  1.750000e+00  0.000000e+00
 1.750000e+00  2.000000e+00  0.000000e+00
 2.000000e+00  2.250000e+00  0.000000e+00
 2.250000e+00  2.500000e+00  0.000000e+00
 2.500000e+00  2.750000e+00  0.000000e+00
 2.750000e+00  3.000000e+00  0.000000e+00
 3.000000e+00  3.250000e+00  5.427321e-04
 3.250000e+00  3.500000e+00  6.977934e-03
 3.500000e+00  3.750000e+00  4.029848e-03
 3.750000e+00  4.000000e+00  6.326894e-04
 4.000000e+00  4.250000e+00  1.684823e-04
 4.250000e+00  4.500000e+00  5.391227e-05
 4.500000e+00  4.750000e+00  1.999721e-05
 4.750000e+00  5.000000e+00  7.596217e-06
 5.000000e+00  5.250000e+00  2.977740e-06
 5.250000e+00  5.500000e+00  1.365196e-06
 5.500000e+00  5.750000e+00  7.063567e-07
 5.750000e+00  6.000000e+00  3.202880e-07
 6.000000e+00  6.250000e+00  1.929318e-07
 6.250000e+00  6.500000e+00  1.000429e-07
 6.500000e+00  6.750000e+00  4.473698e-08
 6.750000e+00  7.000000e+00  3.767185e-08
 7.000000e+00  7.250000e+00  2.700353e-08
 7.250000e+00  7.500000e+00  1.562603e-08
 7.500000e+00  7.750000e+00  1.106666e-08
 7.750000e+00  8.000000e+00  4.301506e-09
 8.000000e+00  8.250000e+00  1.008295e-09
 8.250000e+00  8.500000e+00  2.929817e-09
 8.500000e+00  8.750000e+00  7.434857e-10
 8.750000e+00  9.000000e+00  1.790492e-10
 9.000000e+00  9.250000e+00  4.419801e-10
 9.250000e+00  9.500000e+00  2.454731e-10
 9.500000e+00  9.750000e+00  2.440362e-10
 9.750000e+00  1.000000e+01  2.331615e-11
