-3.500000e+00 -3.430000e+00  0.000000e+00
-3.430000e+00 -3.360000e+00  0.000000e+00
-3.360000e+00 -3.290000e+00  0.000000e+00
-3.290000e+00 -3.220000e+00  0.000000e+00
-3.220000e+00 -3.150000e+00  0.000000e+00
-3.150000e+00 -3.080000e+00  0.000000e+00
-3.080000e+00 -3.010000e+00  1.784982e-05
-3.010000e+00 -2.940000e+00  3.296636e-04
-2.940000e+00 -2.870000e+00  6.591515e-04
-2.870000e+00 -2.800000e+00  8.536067e-04
-2.800000e+00 -2.730000e+00  9.660522e-04
-2.730000e+00 -2.660000e+00  1.036355e-03
-2.660000e+00 -2.590000e+00  1.065661e-03
-2.590000e+00 -2.520000e+00  1.091214e-03
-2.520000e+00 -2.450000e+00  1.105059e-03
-2.450000e+00 -2.380000e+00  1.120854e-03
-2.380000e+00 -2.310000e+00  1.110184e-03
-2.310000e+00 -2.240000e+00  1.111388e-03
-2.240000e+00 -2.170000e+00  1.103297e-03
-2.170000e+00 -2.100000e+00  1.081142e-03
-2.100000e+00 -2.030000e+00  1.059945e-03
-2.030000e+00 -1.960000e+00  1.046869e-03
-1.960000e+00 -1.890000e+00  1.016743e-03
-1.890000e+00 -1.820000e+00  9.914849e-04
-1.820000e+00 -1.750000e+00  9.609628e-04
-1.750000e+00 -1.680000e+00  9.299750e-04
-1.680000e+00 -1.610000e+00  8.976303e-04
-1.610000e+00 -1.540000e+00  8.648747e-04
-1.540000e+00 -1.470000e+00  8.306990e-04
-1.470000e+00 -1.400000e+00  7.906275e-04
-1.400000e+00 -1.330000e+00  7.580736e-04
-1.330000e+00 -1.260000e+00  7.221849e-04
-1.260000e+00 -1.190000e+00  6.876609e-04
-1.190000e+00 -1.120000e+00  6.507444e-04
-1.120000e+00 -1.050000e+00  6.206408e-04
-1.050000e+00 -9.800000e-01  5.794743e-04
-9.800000e-01 -9.100000e-01  5.492057e-04
-9.100000e-01 -8.400000e-01  5.130352e-04
-8.400000e-01 -7.700000e-01  4.856554e-04
-7.700000e-01 -7.000000e-01  4.540727e-04
-7.000000e-01 -6.300000e-01  4.212303e-04
-6.300000e-01 -5.600000e-01  3.973886e-04
-5.600000e-01 -4.900000e-01  3.653619e-04
-4.900000e-01 -4.200000e-01  3.413234e-04
-4.200000e-01 -3.500000e-01  3.144139e-04
-3.500000e-01 -2.800000e-01  2.915785e-04
-2.800000e-01 -2.100000e-01  2.671664e-04
-2.100000e-01 -1.400000e-01  2.446287e-04
-1.400000e-01 -7.000000e-02  2.268049e-04
-7.000000e-02  0.000000e+00  2.047906e-04
 0.000000e+00  7.000000e-02  1.848156e-04
 7.000000e-02  1.400000e-01  1.669419e-04
 1.400000e-01  2.100000e-01  1.497655e-04
 2.100000e-01  2.800000e-01  1.348137e-04
 2.800000e-01  3.500000e-01  1.170447e-04
 3.500000e-01  4.200000e-01  1.064716e-04
 4.200000e-01  4.900000e-01  9.674768e-05
 4.900000e-01  5.600000e-01  8.217470e-05
 5.600000e-01  6.300000e-01  7.179396e-05
 6.300000e-01  7.000000e-01  6.196358e-05
 7.000000e-01  7.700000e-01  5.370981e-05
 7.700000e-01  8.400000e-01  4.767225e-05
 8.400000e-01  9.100000e-01  3.936938e-05
 9.100000e-01  9.800000e-01  3.330141e-05
 9.800000e-01  1.050000e+00  2.830921e-05
 1.050000e+00  1.120000e+00  2.398747e-05
 1.120000e+00  1.190000e+00  2.047569e-05
 1.190000e+00  1.260000e+00  1.620334e-05
 1.260000e+00  1.330000e+00  1.331959e-05
 1.330000e+00  1.400000e+00  1.048795e-05
 1.400000e+00  1.470000e+00  9.141385e-06
 1.470000e+00  1.540000e+00  6.375073e-06
 1.540000e+00  1.610000e+00  4.716624e-06
 1.610000e+00  1.680000e+00  3.723852e-06
 1.680000e+00  1.750000e+00  2.725428e-06
 1.750000e+00  1.820000e+00  2.259426e-06
 1.820000e+00  1.890000e+00  1.825108e-06
 1.890000e+00  1.960000e+00  1.120058e-06
 1.960000e+00  2.030000e+00  6.696514e-07
 2.030000e+00  2.100000e+00  4.477888e-07
 2.100000e+00  2.170000e+00  4.187758e-07
 2.170000e+00  2.240000e+00  1.193075e-07
 2.240000e+00  2.310000e+00  7.551370e-08
 2.310000e+00  2.380000e+00  6.025682e-08
 2.380000e+00  2.450000e+00  4.061434e-08
 2.450000e+00  2.520000e+00  4.630370e-08
 2.520000e+00  2.590000e+00  1.551562e-09
 2.590000e+00  2.660000e+00  9.624613e-10
 2.660000e+00  2.730000e+00  1.178800e-09
 2.730000e+00  2.800000e+00  7.891591e-10
 2.800000e+00  2.870000e+00  3.362313e-11
 2.870000e+00  2.940000e+00  5.073229e-12
 2.940000e+00  3.010000e+00 -3.578672e-14
 3.010000e+00  3.080000e+00  0.000000e+00
 3.080000e+00  3.150000e+00  0.000000e+00
 3.150000e+00  3.220000e+00  0.000000e+00
 3.220000e+00  3.290000e+00  0.000000e+00
 3.290000e+00  3.360000e+00  0.000000e+00
 3.360000e+00  3.430000e+00  0.000000e+00
 3.430000e+00  3.500000e+00  0.000000e+00
