-4.500000e+00 -4.410000e+00  0.000000e+00
-4.410000e+00 -4.320000e+00  0.000000e+00
-4.320000e+00 -4.230000e+00  0.000000e+00
-4.230000e+00 -4.140000e+00  3.773450e-04
-4.140000e+00 -4.050000e+00  1.800707e-03
-4.050000e+00 -3.960000e+00  2.505802e-03
-3.960000e+00 -3.870000e+00  2.784638e-03
-3.870000e+00 -3.780000e+00  2.821269e-03
-3.780000e+00 -3.690000e+00  2.781896e-03
-3.690000e+00 -3.600000e+00  2.690865e-03
-3.600000e+00 -3.510000e+00  2.548065e-03
-3.510000e+00 -3.420000e+00  2.436235e-03
-3.420000e+00 -3.330000e+00  2.291034e-03
-3.330000e+00 -3.240000e+00  2.174903e-03
-3.240000e+00 -3.150000e+00  2.062919e-03
-3.150000e+00 -3.060000e+00  1.984082e-03
-3.060000e+00 -2.970000e+00  1.880027e-03
-2.970000e+00 -2.880000e+00  1.825856e-03
-2.880000e+00 -2.790000e+00  1.762308e-03
-2.790000e+00 -2.700000e+00  1.685298e-03
-2.700000e+00 -2.610000e+00  1.652570e-03
-2.610000e+00 -2.520000e+00  1.607855e-03
-2.520000e+00 -2.430000e+00  1.557218e-03
-2.430000e+00 -2.340000e+00  1.515027e-03
-2.340000e+00 -2.250000e+00  1.488037e-03
-2.250000e+00 -2.160000e+00  1.433761e-03
-2.160000e+00 -2.070000e+00  1.382214e-03
-2.070000e+00 -1.980000e+00  1.335153e-03
-1.980000e+00 -1.890000e+00  1.280805e-03
-1.890000e+00 -1.800000e+00  1.249131e-03
-1.800000e+00 -1.710000e+00  1.177965e-03
-1.710000e+00 -1.620000e+00  1.116326e-03
-1.620000e+00 -1.530000e+00  1.063548e-03
-1.530000e+00 -1.440000e+00  1.009532e-03
-1.440000e+00 -1.350000e+00  9.465953e-04
-1.350000e+00 -1.260000e+00  9.005501e-04
-1.260000e+00 -1.170000e+00  8.395903e-04
-1.170000e+00 -1.080000e+00  7.789147e-04
-1.080000e+00 -9.900000e-01  7.144832e-04
-9.900000e-01 -9.000000e-01  6.621663e-04
-9.000000e-01 -8.100000e-01  6.098895e-04
-8.100000e-01 -7.200000e-01  5.631010e-04
-7.200000e-01 -6.300000e-01  5.130013e-04
-6.300000e-01 -5.400000e-01  4.701762e-04
-5.400000e-01 -4.500000e-01  4.287472e-04
-4.500000e-01 -3.600000e-01  3.825013e-04
-3.600000e-01 -2.700000e-01  3.431217e-04
-2.700000e-01 -1.800000e-01  3.113019e-04
-1.800000e-01 -9.000000e-02  2.791730e-04
-9.000000e-02  0.000000e+00  2.489463e-04
 0.000000e+00  9.000000e-02  2.231605e-04
 9.000000e-02  1.800000e-01  2.056707e-04
 1.800000e-01  2.700000e-01  1.765801e-04
 2.700000e-01  3.600000e-01  1.588007e-04
 3.600000e-01  4.500000e-01  1.353984e-04
 4.500000e-01  5.400000e-01  1.218241e-04
 5.400000e-01  6.300000e-01  1.051967e-04
 6.300000e-01  7.200000e-01  9.465990e-05
 7.200000e-01  8.100000e-01  7.900869e-05
 8.100000e-01  9.000000e-01  6.834318e-05
 9.000000e-01  9.900000e-01  5.858913e-05
 9.900000e-01  1.080000e+00  5.079804e-05
 1.080000e+00  1.170000e+00  4.193954e-05
 1.170000e+00  1.260000e+00  3.786034e-05
 1.260000e+00  1.350000e+00  2.862157e-05
 1.350000e+00  1.440000e+00  2.393641e-05
 1.440000e+00  1.530000e+00  2.215817e-05
 1.530000e+00  1.620000e+00  2.032551e-05
 1.620000e+00  1.710000e+00  1.539711e-05
 1.710000e+00  1.800000e+00  1.283411e-05
 1.800000e+00  1.890000e+00  1.093859e-05
 1.890000e+00  1.980000e+00  8.916820e-06
 1.980000e+00  2.070000e+00  5.918530e-06
 2.070000e+00  2.160000e+00  5.315891e-06
 2.160000e+00  2.250000e+00  5.163231e-06
 2.250000e+00  2.340000e+00  2.782635e-06
 2.340000e+00  2.430000e+00  2.601923e-06
 2.430000e+00  2.520000e+00  2.110949e-06
 2.520000e+00  2.610000e+00  1.379785e-06
 2.610000e+00  2.700000e+00  1.623696e-06
 2.700000e+00  2.790000e+00  4.384503e-07
 2.790000e+00  2.880000e+00  4.350845e-07
 2.880000e+00  2.970000e+00  3.808898e-07
 2.970000e+00  3.060000e+00  1.902222e-07
 3.060000e+00  3.150000e+00  1.328379e-07
 3.150000e+00  3.240000e+00  8.927176e-08
 3.240000e+00  3.330000e+00  1.034940e-07
 3.330000e+00  3.420000e+00  5.475301e-08
 3.420000e+00  3.510000e+00  1.767300e-09
 3.510000e+00  3.600000e+00  3.688447e-09
 3.600000e+00  3.690000e+00  4.105760e-09
 3.690000e+00  3.780000e+00  1.456361e-09
 3.780000e+00  3.870000e+00  1.304534e-09
 3.870000e+00  3.960000e+00  0.000000e+00
 3.960000e+00  4.050000e+00  0.000000e+00
 4.050000e+00  4.140000e+00 -0.000000e+00
 4.140000e+00  4.230000e+00 -0.000000e+00
 4.230000e+00  4.320000e+00  0.000000e+00
 4.320000e+00  4.410000e+00  0.000000e+00
 4.410000e+00  4.500000e+00  0.000000e+00
