-3.500000e+00 -3.430000e+00  0.000000e+00
-3.430000e+00 -3.360000e+00  0.000000e+00
-3.360000e+00 -3.290000e+00  0.000000e+00
-3.290000e+00 -3.220000e+00  0.000000e+00
-3.220000e+00 -3.150000e+00  0.000000e+00
-3.150000e+00 -3.080000e+00  0.000000e+00
-3.080000e+00 -3.010000e+00  1.784721e-05
-3.010000e+00 -2.940000e+00  3.285840e-04
-2.940000e+00 -2.870000e+00  6.499605e-04
-2.870000e+00 -2.800000e+00  8.251547e-04
-2.800000e+00 -2.730000e+00  9.087459e-04
-2.730000e+00 -2.660000e+00  9.424563e-04
-2.660000e+00 -2.590000e+00  9.305276e-04
-2.590000e+00 -2.520000e+00  9.147767e-04
-2.520000e+00 -2.450000e+00  8.872972e-04
-2.450000e+00 -2.380000e+00  8.627033e-04
-2.380000e+00 -2.310000e+00  8.172607e-04
-2.310000e+00 -2.240000e+00  7.899660e-04
-2.240000e+00 -2.170000e+00  7.576083e-04
-2.170000e+00 -2.100000e+00  7.178547e-04
-2.100000e+00 -2.030000e+00  6.856269e-04
-2.030000e+00 -1.960000e+00  6.684556e-04
-1.960000e+00 -1.890000e+00  6.383923e-04
-1.890000e+00 -1.820000e+00  6.179943e-04
-1.820000e+00 -1.750000e+00  5.980098e-04
-1.750000e+00 -1.680000e+00  5.794010e-04
-1.680000e+00 -1.610000e+00  5.655121e-04
-1.610000e+00 -1.540000e+00  5.514532e-04
-1.540000e+00 -1.470000e+00  5.407837e-04
-1.470000e+00 -1.400000e+00  5.225682e-04
-1.400000e+00 -1.330000e+00  5.131104e-04
-1.330000e+00 -1.260000e+00  5.001216e-04
-1.260000e+00 -1.190000e+00  4.883754e-04
-1.190000e+00 -1.120000e+00  4.747068e-04
-1.120000e+00 -1.050000e+00  4.645740e-04
-1.050000e+00 -9.800000e-01  4.431405e-04
-9.800000e-01 -9.100000e-01  4.310143e-04
-9.100000e-01 -8.400000e-01  4.109784e-04
-8.400000e-01 -7.700000e-01  3.976092e-04
-7.700000e-01 -7.000000e-01  3.795905e-04
-7.000000e-01 -6.300000e-01  3.581922e-04
-6.300000e-01 -5.600000e-01  3.445750e-04
-5.600000e-01 -4.900000e-01  3.213922e-04
-4.900000e-01 -4.200000e-01  3.048748e-04
-4.200000e-01 -3.500000e-01  2.835851e-04
-3.500000e-01 -2.800000e-01  2.668509e-04
-2.800000e-01 -2.100000e-01  2.469863e-04
-2.100000e-01 -1.400000e-01  2.282153e-04
-1.400000e-01 -7.000000e-02  2.132906e-04
-7.000000e-02  0.000000e+00  1.941694e-04
 0.000000e+00  7.000000e-02  1.764807e-04
 7.000000e-02  1.400000e-01  1.607380e-04
 1.400000e-01  2.100000e-01  1.448116e-04
 2.100000e-01  2.800000e-01  1.312141e-04
 2.800000e-01  3.500000e-01  1.139125e-04
 3.500000e-01  4.200000e-01  1.041993e-04
 4.200000e-01  4.900000e-01  9.492319e-05
 4.900000e-01  5.600000e-01  8.082704e-05
 5.600000e-01  6.300000e-01  7.068696e-05
 6.300000e-01  7.000000e-01  6.111986e-05
 7.000000e-01  7.700000e-01  5.306597e-05
 7.700000e-01  8.400000e-01  4.733917e-05
 8.400000e-01  9.100000e-01  3.906498e-05
 9.100000e-01  9.800000e-01  3.307184e-05
 9.800000e-01  1.050000e+00  2.814119e-05
 1.050000e+00  1.120000e+00  2.386392e-05
 1.120000e+00  1.190000e+00  2.038274e-05
 1.190000e+00  1.260000e+00  1.614437e-05
 1.260000e+00  1.330000e+00  1.331159e-05
 1.330000e+00  1.400000e+00  1.044127e-05
 1.400000e+00  1.470000e+00  9.109270e-06
 1.470000e+00  1.540000e+00  6.360894e-06
 1.540000e+00  1.610000e+00  4.708464e-06
 1.610000e+00  1.680000e+00  3.714404e-06
 1.680000e+00  1.750000e+00  2.724208e-06
 1.750000e+00  1.820000e+00  2.256505e-06
 1.820000e+00  1.890000e+00  1.824807e-06
 1.890000e+00  1.960000e+00  1.119593e-06
 1.960000e+00  2.030000e+00  6.696514e-07
 2.030000e+00  2.100000e+00  4.477888e-07
 2.100000e+00  2.170000e+00  4.185716e-07
 2.170000e+00  2.240000e+00  1.192984e-07
 2.240000e+00  2.310000e+00  7.551358e-08
 2.310000e+00  2.380000e+00  6.018261e-08
 2.380000e+00  2.450000e+00  4.060891e-08
 2.450000e+00  2.520000e+00  4.629852e-08
 2.520000e+00  2.590000e+00  1.550025e-09
 2.590000e+00  2.660000e+00  9.624613e-10
 2.660000e+00  2.730000e+00  1.178800e-09
 2.730000e+00  2.800000e+00  7.891588e-10
 2.800000e+00  2.870000e+00  3.361443e-11
 2.870000e+00  2.940000e+00  5.073229e-12
 2.940000e+00  3.010000e+00 -3.578672e-14
 3.010000e+00  3.080000e+00  0.000000e+00
 3.080000e+00  3.150000e+00  0.000000e+00
 3.150000e+00  3.220000e+00  0.000000e+00
 3.220000e+00  3.290000e+00  0.000000e+00
 3.290000e+00  3.360000e+00  0.000000e+00
 3.360000e+00  3.430000e+00  0.000000e+00
 3.430000e+00  3.500000e+00  0.000000e+00
