 0.000000e+00  8.000000e-02  5.280971e-08
 8.000000e-02  1.600000e-01  7.379176e-07
 1.600000e-01  2.400000e-01  3.069719e-06
 2.400000e-01  3.200000e-01  8.133445e-06
 3.200000e-01  4.000000e-01  1.602198e-05
 4.000000e-01  4.800000e-01  2.779486e-05
 4.800000e-01  5.600000e-01  4.209373e-05
 5.600000e-01  6.400000e-01  5.864476e-05
 6.400000e-01  7.200000e-01  7.728177e-05
 7.200000e-01  8.000000e-01  9.701865e-05
 8.000000e-01  8.800000e-01  1.174114e-04
 8.800000e-01  9.600000e-01  1.346745e-04
 9.600000e-01  1.040000e+00  1.513037e-04
 1.040000e+00  1.120000e+00  1.641749e-04
 1.120000e+00  1.200000e+00  1.771695e-04
 1.200000e+00  1.280000e+00  1.848681e-04
 1.280000e+00  1.360000e+00  1.897084e-04
 1.360000e+00  1.440000e+00  1.924667e-04
 1.440000e+00  1.520000e+00  1.930261e-04
 1.520000e+00  1.600000e+00  1.914800e-04
 1.600000e+00  1.680000e+00  1.876024e-04
 1.680000e+00  1.760000e+00  1.803641e-04
 1.760000e+00  1.840000e+00  1.735817e-04
 1.840000e+00  1.920000e+00  1.660098e-04
 1.920000e+00  2.000000e+00  1.581047e-04
 2.000000e+00  2.080000e+00  1.481610e-04
 2.080000e+00  2.160000e+00  1.391648e-04
 2.160000e+00  2.240000e+00  1.295587e-04
 2.240000e+00  2.320000e+00  1.208453e-04
 2.320000e+00  2.400000e+00  1.112673e-04
 2.400000e+00  2.480000e+00  1.019389e-04
 2.480000e+00  2.560000e+00  9.541111e-05
 2.560000e+00  2.640000e+00  8.685513e-05
 2.640000e+00  2.720000e+00  7.909869e-05
 2.720000e+00  2.800000e+00  7.265376e-05
 2.800000e+00  2.880000e+00  6.608598e-05
 2.880000e+00  2.960000e+00  6.014728e-05
 2.960000e+00  3.040000e+00  5.431182e-05
 3.040000e+00  3.120000e+00  4.962586e-05
 3.120000e+00  3.200000e+00  4.436771e-05
 3.200000e+00  3.280000e+00  4.073692e-05
 3.280000e+00  3.360000e+00  3.714043e-05
 3.360000e+00  3.440000e+00  3.319745e-05
 3.440000e+00  3.520000e+00  3.028728e-05
 3.520000e+00  3.600000e+00  2.690944e-05
 3.600000e+00  3.680000e+00  2.463242e-05
 3.680000e+00  3.760000e+00  2.232436e-05
 3.760000e+00  3.840000e+00  1.990025e-05
 3.840000e+00  3.920000e+00  1.771027e-05
 3.920000e+00  4.000000e+00  1.634224e-05
 4.000000e+00  4.080000e+00  1.450805e-05
 4.080000e+00  4.160000e+00  1.328762e-05
 4.160000e+00  4.240000e+00  1.194594e-05
 4.240000e+00  4.320000e+00  1.070967e-05
 4.320000e+00  4.400000e+00  9.724563e-06
 4.400000e+00  4.480000e+00  8.578199e-06
 4.480000e+00  4.560000e+00  7.758208e-06
 4.560000e+00  4.640000e+00  6.936584e-06
 4.640000e+00  4.720000e+00  6.366177e-06
 4.720000e+00  4.800000e+00  5.645488e-06
 4.800000e+00  4.880000e+00  5.276301e-06
 4.880000e+00  4.960000e+00  4.679952e-06
 4.960000e+00  5.040000e+00  4.339444e-06
 5.040000e+00  5.120000e+00  3.869110e-06
 5.120000e+00  5.200000e+00  3.253526e-06
 5.200000e+00  5.280000e+00  3.073999e-06
 5.280000e+00  5.360000e+00  2.578928e-06
 5.360000e+00  5.440000e+00  2.425697e-06
 5.440000e+00  5.520000e+00  2.329851e-06
 5.520000e+00  5.600000e+00  1.981641e-06
 5.600000e+00  5.680000e+00  1.902779e-06
 5.680000e+00  5.760000e+00  1.597950e-06
 5.760000e+00  5.840000e+00  1.494172e-06
 5.840000e+00  5.920000e+00  1.301322e-06
 5.920000e+00  6.000000e+00  1.237655e-06
 6.000000e+00  6.080000e+00  1.108207e-06
 6.080000e+00  6.160000e+00  1.051356e-06
 6.160000e+00  6.240000e+00  8.755949e-07
 6.240000e+00  6.320000e+00  7.792444e-07
 6.320000e+00  6.400000e+00  7.545385e-07
 6.400000e+00  6.480000e+00  6.258356e-07
 6.480000e+00  6.560000e+00  5.687353e-07
 6.560000e+00  6.640000e+00  5.394390e-07
 6.640000e+00  6.720000e+00  4.361101e-07
 6.720000e+00  6.800000e+00  3.945600e-07
 6.800000e+00  6.880000e+00  3.635185e-07
 6.880000e+00  6.960000e+00  3.632412e-07
 6.960000e+00  7.040000e+00  3.634473e-07
 7.040000e+00  7.120000e+00  2.880979e-07
 7.120000e+00  7.200000e+00  2.317983e-07
 7.200000e+00  7.280000e+00  2.492473e-07
 7.280000e+00  7.360000e+00  2.178483e-07
 7.360000e+00  7.440000e+00  1.979147e-07
 7.440000e+00  7.520000e+00  1.777255e-07
 7.520000e+00  7.600000e+00  1.591097e-07
 7.600000e+00  7.680000e+00  1.618438e-07
 7.680000e+00  7.760000e+00  1.234484e-07
 7.760000e+00  7.840000e+00  1.125844e-07
 7.840000e+00  7.920000e+00  1.108163e-07
 7.920000e+00  8.000000e+00  9.103478e-08
