-2.000000e+00 -1.960000e+00  0.000000e+00
-1.960000e+00 -1.920000e+00  0.000000e+00
-1.920000e+00 -1.880000e+00  0.000000e+00
-1.880000e+00 -1.840000e+00  0.000000e+00
-1.840000e+00 -1.800000e+00 -2.839044e-13
-1.800000e+00 -1.760000e+00  1.685421e-09
-1.760000e+00 -1.720000e+00  3.558389e-08
-1.720000e+00 -1.680000e+00  1.718965e-07
-1.680000e+00 -1.640000e+00  4.746672e-07
-1.640000e+00 -1.600000e+00  9.840189e-07
-1.600000e+00 -1.560000e+00  1.719267e-06
-1.560000e+00 -1.520000e+00  2.590166e-06
-1.520000e+00 -1.480000e+00  3.577995e-06
-1.480000e+00 -1.440000e+00  4.774311e-06
-1.440000e+00 -1.400000e+00  5.940786e-06
-1.400000e+00 -1.360000e+00  7.226630e-06
-1.360000e+00 -1.320000e+00  8.360500e-06
-1.320000e+00 -1.280000e+00  9.706600e-06
-1.280000e+00 -1.240000e+00  1.058248e-05
-1.240000e+00 -1.200000e+00  1.173568e-05
-1.200000e+00 -1.160000e+00  1.261658e-05
-1.160000e+00 -1.120000e+00  1.352516e-05
-1.120000e+00 -1.080000e+00  1.421737e-05
-1.080000e+00 -1.040000e+00  1.461645e-05
-1.040000e+00 -1.000000e+00  1.520350e-05
-1.000000e+00 -9.600000e-01  1.557632e-05
-9.600000e-01 -9.200000e-01  1.569768e-05
-9.200000e-01 -8.800000e-01  1.568183e-05
-8.800000e-01 -8.400000e-01  1.566044e-05
-8.400000e-01 -8.000000e-01  1.534688e-05
-8.000000e-01 -7.600000e-01  1.516479e-05
-7.600000e-01 -7.200000e-01  1.482747e-05
-7.200000e-01 -6.800000e-01  1.441623e-05
-6.800000e-01 -6.400000e-01  1.373152e-05
-6.400000e-01 -6.000000e-01  1.322055e-05
-6.000000e-01 -5.600000e-01  1.256409e-05
-5.600000e-01 -5.200000e-01  1.187563e-05
-5.200000e-01 -4.800000e-01  1.149722e-05
-4.800000e-01 -4.400000e-01  1.038348e-05
-4.400000e-01 -4.000000e-01  9.967016e-06
-4.000000e-01 -3.600000e-01  9.088957e-06
-3.600000e-01 -3.200000e-01  8.378110e-06
-3.200000e-01 -2.800000e-01  7.764222e-06
-2.800000e-01 -2.400000e-01  7.216972e-06
-2.400000e-01 -2.000000e-01  6.319510e-06
-2.000000e-01 -1.600000e-01  5.798795e-06
-1.600000e-01 -1.200000e-01  5.249245e-06
-1.200000e-01 -8.000000e-02  4.704826e-06
-8.000000e-02 -4.000000e-02  4.159980e-06
-4.000000e-02  0.000000e+00  3.701819e-06
 0.000000e+00  4.000000e-02  3.309265e-06
 4.000000e-02  8.000000e-02  2.887267e-06
 8.000000e-02  1.200000e-01  2.738882e-06
 1.200000e-01  1.600000e-01  1.953940e-06
 1.600000e-01  2.000000e-01  1.935724e-06
 2.000000e-01  2.400000e-01  1.694489e-06
 2.400000e-01  2.800000e-01  1.400431e-06
 2.800000e-01  3.200000e-01  1.200583e-06
 3.200000e-01  3.600000e-01  9.959744e-07
 3.600000e-01  4.000000e-01  8.206663e-07
 4.000000e-01  4.400000e-01  6.965354e-07
 4.400000e-01  4.800000e-01  5.911130e-07
 4.800000e-01  5.200000e-01  4.993483e-07
 5.200000e-01  5.600000e-01  3.961952e-07
 5.600000e-01  6.000000e-01  3.211061e-07
 6.000000e-01  6.400000e-01  2.639244e-07
 6.400000e-01  6.800000e-01  2.035647e-07
 6.800000e-01  7.200000e-01  1.703164e-07
 7.200000e-01  7.600000e-01  1.407489e-07
 7.600000e-01  8.000000e-01  9.130098e-08
 8.000000e-01  8.400000e-01  8.063803e-08
 8.400000e-01  8.800000e-01  5.660066e-08
 8.800000e-01  9.200000e-01  4.570905e-08
 9.200000e-01  9.600000e-01  3.411029e-08
 9.600000e-01  1.000000e+00  3.155701e-08
 1.000000e+00  1.040000e+00  1.872562e-08
 1.040000e+00  1.080000e+00  1.318331e-08
 1.080000e+00  1.120000e+00  9.592796e-09
 1.120000e+00  1.160000e+00  5.763489e-09
 1.160000e+00  1.200000e+00  5.018818e-09
 1.200000e+00  1.240000e+00  2.935838e-09
 1.240000e+00  1.280000e+00  1.801839e-09
 1.280000e+00  1.320000e+00  1.166825e-09
 1.320000e+00  1.360000e+00  8.158184e-10
 1.360000e+00  1.400000e+00  4.679596e-10
 1.400000e+00  1.440000e+00  2.343934e-10
 1.440000e+00  1.480000e+00  1.189381e-10
 1.480000e+00  1.520000e+00  8.695227e-11
 1.520000e+00  1.560000e+00  1.697616e-11
 1.560000e+00  1.600000e+00  5.224868e-12
 1.600000e+00  1.640000e+00  2.894256e-12
 1.640000e+00  1.680000e+00  3.063508e-13
 1.680000e+00  1.720000e+00  3.585736e-14
 1.720000e+00  1.760000e+00 -9.547733e-15
 1.760000e+00  1.800000e+00 -2.270153e-16
 1.800000e+00  1.840000e+00 -6.207393e-19
 1.840000e+00  1.880000e+00  0.000000e+00
 1.880000e+00  1.920000e+00  0.000000e+00
 1.920000e+00  1.960000e+00  0.000000e+00
 1.960000e+00  2.000000e+00  0.000000e+00
