1.000000e-003	2.405343e-010	1.106553e-011	-2.403431e-010
1.148154e-003	3.857062e-010	1.783906e-011	-3.853964e-010
1.318257e-003	6.175341e-010	2.873491e-011	-6.170318e-010
1.513561e-003	9.869724e-010	4.624228e-011	-9.861583e-010
1.737801e-003	1.574330e-009	7.433753e-011	-1.573011e-009
1.995262e-003	2.505716e-009	1.193601e-010	-2.503577e-009
2.290868e-003	3.978346e-009	1.913948e-010	-3.974880e-009
2.630268e-003	6.299252e-009	3.064446e-010	-6.293636e-009
3.019952e-003	9.944067e-009	4.898360e-010	-9.934967e-009
3.467369e-003	1.564563e-008	7.815313e-010	-1.563088e-008
3.981072e-003	2.452644e-008	1.244382e-009	-2.450255e-008
4.570882e-003	3.829497e-008	1.976888e-009	-3.825627e-008
5.248075e-003	5.953389e-008	3.132825e-009	-5.947121e-008
6.025596e-003	9.211908e-008	4.951274e-009	-9.201756e-008
6.918310e-003	1.418226e-007	7.802291e-009	-1.416582e-007
7.943282e-003	2.171710e-007	1.225596e-008	-2.169047e-007
9.120108e-003	3.306540e-007	1.918608e-008	-3.302228e-007
1.047129e-002	5.004064e-007	2.992495e-008	-4.997081e-007
1.202264e-002	7.525229e-007	4.649252e-008	-7.513921e-007
1.380384e-002	1.124206e-006	7.193354e-008	-1.122374e-006
1.584893e-002	1.667992e-006	1.108094e-007	-1.665027e-006
1.819701e-002	2.457368e-006	1.699100e-007	-2.452565e-006
2.089296e-002	3.594119e-006	2.592754e-007	-3.586341e-006
2.398833e-002	5.217845e-006	3.936486e-007	-5.205250e-006
2.754229e-002	7.518093e-006	5.945209e-007	-7.497697e-006
3.162278e-002	1.074960e-005	8.929818e-007	-1.071658e-005
3.630781e-002	1.525117e-005	1.333643e-006	-1.519773e-005
4.168694e-002	2.146853e-005	1.979974e-006	-2.138208e-005
4.786301e-002	2.998156e-005	2.921445e-006	-2.984181e-005
5.495409e-002	4.153579e-005	4.282941e-006	-4.131011e-005
6.309573e-002	5.707775e-005	6.236915e-006	-5.671381e-005
7.244360e-002	7.779307e-005	9.018731e-006	-7.720726e-005
8.317638e-002	1.051452e-004	1.294547e-005	-1.042044e-004
9.549926e-002	1.409113e-004	1.843820e-005	-1.394050e-004
1.096478e-001	1.872111e-004	2.604710e-005	-1.848081e-004
1.258925e-001	2.465213e-004	3.647798e-005	-2.427045e-004
1.445440e-001	3.216686e-004	5.061760e-005	-3.156375e-004
1.659587e-001	4.157909e-004	6.955333e-005	-4.063189e-004
1.905461e-001	5.322585e-004	9.458118e-005	-5.174873e-004
2.187762e-001	6.745467e-004	1.271941e-004	-6.516970e-004
2.511886e-001	8.460546e-004	1.690413e-004	-8.110302e-004
2.884032e-001	1.049873e-003	2.218495e-004	-9.967342e-004
3.311311e-001	1.288510e-003	2.872981e-004	-1.208799e-003
3.801894e-001	1.563598e-003	3.668472e-004	-1.445508e-003
4.365158e-001	1.875607e-003	4.615232e-004	-1.703017e-003
5.011872e-001	2.223609e-003	5.716796e-004	-1.975025e-003
5.754399e-001	2.605131e-003	6.967631e-004	-2.252632e-003
6.606934e-001	3.016123e-003	8.351221e-004	-2.524449e-003
7.585776e-001	3.451074e-003	9.839029e-004	-2.777025e-003
8.709636e-001	3.903246e-003	1.139072e-003	-2.995605e-003
1.000000e+000	4.365028e-003	1.295588e-003	-3.165187e-003
1.148154e+000	4.828329e-003	1.447719e-003	-3.271763e-003
1.318257e+000	5.284984e-003	1.589479e-003	-3.303621e-003
1.513561e+000	5.727102e-003	1.715128e-003	-3.252504e-003
1.737801e+000	6.147333e-003	1.819658e-003	-3.114482e-003
1.995262e+000	6.539042e-003	1.899210e-003	-2.890397e-003
2.290868e+000	6.896400e-003	1.951344e-003	-2.585836e-003
2.630268e+000	7.214427e-003	1.975156e-003	-2.210637e-003
3.019952e+000	7.489001e-003	1.971227e-003	-1.778023e-003
3.467369e+000	7.716870e-003	1.941437e-003	-1.303492e-003
3.981072e+000	7.895673e-003	1.888677e-003	-8.036220e-004
4.570882e+000	8.023966e-003	1.816524e-003	-2.949208e-004
5.248075e+000	8.101251e-003	1.728907e-003	2.071614e-004
6.025596e+000	8.127977e-003	1.629816e-003	6.889888e-004
6.918310e+000	8.105526e-003	1.523060e-003	1.139239e-003
7.943282e+000	8.036150e-003	1.412095e-003	1.549151e-003
9.120108e+000	7.922884e-003	1.299918e-003	1.912555e-003
1.047129e+001	7.769417e-003	1.189012e-003	2.225733e-003
1.202264e+001	7.579947e-003	1.081349e-003	2.487157e-003
1.380384e+001	7.359021e-003	9.784112e-004	2.697158e-003
1.584893e+001	7.111381e-003	8.812452e-004	2.857564e-003
1.819701e+001	6.841810e-003	7.905206e-004	2.971343e-003
2.089296e+001	6.555004e-003	7.065952e-004	3.042266e-003
2.398833e+001	6.255460e-003	6.295776e-004	3.074615e-003
2.754229e+001	5.947391e-003	5.593843e-004	3.072929e-003
3.162278e+001	5.634661e-003	4.957901e-004	3.041806e-003
3.630781e+001	5.320741e-003	4.384704e-004	2.985746e-003
4.168694e+001	5.008695e-003	3.870363e-004	2.909031e-003
4.786301e+001	4.701166e-003	3.410620e-004	2.815649e-003
5.495409e+001	4.400389e-003	3.001058e-004	2.709244e-003
6.309573e+001	4.108211e-003	2.637266e-004	2.593085e-003
7.244360e+001	3.826111e-003	2.314951e-004	2.470062e-003
8.317638e+001	3.555236e-003	2.030013e-004	2.342693e-003
9.549926e+001	3.296432e-003	1.778604e-004	2.213138e-003
1.096478e+002	3.050277e-003	1.557150e-004	2.083221e-003
1.258925e+002	2.817117e-003	1.362366e-004	1.954459e-003
1.445440e+002	2.597099e-003	1.191258e-004	1.828093e-003
1.659587e+002	2.390200e-003	1.041113e-004	1.705113e-003
1.905461e+002	2.196257e-003	9.094917e-005	1.586294e-003
2.187762e+002	2.014993e-003	7.942044e-005	1.472217e-003
2.511886e+002	1.846039e-003	6.932981e-005	1.363301e-003
2.884032e+002	1.688954e-003	6.050350e-005	1.259825e-003
3.311311e+002	1.543248e-003	5.278737e-005	1.161950e-003
3.801894e+002	1.408389e-003	4.604505e-005	1.069740e-003
4.365158e+002	1.283824e-003	4.015610e-005	9.831784e-004
5.011872e+002	1.168984e-003	3.501441e-005	9.021832e-004
5.754399e+002	1.063300e-003	3.052657e-005	8.266217e-004
6.606934e+002	9.662023e-004	2.661053e-005	7.563214e-004
7.585776e+002	8.771336e-004	2.319425e-005	6.910796e-004
8.709636e+002	7.955504e-004	2.021460e-005	6.306721e-004
1.000000e+003	7.209273e-004	1.761623e-005	5.748605e-004
