1.000000e-03	4.915138e-02	1.415358e-06	9.804708e-02
1.148154e-03	5.267024e-02	1.740429e-06	1.050260e-01
1.318257e-03	5.644159e-02	2.140007e-06	1.124965e-01
1.513561e-03	6.048366e-02	2.631106e-06	1.204918e-01
1.737801e-03	6.481603e-02	3.234601e-06	1.290474e-01
1.995262e-03	6.945976e-02	3.976089e-06	1.382007e-01
2.290868e-03	7.443743e-02	4.886946e-06	1.479912e-01
2.630268e-03	7.977334e-02	6.005609e-06	1.584604e-01
3.019952e-03	8.549360e-02	7.379139e-06	1.696521e-01
3.467369e-03	9.162629e-02	9.065105e-06	1.816118e-01
3.981072e-03	9.820163e-02	1.113388e-05	1.943872e-01
4.570882e-03	1.052521e-01	1.367140e-05	2.080276e-01
5.248075e-03	1.128128e-01	1.678251e-05	2.225837e-01
6.025596e-03	1.209215e-01	2.059490e-05	2.381076e-01
6.918310e-03	1.296187e-01	2.526393e-05	2.546520e-01
7.943282e-03	1.389483e-01	3.097825e-05	2.722696e-01
9.120108e-03	1.489577e-01	3.796652e-05	2.910124e-01
1.047129e-02	1.596977e-01	4.650521e-05	3.109309e-01
1.202264e-02	1.712235e-01	5.692777e-05	3.320725e-01
1.380384e-02	1.835941e-01	6.963508e-05	3.544801e-01
1.584893e-02	1.968736e-01	8.510741e-05	3.781901e-01
1.819701e-02	2.111306e-01	1.039178e-04	4.032303e-01
2.089296e-02	2.264388e-01	1.267464e-04	4.296165e-01
2.398833e-02	2.428772e-01	1.543964e-04	4.573495e-01
2.754229e-02	2.605300e-01	1.878093e-04	4.864109e-01
3.162278e-02	2.794862e-01	2.280808e-04	5.167584e-01
3.630781e-02	2.998397e-01	2.764731e-04	5.483201e-01
4.168694e-02	3.216876e-01	3.344247e-04	5.809884e-01
4.786301e-02	3.451296e-01	4.035519e-04	6.146128e-01
5.495409e-02	3.702650e-01	4.856407e-04	6.489926e-01
6.309573e-02	3.971902e-01	5.826230e-04	6.838683e-01
7.244360e-02	4.259935e-01	6.965316e-04	7.189133e-01
8.317638e-02	4.567498e-01	8.294288e-04	7.537262e-01
9.549926e-02	4.895120e-01	9.833003e-04	7.878234e-01
1.096478e-01	5.243016e-01	1.159910e-03	8.206338e-01
1.258925e-01	5.610958e-01	1.360609e-03	8.514960e-01
1.445440e-01	5.998132e-01	1.586102e-03	8.796603e-01
1.659587e-01	6.402972e-01	1.836175e-03	9.042955e-01
1.905461e-01	6.822985e-01	2.109396e-03	9.245036e-01
2.187762e-01	7.254574e-01	2.402818e-03	9.393421e-01
2.511886e-01	7.692890e-01	2.711723e-03	9.478565e-01
2.884032e-01	8.131724e-01	3.029448e-03	9.491221e-01
3.311311e-01	8.563485e-01	3.347365e-03	9.422951e-01
3.801894e-01	8.979281e-01	3.655046e-03	9.266706e-01
4.365158e-01	9.369144e-01	3.940680e-03	9.017437e-01
5.011872e-01	9.722404e-01	4.191742e-03	8.672685e-01
5.754399e-01	1.002821e+00	4.395886e-03	8.233092e-01
6.606934e-01	1.027617e+00	4.541988e-03	7.702762e-01
7.585776e-01	1.045707e+00	4.621230e-03	7.089399e-01
8.709636e-01	1.056354e+00	4.628046e-03	6.404191e-01
1.000000e+00	1.059069e+00	4.560802e-03	5.661417e-01
1.148154e+00	1.053648e+00	4.422071e-03	4.877780e-01
1.318257e+00	1.040195e+00	4.218455e-03	4.071540e-01
1.513561e+00	1.019107e+00	3.959960e-03	3.261514e-01
1.737801e+00	9.910460e-01	3.659027e-03	2.466043e-01
1.995262e+00	9.568808e-01	3.329371e-03	1.702043e-01
2.290868e+00	9.176244e-01	2.984798e-03	9.842044e-02
2.630268e+00	8.743630e-01	2.638153e-03	3.244261e-02
3.019952e+00	8.281913e-01	2.300527e-03	-2.685063e-02
3.467369e+00	7.801564e-01	1.980758e-03	-7.889902e-02
3.981072e+00	7.312166e-01	1.685244e-03	-1.234458e-01
4.570882e+00	6.822131e-01	1.418013e-03	-1.605064e-01
5.248075e+00	6.338562e-01	1.180981e-03	-1.903248e-01
6.025596e+00	5.867227e-01	9.743290e-04	-2.133260e-01
6.918310e+00	5.412609e-01	7.969160e-04	-2.300657e-01
7.943282e+00	4.978025e-01	6.466867e-04	-2.411842e-01
9.120108e+00	4.565768e-01	5.210306e-04	-2.473654e-01
1.047129e+01	4.177265e-01	4.170759e-04	-2.493027e-01
1.202264e+01	3.813228e-01	3.319128e-04	-2.476719e-01
1.380384e+01	3.473800e-01	2.627509e-04	-2.431114e-01
1.584893e+01	3.158681e-01	2.070187e-04	-2.362093e-01
1.819701e+01	2.867235e-01	1.624179e-04	-2.274946e-01
2.089296e+01	2.598585e-01	1.269440e-04	-2.174343e-01
2.398833e+01	2.351682e-01	9.888283e-05	-2.064328e-01
2.754229e+01	2.125369e-01	7.679263e-05	-1.948341e-01
3.162278e+01	1.918423e-01	5.947741e-05	-1.829260e-01
3.630781e+01	1.729597e-01	4.595656e-05	-1.709445e-01
4.168694e+01	1.557643e-01	3.543412e-05	-1.590795e-01
4.786301e+01	1.401338e-01	2.726956e-05	-1.474805e-01
5.495409e+01	1.259493e-01	2.095122e-05	-1.362618e-01
6.309573e+01	1.130967e-01	1.607302e-05	-1.255078e-01
7.244360e+01	1.014677e-01	1.231449e-05	-1.152778e-01
8.317638e+01	9.095965e-02	9.423912e-06	-1.056101e-01
9.549926e+01	8.147634e-02	7.204433e-06	-9.652618e-02
1.096478e+02	7.292776e-02	5.502673e-06	-8.803358e-02
1.258925e+02	6.523018e-02	4.199511e-06	-8.012907e-02
1.445440e+02	5.830600e-02	3.202692e-06	-7.280098e-02
1.659587e+02	5.208354e-02	2.440951e-06	-6.603128e-02
1.905461e+02	4.649680e-02	1.859354e-06	-5.979728e-02
2.187762e+02	4.148517e-02	1.415638e-06	-5.407306e-02
2.511886e+02	3.699312e-02	1.077345e-06	-4.883062e-02
2.884032e+02	3.296992e-02	8.195798e-07	-4.404077e-02
3.311311e+02	2.936929e-02	6.232775e-07	-3.967391e-02
3.801894e+02	2.614911e-02	4.738517e-07	-3.570059e-02
4.365158e+02	2.327110e-02	3.601550e-07	-3.209194e-02
5.011872e+02	2.070054e-02	2.736754e-07	-2.882000e-02
5.754399e+02	1.840598e-02	2.079187e-07	-2.585797e-02
6.606934e+02	1.635898e-02	1.579330e-07	-2.318036e-02
7.585776e+02	1.453384e-02	1.199454e-07	-2.076310e-02
8.709636e+02	1.290736e-02	9.108211e-08	-1.858361e-02
1.000000e+03	1.145867e-02	6.915587e-08	-1.662078e-02
