1.000000e-03	-5.361602e-08	-6.882203e-12	-1.300626e-11
1.148154e-03	-6.466081e-08	-9.539235e-12	-1.818814e-11
1.318257e-03	-7.794947e-08	-1.321719e-11	-2.543157e-11
1.513561e-03	-9.392987e-08	-1.830616e-11	-3.555534e-11
1.737801e-03	-1.131372e-07	-2.534434e-11	-4.970283e-11
1.995262e-03	-1.362104e-07	-3.507378e-11	-6.947033e-11
2.290868e-03	-1.639118e-07	-4.851702e-11	-9.708605e-11
2.630268e-03	-1.971498e-07	-6.708216e-11	-1.356595e-10
3.019952e-03	-2.370061e-07	-9.270690e-11	-1.895293e-10
3.467369e-03	-2.847672e-07	-1.280558e-10	-2.647471e-10
3.981072e-03	-3.419613e-07	-1.767901e-10	-3.697519e-10
4.570882e-03	-4.104021e-07	-2.439365e-10	-5.163082e-10
5.248075e-03	-4.922389e-07	-3.363901e-10	-7.208111e-10
6.025596e-03	-5.900156e-07	-4.636008e-10	-1.006101e-09
6.918310e-03	-7.067388e-07	-6.385064e-10	-1.403985e-09
7.943282e-03	-8.459567e-07	-8.788014e-10	-1.958737e-09
9.120108e-03	-1.011850e-06	-1.208659e-09	-2.731954e-09
1.047129e-02	-1.209336e-06	-1.661063e-09	-3.809291e-09
1.202264e-02	-1.444189e-06	-2.280961e-09	-5.309782e-09
1.380384e-02	-1.723172e-06	-3.129516e-09	-7.398744e-09
1.584893e-02	-2.054199e-06	-4.289833e-09	-1.030559e-08
1.819701e-02	-2.446498e-06	-5.874646e-09	-1.434844e-08
2.089296e-02	-2.910812e-06	-8.036608e-09	-1.996796e-08
2.398833e-02	-3.459617e-06	-1.098203e-08	-2.777398e-08
2.754229e-02	-4.107355e-06	-1.498916e-08	-3.860939e-08
3.162278e-02	-4.870699e-06	-2.043240e-08	-5.363766e-08
3.630781e-02	-5.768844e-06	-2.781482e-08	-7.445905e-08
4.168694e-02	-6.823798e-06	-3.780818e-08	-1.032852e-07
4.786301e-02	-8.060714e-06	-5.131053e-08	-1.431434e-07
5.495409e-02	-9.508225e-06	-6.951576e-08	-1.981851e-07
6.309573e-02	-1.119878e-05	-9.400589e-08	-2.740849e-07
7.244360e-02	-1.316901e-05	-1.268686e-07	-3.785780e-07
8.317638e-02	-1.546000e-05	-1.708464e-07	-5.221756e-07
9.549926e-02	-1.811763e-05	-2.295230e-07	-7.191114e-07
1.096478e-01	-2.119279e-05	-3.075550e-07	-9.886014e-07
1.258925e-01	-2.474149e-05	-4.109526e-07	-1.356400e-06
1.445440e-01	-2.882491e-05	-5.474155e-07	-1.856975e-06
1.659587e-01	-3.350919e-05	-7.267233e-07	-2.536119e-06
1.905461e-01	-3.886493e-05	-9.611732e-07	-3.454321e-06
2.187762e-01	-4.496640e-05	-1.266048e-06	-4.690944e-06
2.511886e-01	-5.189007e-05	-1.660079e-06	-6.349341e-06
2.884032e-01	-5.971259e-05	-2.165838e-06	-8.562984e-06
3.311311e-01	-6.850770e-05	-2.809962e-06	-1.150265e-05
3.801894e-01	-7.834260e-05	-3.623059e-06	-1.538462e-05
4.365158e-01	-8.926833e-05	-4.639061e-06	-2.047969e-05
5.011872e-01	-1.013197e-04	-5.893736e-06	-2.712261e-05
5.754399e-01	-1.144963e-04	-7.421912e-06	-3.572119e-05
6.606934e-01	-1.287538e-04	-9.252889e-06	-4.676418e-05
7.585776e-01	-1.439865e-04	-1.140336e-05	-6.082614e-05
8.709636e-01	-1.600061e-04	-1.386701e-05	-7.856750e-05
1.000000e+00	-1.765180e-04	-1.660006e-05	-1.007267e-04
1.148154e+00	-1.930934e-04	-1.950168e-05	-1.281017e-04
1.318257e+00	-2.091385e-04	-2.238881e-05	-1.615178e-04
1.513561e+00	-2.238625e-04	-2.496458e-05	-2.017667e-04
1.737801e+00	-2.362440e-04	-2.678299e-05	-2.495428e-04
1.995262e+00	-2.449984e-04	-2.720617e-05	-3.053330e-04
2.290868e+00	-2.485494e-04	-2.536371e-05	-3.692872e-04
2.630268e+00	-2.450056e-04	-2.011404e-05	-4.410631e-04
3.019952e+00	-2.321731e-04	-1.001619e-05	-5.196500e-04
3.467369e+00	-2.074261e-04	6.680484e-06	-6.031813e-04
3.981072e+00	-1.678718e-04	3.202004e-05	-6.887626e-04
4.570882e+00	-1.102417e-04	6.828989e-05	-7.722699e-04
5.248075e+00	-3.091831e-05	1.179325e-04	-8.485116e-04
6.025596e+00	7.406269e-05	1.834188e-04	-9.107219e-04
6.918310e+00	2.090107e-04	2.670935e-04	-9.511673e-04
7.943282e+00	3.785290e-04	3.710074e-04	-9.610561e-04
9.120108e+00	5.875339e-04	4.967519e-04	-9.312188e-04
1.047129e+01	8.412032e-04	6.453235e-04	-8.521303e-04
1.202264e+01	1.144619e-03	8.170422e-04	-7.147994e-04
1.380384e+01	1.502906e-03	1.011525e-03	-5.110239e-04
1.584893e+01	1.920841e-03	1.227731e-03	-2.343548e-04
1.819701e+01	2.402412e-03	1.464055e-03	1.197270e-04
2.089296e+01	2.951174e-03	1.718447e-03	5.533190e-04
2.398833e+01	3.569048e-03	1.988553e-03	1.065985e-03
2.754229e+01	4.256781e-03	2.271838e-03	1.654647e-03
3.162278e+01	5.013145e-03	2.565688e-03	2.313807e-03
3.630781e+01	5.835727e-03	2.867486e-03	3.035807e-03
4.168694e+01	6.720392e-03	3.174650e-03	3.811325e-03
4.786301e+01	7.661606e-03	3.484667e-03	4.629860e-03
5.495409e+01	8.652677e-03	3.795131e-03	5.480311e-03
6.309573e+01	9.685948e-03	4.103719e-03	6.351212e-03
7.244360e+01	1.075290e-02	4.408250e-03	7.232073e-03
8.317638e+01	1.184646e-02	4.706705e-03	8.112636e-03
9.549926e+01	1.295659e-02	4.997217e-03	8.984775e-03
1.096478e+02	1.407553e-02	5.278157e-03	9.839178e-03
1.258925e+02	1.519540e-02	5.548130e-03	1.067021e-02
1.445440e+02	1.630885e-02	5.805980e-03	1.147292e-02
1.659587e+02	1.740922e-02	6.050807e-03	1.224373e-02
1.905461e+02	1.849051e-02	6.281978e-03	1.298023e-02
2.187762e+02	1.954757e-02	6.499111e-03	1.368113e-02
2.511886e+02	2.057597e-02	6.702042e-03	1.434609e-02
2.884032e+02	2.157149e-02	6.890816e-03	1.497562e-02
3.311311e+02	2.253210e-02	7.065654e-03	1.557080e-02
3.801894e+02	2.345571e-02	7.226931e-03	1.613320e-02
4.365158e+02	2.433920e-02	7.375129e-03	1.666475e-02
5.011872e+02	2.518196e-02	7.510830e-03	1.716760e-02
5.754399e+02	2.598367e-02	7.634687e-03	1.764408e-02
6.606934e+02	2.674372e-02	7.747407e-03	1.809651e-02
7.585776e+02	2.746261e-02	7.849689e-03	1.852725e-02
8.709636e+02	2.814077e-02	7.942295e-03	1.893853e-02
1.000000e+03	2.877877e-02	8.025922e-03	1.933259e-02
