1.000000e-03	2.405443e-10	1.106599e-11	2.350113e-10
1.148154e-03	3.857223e-10	1.783980e-11	3.768024e-10
1.318257e-03	6.175598e-10	2.873611e-11	6.031918e-10
1.513561e-03	9.870135e-10	4.624421e-11	9.638914e-10
1.737801e-03	1.574396e-09	7.434062e-11	1.537226e-09
1.995262e-03	2.505820e-09	1.193651e-10	2.446137e-09
2.290868e-03	3.978510e-09	1.914027e-10	3.882808e-09
2.630268e-03	6.299511e-09	3.064572e-10	6.146282e-09
3.019952e-03	9.944473e-09	4.898562e-10	9.699545e-09
3.467369e-03	1.564626e-08	7.815636e-10	1.525548e-08
3.981072e-03	2.452743e-08	1.244433e-09	2.390521e-08
4.570882e-03	3.829651e-08	1.976969e-09	3.730803e-08
5.248075e-03	5.953627e-08	3.132953e-09	5.796980e-08
6.025596e-03	9.212274e-08	4.951475e-09	8.964701e-08
6.918310e-03	1.418282e-07	7.802607e-09	1.379269e-07
7.943282e-03	2.171796e-07	1.225645e-08	2.110513e-07
9.120108e-03	3.306669e-07	1.918685e-08	3.210734e-07
1.047129e-02	5.004257e-07	2.992614e-08	4.854626e-07
1.202264e-02	7.525516e-07	4.649437e-08	7.293045e-07
1.380384e-02	1.124248e-06	7.193638e-08	1.088280e-06
1.584893e-02	1.668055e-06	1.108137e-07	1.612648e-06
1.819701e-02	2.457458e-06	1.699166e-07	2.372500e-06
2.089296e-02	3.594250e-06	2.592854e-07	3.464607e-06
2.398833e-02	5.218032e-06	3.936636e-07	5.021201e-06
2.754229e-02	7.518358e-06	5.945434e-07	7.221087e-06
3.162278e-02	1.074998e-05	8.930151e-07	1.030347e-05
3.630781e-02	1.525169e-05	1.333692e-06	1.458484e-05
4.168694e-02	2.146925e-05	1.980046e-06	2.047922e-05
4.786301e-02	2.998254e-05	2.921549e-06	2.852177e-05
5.495409e-02	4.153713e-05	4.283092e-06	3.939558e-05
6.309573e-02	5.707955e-05	6.237133e-06	5.396098e-05
7.244360e-02	7.779546e-05	9.019042e-06	7.328594e-05
8.317638e-02	1.051483e-04	1.294591e-05	9.867536e-05
9.549926e-02	1.409154e-04	1.843882e-05	1.316960e-04
1.096478e-01	1.872164e-04	2.604796e-05	1.741925e-04
1.258925e-01	2.465282e-04	3.647916e-05	2.282887e-04
1.445440e-01	3.216773e-04	5.061921e-05	2.963677e-04
1.659587e-01	4.158018e-04	6.955548e-05	3.810240e-04
1.905461e-01	5.322720e-04	9.458403e-05	4.849800e-04
2.187762e-01	6.745631e-04	1.271978e-04	6.109642e-04
2.511886e-01	8.460744e-04	1.690462e-04	7.615513e-04
2.884032e-01	1.049897e-03	2.218557e-04	9.389690e-04
3.311311e-01	1.288538e-03	2.873059e-04	1.144885e-03
3.801894e-01	1.563629e-03	3.668566e-04	1.380201e-03
4.365158e-01	1.875642e-03	4.615345e-04	1.644875e-03
5.011872e-01	2.223650e-03	5.716936e-04	1.937803e-03
5.754399e-01	2.605175e-03	6.967796e-04	2.256785e-03
6.606934e-01	3.016169e-03	8.351398e-04	2.598599e-03
7.585776e-01	3.451122e-03	9.839224e-04	2.959161e-03
8.709636e-01	3.903296e-03	1.139093e-03	3.333749e-03
1.000000e+00	4.365078e-03	1.295612e-03	3.717272e-03
1.148154e+00	4.828370e-03	1.447742e-03	4.104499e-03
1.318257e+00	5.285017e-03	1.589498e-03	4.490268e-03
1.513561e+00	5.727143e-03	1.715145e-03	4.869570e-03
1.737801e+00	6.147388e-03	1.819672e-03	5.237552e-03
1.995262e+00	6.539103e-03	1.899229e-03	5.589488e-03
2.290868e+00	6.896426e-03	1.951292e-03	5.920780e-03
2.630268e+00	7.214431e-03	1.975103e-03	6.226879e-03
3.019952e+00	7.488939e-03	1.971171e-03	6.503354e-03
3.467369e+00	7.716968e-03	1.941380e-03	6.746278e-03
3.981072e+00	7.895824e-03	1.888716e-03	6.951466e-03
4.570882e+00	8.024120e-03	1.816561e-03	7.115839e-03
5.248075e+00	8.101248e-03	1.728943e-03	7.236777e-03
6.025596e+00	8.128001e-03	1.629849e-03	7.313076e-03
6.918310e+00	8.105654e-03	1.523093e-03	7.344108e-03
7.943282e+00	8.036280e-03	1.412128e-03	7.330216e-03
9.120108e+00	7.922975e-03	1.299948e-03	7.273001e-03
1.047129e+01	7.769471e-03	1.189004e-03	7.174969e-03
1.202264e+01	7.580015e-03	1.081379e-03	7.039325e-03
1.380384e+01	7.359092e-03	9.784464e-04	6.869869e-03
1.584893e+01	7.111462e-03	8.812789e-04	6.670822e-03
1.819701e+01	6.841891e-03	7.905522e-04	6.446615e-03
2.089296e+01	6.555079e-03	7.066246e-04	6.201767e-03
2.398833e+01	6.255545e-03	6.296048e-04	5.940742e-03
2.754229e+01	5.947491e-03	5.594088e-04	5.667786e-03
3.162278e+01	5.634767e-03	4.958118e-04	5.386861e-03
3.630781e+01	5.320851e-03	4.384897e-04	5.101606e-03
4.168694e+01	5.008799e-03	3.870534e-04	4.815272e-03
4.786301e+01	4.701265e-03	3.410769e-04	4.530727e-03
5.495409e+01	4.400481e-03	3.001187e-04	4.250422e-03
6.309573e+01	4.108287e-03	2.637377e-04	3.976418e-03
7.244360e+01	3.826189e-03	2.315046e-04	3.710436e-03
8.317638e+01	3.555303e-03	2.030095e-04	3.453798e-03
9.549926e+01	3.296508e-03	1.778674e-04	3.207574e-03
1.096478e+02	3.050344e-03	1.557210e-04	2.972484e-03
1.258925e+02	2.817089e-03	1.362418e-04	2.748968e-03
1.445440e+02	2.597073e-03	1.191304e-04	2.537507e-03
1.659587e+02	2.390172e-03	1.041156e-04	2.338114e-03
1.905461e+02	2.196324e-03	9.095310e-05	2.150847e-03
2.187762e+02	2.015053e-03	7.942402e-05	1.975341e-03
2.511886e+02	1.846082e-03	6.933308e-05	1.811415e-03
2.884032e+02	1.689001e-03	6.050649e-05	1.658748e-03
3.311311e+02	1.543292e-03	5.279008e-05	1.516897e-03
3.801894e+02	1.408444e-03	4.604748e-05	1.385420e-03
4.365158e+02	1.283874e-03	4.015827e-05	1.263795e-03
5.011872e+02	1.169028e-03	3.501633e-05	1.151520e-03
5.754399e+02	1.063340e-03	3.052826e-05	1.048076e-03
6.606934e+02	9.662364e-04	2.661201e-05	9.529304e-04
7.585776e+02	8.771698e-04	2.319555e-05	8.655720e-04
8.709636e+02	7.955806e-04	2.021573e-05	7.854727e-04
1.000000e+03	7.209445e-04	1.761721e-05	7.121359e-04
