-1.000000e+00	-1.000000e+00	 1.274078e-02	 1.500840e-02	 9.333112e-04	 6.850020e-04	 7.325386e-02	 4.564124e-02
-1.000000e+00	-9.000000e-01	 1.222460e-02	 1.480143e-02	 8.954993e-04	 7.027583e-04	 7.325386e-02	 4.747909e-02
-1.000000e+00	-8.000000e-01	 1.175212e-02	 1.458704e-02	 8.608885e-04	 7.158984e-04	 7.325386e-02	 4.907771e-02
-1.000000e+00	-7.000000e-01	 1.128731e-02	 1.432089e-02	 8.268388e-04	 7.236704e-04	 7.325386e-02	 5.053249e-02
-1.000000e+00	-6.000000e-01	 1.090062e-02	 1.412091e-02	 7.985129e-04	 7.308074e-04	 7.325386e-02	 5.175357e-02
-1.000000e+00	-5.000000e-01	 1.055160e-02	 1.393490e-02	 7.729454e-04	 7.362194e-04	 7.325386e-02	 5.283278e-02
-1.000000e+00	-4.000000e-01	 1.022391e-02	 1.374373e-02	 7.489410e-04	 7.395474e-04	 7.325386e-02	 5.380980e-02
-1.000000e+00	-3.000000e-01	 9.918126e-03	 1.355335e-02	 7.265410e-04	 7.413786e-04	 7.325386e-02	 5.470075e-02
-1.000000e+00	-2.000000e-01	 9.629651e-03	 1.336039e-02	 7.054091e-04	 7.417484e-04	 7.325386e-02	 5.551845e-02
-1.000000e+00	-1.000000e-01	 9.358884e-03	 1.317231e-02	 6.855744e-04	 7.409946e-04	 7.325386e-02	 5.625395e-02
-1.000000e+00	 0.000000e+00	 9.103247e-03	 1.298369e-02	 6.668480e-04	 7.392276e-04	 7.325386e-02	 5.693508e-02
-1.000000e+00	 1.000000e-01	 8.862006e-03	 1.278892e-02	 6.491762e-04	 7.366475e-04	 7.325386e-02	 5.760044e-02
-1.000000e+00	 2.000000e-01	 8.632518e-03	 1.260714e-02	 6.323653e-04	 7.332707e-04	 7.325386e-02	 5.816311e-02
-1.000000e+00	 3.000000e-01	 8.415700e-03	 1.242527e-02	 6.164826e-04	 7.294295e-04	 7.325386e-02	 5.870533e-02
-1.000000e+00	 4.000000e-01	 8.210341e-03	 1.224725e-02	 6.014392e-04	 7.251741e-04	 7.325386e-02	 5.921119e-02
-1.000000e+00	 5.000000e-01	 8.014596e-03	 1.207193e-02	 5.871001e-04	 7.199483e-04	 7.325386e-02	 5.963823e-02
-1.000000e+00	 6.000000e-01	 7.827595e-03	 1.189886e-02	 5.734016e-04	 7.148896e-04	 7.325386e-02	 6.008049e-02
-1.000000e+00	 7.000000e-01	 7.650095e-03	 1.173111e-02	 5.603990e-04	 7.096807e-04	 7.325386e-02	 6.049559e-02
-1.000000e+00	 8.000000e-01	 7.480305e-03	 1.156625e-02	 5.479613e-04	 7.046006e-04	 7.325386e-02	 6.091867e-02
-1.000000e+00	 9.000000e-01	 7.318136e-03	 1.140499e-02	 5.360817e-04	 6.989039e-04	 7.325386e-02	 6.128054e-02
-1.000000e+00	 1.000000e+00	 7.163602e-03	 1.124821e-02	 5.247615e-04	 6.931399e-04	 7.325386e-02	 6.162225e-02

-9.000000e-01	-1.000000e+00	 1.239997e-02	 1.494605e-02	 9.562331e-04	 6.948280e-04	 7.711575e-02	 4.648906e-02
-9.000000e-01	-9.000000e-01	 1.189760e-02	 1.471933e-02	 9.174926e-04	 7.135519e-04	 7.711575e-02	 4.847719e-02
-9.000000e-01	-8.000000e-01	 1.143776e-02	 1.448706e-02	 8.820317e-04	 7.275314e-04	 7.711575e-02	 5.021938e-02
-9.000000e-01	-7.000000e-01	 1.098538e-02	 1.420533e-02	 8.471458e-04	 7.360337e-04	 7.711575e-02	 5.181392e-02
-9.000000e-01	-6.000000e-01	 1.060904e-02	 1.399175e-02	 8.181242e-04	 7.438118e-04	 7.711575e-02	 5.316073e-02
-9.000000e-01	-5.000000e-01	 1.026935e-02	 1.379455e-02	 7.919288e-04	 7.497650e-04	 7.711575e-02	 5.435228e-02
-9.000000e-01	-4.000000e-01	 9.950430e-03	 1.359410e-02	 7.673349e-04	 7.535099e-04	 7.711575e-02	 5.542919e-02
-9.000000e-01	-3.000000e-01	 9.652824e-03	 1.339610e-02	 7.443847e-04	 7.556281e-04	 7.711575e-02	 5.640656e-02
-9.000000e-01	-2.000000e-01	 9.372065e-03	 1.319695e-02	 7.227338e-04	 7.562052e-04	 7.711575e-02	 5.730153e-02
-9.000000e-01	-1.000000e-01	 9.108541e-03	 1.300105e-02	 7.024120e-04	 7.556435e-04	 7.711575e-02	 5.812171e-02
-9.000000e-01	 0.000000e+00	 8.859742e-03	 1.280712e-02	 6.832256e-04	 7.540478e-04	 7.711575e-02	 5.887722e-02
-9.000000e-01	 1.000000e-01	 8.624955e-03	 1.261665e-02	 6.651198e-04	 7.516301e-04	 7.711575e-02	 5.957445e-02
-9.000000e-01	 2.000000e-01	 8.401605e-03	 1.242715e-02	 6.478961e-04	 7.483848e-04	 7.711575e-02	 6.022174e-02
-9.000000e-01	 3.000000e-01	 8.190587e-03	 1.224190e-02	 6.316233e-04	 7.446267e-04	 7.711575e-02	 6.082608e-02
-9.000000e-01	 4.000000e-01	 7.990721e-03	 1.206170e-02	 6.162104e-04	 7.404126e-04	 7.711575e-02	 6.138544e-02
-9.000000e-01	 5.000000e-01	 7.800212e-03	 1.188435e-02	 6.015192e-04	 7.357285e-04	 7.711575e-02	 6.190737e-02
-9.000000e-01	 6.000000e-01	 7.618213e-03	 1.170964e-02	 5.874842e-04	 7.306295e-04	 7.711575e-02	 6.239555e-02
-9.000000e-01	 7.000000e-01	 7.445461e-03	 1.154032e-02	 5.741623e-04	 7.253347e-04	 7.711575e-02	 6.285223e-02
-9.000000e-01	 8.000000e-01	 7.280213e-03	 1.137398e-02	 5.614191e-04	 7.197485e-04	 7.711575e-02	 6.328025e-02
-9.000000e-01	 9.000000e-01	 7.122381e-03	 1.121172e-02	 5.492478e-04	 7.139837e-04	 7.711575e-02	 6.368192e-02
-9.000000e-01	 1.000000e+00	 6.971981e-03	 1.105439e-02	 5.376496e-04	 7.081530e-04	 7.711575e-02	 6.406080e-02

-8.000000e-01	-1.000000e+00	 1.207263e-02	 1.489634e-02	 9.733919e-04	 7.046781e-04	 8.062802e-02	 4.730545e-02
-8.000000e-01	-9.000000e-01	 1.158352e-02	 1.464756e-02	 9.339562e-04	 7.240520e-04	 8.062802e-02	 4.943159e-02
-8.000000e-01	-8.000000e-01	 1.113582e-02	 1.439723e-02	 8.978590e-04	 7.385187e-04	 8.062802e-02	 5.129588e-02
-8.000000e-01	-7.000000e-01	 1.069538e-02	 1.410055e-02	 8.623471e-04	 7.473378e-04	 8.062802e-02	 5.300060e-02
-8.000000e-01	-6.000000e-01	 1.032897e-02	 1.387480e-02	 8.328047e-04	 7.553709e-04	 8.062802e-02	 5.444193e-02
-8.000000e-01	-5.000000e-01	 9.998252e-03	 1.366719e-02	 8.061392e-04	 7.615614e-04	 8.062802e-02	 5.572187e-02
-8.000000e-01	-4.000000e-01	 9.687749e-03	 1.345744e-02	 7.811040e-04	 7.655217e-04	 8.062802e-02	 5.688465e-02
-8.000000e-01	-3.000000e-01	 9.397999e-03	 1.325129e-02	 7.577421e-04	 7.678045e-04	 8.062802e-02	 5.794187e-02
-8.000000e-01	-2.000000e-01	 9.124653e-03	 1.304513e-02	 7.357027e-04	 7.684957e-04	 8.062802e-02	 5.891054e-02
-8.000000e-01	-1.000000e-01	 8.868085e-03	 1.284333e-02	 7.150161e-04	 7.680132e-04	 8.062802e-02	 5.979859e-02
-8.000000e-01	 0.000000e+00	 8.625854e-03	 1.264438e-02	 6.954855e-04	 7.664656e-04	 8.062802e-02	 6.061710e-02
-8.000000e-01	 1.000000e-01	 8.397265e-03	 1.244969e-02	 6.770548e-04	 7.640672e-04	 8.062802e-02	 6.137240e-02
-8.000000e-01	 2.000000e-01	 8.179811e-03	 1.225633e-02	 6.595220e-04	 7.608140e-04	 8.062802e-02	 6.207520e-02
-8.000000e-01	 3.000000e-01	 7.974364e-03	 1.206878e-02	 6.429572e-04	 7.570200e-04	 8.062802e-02	 6.272547e-02
-8.000000e-01	 4.000000e-01	 7.779774e-03	 1.188629e-02	 6.272678e-04	 7.527760e-04	 8.062802e-02	 6.333144e-02
-8.000000e-01	 5.000000e-01	 7.594295e-03	 1.170704e-02	 6.123129e-04	 7.480386e-04	 8.062802e-02	 6.389650e-02
-8.000000e-01	 6.000000e-01	 7.417101e-03	 1.153068e-02	 5.980261e-04	 7.428685e-04	 8.062802e-02	 6.442537e-02
-8.000000e-01	 7.000000e-01	 7.248909e-03	 1.136011e-02	 5.844652e-04	 7.374960e-04	 8.062802e-02	 6.491980e-02
-8.000000e-01	 8.000000e-01	 7.088023e-03	 1.119297e-02	 5.714933e-04	 7.318396e-04	 8.062802e-02	 6.538388e-02
-8.000000e-01	 9.000000e-01	 6.934358e-03	 1.103001e-02	 5.591035e-04	 7.260092e-04	 8.062802e-02	 6.582124e-02
-8.000000e-01	 1.000000e+00	 6.787928e-03	 1.087208e-02	 5.472972e-04	 7.201033e-04	 8.062802e-02	 6.623417e-02

-7.000000e-01	-1.000000e+00	 1.174763e-02	 1.484480e-02	 9.869194e-04	 7.160440e-04	 8.401006e-02	 4.823533e-02
-7.000000e-01	-9.000000e-01	 1.127169e-02	 1.457581e-02	 9.469357e-04	 7.356163e-04	 8.401006e-02	 5.046829e-02
-7.000000e-01	-8.000000e-01	 1.083604e-02	 1.430809e-02	 9.103368e-04	 7.502091e-04	 8.401006e-02	 5.243250e-02
-7.000000e-01	-7.000000e-01	 1.040746e-02	 1.399604e-02	 8.743314e-04	 7.590733e-04	 8.401006e-02	 5.423485e-02
-7.000000e-01	-6.000000e-01	 1.005092e-02	 1.375742e-02	 8.443784e-04	 7.671597e-04	 8.401006e-02	 5.576334e-02
-7.000000e-01	-5.000000e-01	 9.729101e-03	 1.353882e-02	 8.173424e-04	 7.733656e-04	 8.401006e-02	 5.712209e-02
-7.000000e-01	-4.000000e-01	 9.426957e-03	 1.331982e-02	 7.919593e-04	 7.773272e-04	 8.401006e-02	 5.835868e-02
-7.000000e-01	-3.000000e-01	 9.145007e-03	 1.310593e-02	 7.682726e-04	 7.795873e-04	 8.401006e-02	 5.948354e-02
-7.000000e-01	-2.000000e-01	 8.879019e-03	 1.289322e-02	 7.459269e-04	 7.802322e-04	 8.401006e-02	 6.051491e-02
-7.000000e-01	-1.000000e-01	 8.629358e-03	 1.268599e-02	 7.249529e-04	 7.796668e-04	 8.401006e-02	 6.145888e-02
-7.000000e-01	 0.000000e+00	 8.393648e-03	 1.248247e-02	 7.051509e-04	 7.780200e-04	 8.401006e-02	 6.232901e-02
-7.000000e-01	 1.000000e-01	 8.171212e-03	 1.228384e-02	 6.864641e-04	 7.755173e-04	 8.401006e-02	 6.313311e-02
-7.000000e-01	 2.000000e-01	 7.959613e-03	 1.208701e-02	 6.686876e-04	 7.721582e-04	 8.401006e-02	 6.388329e-02
-7.000000e-01	 3.000000e-01	 7.759696e-03	 1.189662e-02	 6.518925e-04	 7.682611e-04	 8.401006e-02	 6.457811e-02
-7.000000e-01	 4.000000e-01	 7.570345e-03	 1.171167e-02	 6.359851e-04	 7.639032e-04	 8.401006e-02	 6.522583e-02
-7.000000e-01	 5.000000e-01	 7.389858e-03	 1.153032e-02	 6.208224e-04	 7.590643e-04	 8.401006e-02	 6.583202e-02
-7.000000e-01	 6.000000e-01	 7.217434e-03	 1.135223e-02	 6.063371e-04	 7.537992e-04	 8.401006e-02	 6.640101e-02
-7.000000e-01	 7.000000e-01	 7.053770e-03	 1.118015e-02	 5.925877e-04	 7.483322e-04	 8.401006e-02	 6.693400e-02
-7.000000e-01	 8.000000e-01	 6.897215e-03	 1.101165e-02	 5.794355e-04	 7.425768e-04	 8.401006e-02	 6.743553e-02
-7.000000e-01	 9.000000e-01	 6.747687e-03	 1.084768e-02	 5.668736e-04	 7.364394e-04	 8.401006e-02	 6.788909e-02
-7.000000e-01	 1.000000e+00	 6.605199e-03	 1.068922e-02	 5.549032e-04	 7.304057e-04	 8.401006e-02	 6.833109e-02

-6.000000e-01	-1.000000e+00	 1.141844e-02	 1.477777e-02	 9.977104e-04	 7.289295e-04	 8.737710e-02	 4.932610e-02
-6.000000e-01	-9.000000e-01	 1.095584e-02	 1.448722e-02	 9.572895e-04	 7.483245e-04	 8.737710e-02	 5.165410e-02
-6.000000e-01	-8.000000e-01	 1.053240e-02	 1.420236e-02	 9.202904e-04	 7.627488e-04	 8.737710e-02	 5.370577e-02
-6.000000e-01	-7.000000e-01	 1.011582e-02	 1.387664e-02	 8.838914e-04	 7.713859e-04	 8.737710e-02	 5.558881e-02
-6.000000e-01	-6.000000e-01	 9.769275e-03	 1.362644e-02	 8.536109e-04	 7.792882e-04	 8.737710e-02	 5.718941e-02
-6.000000e-01	-5.000000e-01	 9.456473e-03	 1.339820e-02	 8.262792e-04	 7.853226e-04	 8.737710e-02	 5.861404e-02
-6.000000e-01	-4.000000e-01	 9.162796e-03	 1.317099e-02	 8.006185e-04	 7.890920e-04	 8.737710e-02	 5.991135e-02
-6.000000e-01	-3.000000e-01	 8.888747e-03	 1.295010e-02	 7.766729e-04	 7.911505e-04	 8.737710e-02	 6.109221e-02
-6.000000e-01	-2.000000e-01	 8.630212e-03	 1.273140e-02	 7.540829e-04	 7.915900e-04	 8.737710e-02	 6.217617e-02
-6.000000e-01	-1.000000e-01	 8.387547e-03	 1.251884e-02	 7.328796e-04	 7.908420e-04	 8.737710e-02	 6.317216e-02
-6.000000e-01	 0.000000e+00	 8.158442e-03	 1.231069e-02	 7.128610e-04	 7.890253e-04	 8.737710e-02	 6.409271e-02
-6.000000e-01	 1.000000e-01	 7.942240e-03	 1.210815e-02	 6.939699e-04	 7.863667e-04	 8.737710e-02	 6.494524e-02
-6.000000e-01	 2.000000e-01	 7.736569e-03	 1.190858e-02	 6.759990e-04	 7.828589e-04	 8.737710e-02	 6.573905e-02
-6.000000e-01	 3.000000e-01	 7.542255e-03	 1.171478e-02	 6.590203e-04	 7.788146e-04	 8.737710e-02	 6.648135e-02
-6.000000e-01	 4.000000e-01	 7.358209e-03	 1.152760e-02	 6.429390e-04	 7.743159e-04	 8.737710e-02	 6.717060e-02
-6.000000e-01	 5.000000e-01	 7.182780e-03	 1.134441e-02	 6.276105e-04	 7.693413e-04	 8.737710e-02	 6.781678e-02
-6.000000e-01	 6.000000e-01	 7.015188e-03	 1.116483e-02	 6.129668e-04	 7.639339e-04	 8.737710e-02	 6.842323e-02
-6.000000e-01	 7.000000e-01	 6.856110e-03	 1.099154e-02	 5.990670e-04	 7.583244e-04	 8.737710e-02	 6.899166e-02
-6.000000e-01	 8.000000e-01	 6.703942e-03	 1.082221e-02	 5.857710e-04	 7.524147e-04	 8.737710e-02	 6.952505e-02
-6.000000e-01	 9.000000e-01	 6.558604e-03	 1.065768e-02	 5.730718e-04	 7.463339e-04	 8.737710e-02	 7.002777e-02
-6.000000e-01	 1.000000e+00	 6.420109e-03	 1.049881e-02	 5.609705e-04	 7.401934e-04	 8.737710e-02	 7.050258e-02

-5.000000e-01	-1.000000e+00	 1.110385e-02	 1.471423e-02	 1.004308e-03	 7.411880e-04	 9.044678e-02	 5.037220e-02
-5.000000e-01	-9.000000e-01	 1.065399e-02	 1.440546e-02	 9.636194e-04	 7.600985e-04	 9.044678e-02	 5.276462e-02
-5.000000e-01	-8.000000e-01	 1.024222e-02	 1.410475e-02	 9.263757e-04	 7.740570e-04	 9.044678e-02	 5.487919e-02
-5.000000e-01	-7.000000e-01	 9.837121e-03	 1.376506e-02	 8.897359e-04	 7.822336e-04	 9.044678e-02	 5.682748e-02
-5.000000e-01	-6.000000e-01	 9.500120e-03	 1.350428e-02	 8.592552e-04	 7.897738e-04	 9.044678e-02	 5.848322e-02
-5.000000e-01	-5.000000e-01	 9.195936e-03	 1.326641e-02	 8.317428e-04	 7.954726e-04	 9.044678e-02	 5.996143e-02
-5.000000e-01	-4.000000e-01	 8.910350e-03	 1.303077e-02	 8.059125e-04	 7.989326e-04	 9.044678e-02	 6.131124e-02
-5.000000e-01	-3.000000e-01	 8.643852e-03	 1.280259e-02	 7.818085e-04	 8.007352e-04	 9.044678e-02	 6.254479e-02
-5.000000e-01	-2.000000e-01	 8.392440e-03	 1.257772e-02	 7.590691e-04	 8.009436e-04	 9.044678e-02	 6.367954e-02
-5.000000e-01	-1.000000e-01	 8.156461e-03	 1.235992e-02	 7.377256e-04	 7.999777e-04	 9.044678e-02	 6.472352e-02
-5.000000e-01	 0.000000e+00	 7.933668e-03	 1.214739e-02	 7.175747e-04	 7.979756e-04	 9.044678e-02	 6.569113e-02
-5.000000e-01	 1.000000e-01	 7.723422e-03	 1.194106e-02	 6.985586e-04	 7.951399e-04	 9.044678e-02	 6.658873e-02
-5.000000e-01	 2.000000e-01	 7.523418e-03	 1.173822e-02	 6.804689e-04	 7.914481e-04	 9.044678e-02	 6.742486e-02
-5.000000e-01	 3.000000e-01	 7.334457e-03	 1.154243e-02	 6.633780e-04	 7.872025e-04	 9.044678e-02	 6.820077e-02
-5.000000e-01	 4.000000e-01	 7.155482e-03	 1.135241e-02	 6.471903e-04	 7.824999e-04	 9.044678e-02	 6.892811e-02
-5.000000e-01	 5.000000e-01	 6.984886e-03	 1.116754e-02	 6.317605e-04	 7.773192e-04	 9.044678e-02	 6.960524e-02
-5.000000e-01	 6.000000e-01	 6.821911e-03	 1.098669e-02	 6.170199e-04	 7.717114e-04	 9.044678e-02	 7.024060e-02
-5.000000e-01	 7.000000e-01	 6.667216e-03	 1.081252e-02	 6.030282e-04	 7.659218e-04	 9.044678e-02	 7.083655e-02
-5.000000e-01	 8.000000e-01	 6.519241e-03	 1.064259e-02	 5.896443e-04	 7.593675e-04	 9.044678e-02	 7.135178e-02
-5.000000e-01	 9.000000e-01	 6.377907e-03	 1.047757e-02	 5.768611e-04	 7.531387e-04	 9.044678e-02	 7.188102e-02
-5.000000e-01	 1.000000e+00	 6.243227e-03	 1.031839e-02	 5.646798e-04	 7.468317e-04	 9.044678e-02	 7.237872e-02

-4.000000e-01	-1.000000e+00	 1.080353e-02	 1.465972e-02	 1.009500e-03	 7.554249e-04	 9.344166e-02	 5.153064e-02
-4.000000e-01	-9.000000e-01	 1.036584e-02	 1.433237e-02	 9.686014e-04	 7.735840e-04	 9.344166e-02	 5.397462e-02
-4.000000e-01	-8.000000e-01	 9.965203e-03	 1.401573e-02	 9.311651e-04	 7.869085e-04	 9.344166e-02	 5.614467e-02
-4.000000e-01	-7.000000e-01	 9.571062e-03	 1.366209e-02	 8.943360e-04	 7.944516e-04	 9.344166e-02	 5.815009e-02
-4.000000e-01	-6.000000e-01	 9.243175e-03	 1.338987e-02	 8.636977e-04	 8.015075e-04	 9.344166e-02	 5.985923e-02
-4.000000e-01	-5.000000e-01	 8.947219e-03	 1.314234e-02	 8.360430e-04	 8.067636e-04	 9.344166e-02	 6.138660e-02
-4.000000e-01	-4.000000e-01	 8.669357e-03	 1.289866e-02	 8.100791e-04	 8.097936e-04	 9.344166e-02	 6.278120e-02
-4.000000e-01	-3.000000e-01	 8.410066e-03	 1.266359e-02	 7.858506e-04	 8.111826e-04	 9.344166e-02	 6.405630e-02
-4.000000e-01	-2.000000e-01	 8.165454e-03	 1.243283e-02	 7.629936e-04	 8.110168e-04	 9.344166e-02	 6.523189e-02
-4.000000e-01	-1.000000e-01	 7.935858e-03	 1.220999e-02	 7.415397e-04	 8.097101e-04	 9.344166e-02	 6.631538e-02
-4.000000e-01	 0.000000e+00	 7.719090e-03	 1.199320e-02	 7.212846e-04	 8.073591e-04	 9.344166e-02	 6.731808e-02
-4.000000e-01	 1.000000e-01	 7.514531e-03	 1.178337e-02	 7.021702e-04	 8.041863e-04	 9.344166e-02	 6.824755e-02
-4.000000e-01	 2.000000e-01	 7.319936e-03	 1.157765e-02	 6.839870e-04	 8.001664e-04	 9.344166e-02	 6.911303e-02
-4.000000e-01	 3.000000e-01	 7.136086e-03	 1.137946e-02	 6.668077e-04	 7.956486e-04	 9.344166e-02	 6.991970e-02
-4.000000e-01	 4.000000e-01	 6.961952e-03	 1.118818e-02	 6.505364e-04	 7.905934e-04	 9.344166e-02	 7.066329e-02
-4.000000e-01	 5.000000e-01	 6.795970e-03	 1.100173e-02	 6.350267e-04	 7.851696e-04	 9.344166e-02	 7.136783e-02
-4.000000e-01	 6.000000e-01	 6.637403e-03	 1.081891e-02	 6.202099e-04	 7.793505e-04	 9.344166e-02	 7.203597e-02
-4.000000e-01	 7.000000e-01	 6.486892e-03	 1.064372e-02	 6.061460e-04	 7.730791e-04	 9.344166e-02	 7.263241e-02
-4.000000e-01	 8.000000e-01	 6.342918e-03	 1.047297e-02	 5.926928e-04	 7.667835e-04	 9.344166e-02	 7.321550e-02
-4.000000e-01	 9.000000e-01	 6.205407e-03	 1.030735e-02	 5.798435e-04	 7.603093e-04	 9.344166e-02	 7.376377e-02
-4.000000e-01	 1.000000e+00	 6.074370e-03	 1.014771e-02	 5.675992e-04	 7.536262e-04	 9.344166e-02	 7.426564e-02

-3.000000e-01	-1.000000e+00	 1.051774e-02	 1.461156e-02	 1.012125e-03	 7.693218e-04	 9.623026e-02	 5.265159e-02
-3.000000e-01	-9.000000e-01	 1.009163e-02	 1.426540e-02	 9.711202e-04	 7.865815e-04	 9.623026e-02	 5.513911e-02
-3.000000e-01	-8.000000e-01	 9.701590e-03	 1.393320e-02	 9.335865e-04	 7.990747e-04	 9.623026e-02	 5.735043e-02
-3.000000e-01	-7.000000e-01	 9.317875e-03	 1.356655e-02	 8.966616e-04	 8.058178e-04	 9.623026e-02	 5.939742e-02
-3.000000e-01	-6.000000e-01	 8.998662e-03	 1.328355e-02	 8.659436e-04	 8.122139e-04	 9.623026e-02	 6.114433e-02
-3.000000e-01	-5.000000e-01	 8.710535e-03	 1.302688e-02	 8.382171e-04	 8.169057e-04	 9.623026e-02	 6.270926e-02
-3.000000e-01	-4.000000e-01	 8.440023e-03	 1.277535e-02	 8.121857e-04	 8.194271e-04	 9.623026e-02	 6.414128e-02
-3.000000e-01	-3.000000e-01	 8.187592e-03	 1.253361e-02	 7.878941e-04	 8.203637e-04	 9.623026e-02	 6.545311e-02
-3.000000e-01	-2.000000e-01	 7.949450e-03	 1.229719e-02	 7.649777e-04	 8.197857e-04	 9.623026e-02	 6.666450e-02
-3.000000e-01	-1.000000e-01	 7.725927e-03	 1.206953e-02	 7.434680e-04	 8.181202e-04	 9.623026e-02	 6.778392e-02
-3.000000e-01	 0.000000e+00	 7.514894e-03	 1.184866e-02	 7.231602e-04	 8.154219e-04	 9.623026e-02	 6.881975e-02
-3.000000e-01	 1.000000e-01	 7.315746e-03	 1.163540e-02	 7.039962e-04	 8.119147e-04	 9.623026e-02	 6.977970e-02
-3.000000e-01	 2.000000e-01	 7.126299e-03	 1.142689e-02	 6.857657e-04	 8.076194e-04	 9.623026e-02	 7.067710e-02
-3.000000e-01	 3.000000e-01	 6.947312e-03	 1.122635e-02	 6.685417e-04	 8.028490e-04	 9.623026e-02	 7.151467e-02
-3.000000e-01	 4.000000e-01	 6.777785e-03	 1.103308e-02	 6.522280e-04	 7.976715e-04	 9.623026e-02	 7.229818e-02
-3.000000e-01	 5.000000e-01	 6.616194e-03	 1.084496e-02	 6.366781e-04	 7.917971e-04	 9.623026e-02	 7.301060e-02
-3.000000e-01	 6.000000e-01	 6.461821e-03	 1.066150e-02	 6.218227e-04	 7.857578e-04	 9.623026e-02	 7.370049e-02
-3.000000e-01	 7.000000e-01	 6.315292e-03	 1.048443e-02	 6.077222e-04	 7.796924e-04	 9.623026e-02	 7.436667e-02
-3.000000e-01	 8.000000e-01	 6.175127e-03	 1.031281e-02	 5.942341e-04	 7.732011e-04	 9.623026e-02	 7.497486e-02
-3.000000e-01	 9.000000e-01	 6.041253e-03	 1.014651e-02	 5.813514e-04	 7.665452e-04	 9.623026e-02	 7.554766e-02
-3.000000e-01	 1.000000e+00	 5.913683e-03	 9.986334e-03	 5.690752e-04	 7.598350e-04	 9.623026e-02	 7.608748e-02

-2.000000e-01	-1.000000e+00	 1.024433e-02	 1.456712e-02	 1.013848e-03	 7.851938e-04	 9.896679e-02	 5.390179e-02
-2.000000e-01	-9.000000e-01	 9.829295e-03	 1.420330e-02	 9.727737e-04	 8.013264e-04	 9.896679e-02	 5.641832e-02
-2.000000e-01	-8.000000e-01	 9.449395e-03	 1.385624e-02	 9.351762e-04	 8.128255e-04	 9.896679e-02	 5.866134e-02
-2.000000e-01	-7.000000e-01	 9.075655e-03	 1.347733e-02	 8.981884e-04	 8.186222e-04	 9.896679e-02	 6.074067e-02
-2.000000e-01	-6.000000e-01	 8.764740e-03	 1.318324e-02	 8.674181e-04	 8.242586e-04	 9.896679e-02	 6.252323e-02
-2.000000e-01	-5.000000e-01	 8.484103e-03	 1.291763e-02	 8.396444e-04	 8.282906e-04	 9.896679e-02	 6.412097e-02
-2.000000e-01	-4.000000e-01	 8.220623e-03	 1.265857e-02	 8.135686e-04	 8.302322e-04	 9.896679e-02	 6.558659e-02
-2.000000e-01	-3.000000e-01	 7.974753e-03	 1.241047e-02	 7.892357e-04	 8.306272e-04	 9.896679e-02	 6.692957e-02
-2.000000e-01	-2.000000e-01	 7.742802e-03	 1.216870e-02	 7.662803e-04	 8.295224e-04	 9.896679e-02	 6.816853e-02
-2.000000e-01	-1.000000e-01	 7.525090e-03	 1.193658e-02	 7.447340e-04	 8.273564e-04	 9.896679e-02	 6.931266e-02
-2.000000e-01	 0.000000e+00	 7.319543e-03	 1.171189e-02	 7.243916e-04	 8.242213e-04	 9.896679e-02	 7.037476e-02
-2.000000e-01	 1.000000e-01	 7.125571e-03	 1.149533e-02	 7.051949e-04	 8.203453e-04	 9.896679e-02	 7.136336e-02
-2.000000e-01	 2.000000e-01	 6.941049e-03	 1.128401e-02	 6.869333e-04	 8.157033e-04	 9.896679e-02	 7.228840e-02
-2.000000e-01	 3.000000e-01	 6.766715e-03	 1.108112e-02	 6.696801e-04	 8.106001e-04	 9.896679e-02	 7.315148e-02
-2.000000e-01	 4.000000e-01	 6.601595e-03	 1.088583e-02	 6.533386e-04	 8.051031e-04	 9.896679e-02	 7.395885e-02
-2.000000e-01	 5.000000e-01	 6.444204e-03	 1.069602e-02	 6.377622e-04	 7.986405e-04	 9.896679e-02	 7.466710e-02
-2.000000e-01	 6.000000e-01	 6.293845e-03	 1.051116e-02	 6.228816e-04	 7.923114e-04	 9.896679e-02	 7.537808e-02
-2.000000e-01	 7.000000e-01	 6.151124e-03	 1.033371e-02	 6.087570e-04	 7.858522e-04	 9.896679e-02	 7.604747e-02
-2.000000e-01	 8.000000e-01	 6.014603e-03	 1.016032e-02	 5.952459e-04	 7.791798e-04	 9.896679e-02	 7.668855e-02
-2.000000e-01	 9.000000e-01	 5.884209e-03	 9.993269e-03	 5.823413e-04	 7.729564e-04	 9.896679e-02	 7.734771e-02
-2.000000e-01	 1.000000e+00	 5.759955e-03	 9.832584e-03	 5.700442e-04	 7.661172e-04	 9.896679e-02	 7.791616e-02

-1.000000e-01	-1.000000e+00	 9.983698e-03	 1.452705e-02	 1.013588e-03	 8.004255e-04	 1.015243e-01	 5.509897e-02
-1.000000e-01	-9.000000e-01	 9.579222e-03	 1.414590e-02	 9.725236e-04	 8.153158e-04	 1.015243e-01	 5.763619e-02
-1.000000e-01	-8.000000e-01	 9.208987e-03	 1.378423e-02	 9.349358e-04	 8.257091e-04	 1.015243e-01	 5.990246e-02
-1.000000e-01	-7.000000e-01	 8.844756e-03	 1.339309e-02	 8.979574e-04	 8.304717e-04	 1.015243e-01	 6.200746e-02
-1.000000e-01	-6.000000e-01	 8.541751e-03	 1.308913e-02	 8.671951e-04	 8.352966e-04	 1.015243e-01	 6.381606e-02
-1.000000e-01	-5.000000e-01	 8.268253e-03	 1.281515e-02	 8.394285e-04	 8.386338e-04	 1.015243e-01	 6.544081e-02
-1.000000e-01	-4.000000e-01	 8.011477e-03	 1.254901e-02	 8.133594e-04	 8.399188e-04	 1.015243e-01	 6.693107e-02
-1.000000e-01	-3.000000e-01	 7.771863e-03	 1.229494e-02	 7.890328e-04	 8.397294e-04	 1.015243e-01	 6.829878e-02
-1.000000e-01	-2.000000e-01	 7.545813e-03	 1.204803e-02	 7.660832e-04	 8.381044e-04	 1.015243e-01	 6.956362e-02
-1.000000e-01	-1.000000e-01	 7.333640e-03	 1.181145e-02	 7.445425e-04	 8.354720e-04	 1.015243e-01	 7.073407e-02
-1.000000e-01	 0.000000e+00	 7.133322e-03	 1.158296e-02	 7.242054e-04	 8.319086e-04	 1.015243e-01	 7.182175e-02
-1.000000e-01	 1.000000e-01	 6.944285e-03	 1.136317e-02	 7.050136e-04	 8.276208e-04	 1.015243e-01	 7.283359e-02
-1.000000e-01	 2.000000e-01	 6.764458e-03	 1.114905e-02	 6.867567e-04	 8.225815e-04	 1.015243e-01	 7.378041e-02
-1.000000e-01	 3.000000e-01	 6.594559e-03	 1.094374e-02	 6.695079e-04	 8.171123e-04	 1.015243e-01	 7.466482e-02
-1.000000e-01	 4.000000e-01	 6.433639e-03	 1.074643e-02	 6.531706e-04	 8.112828e-04	 1.015243e-01	 7.549322e-02
-1.000000e-01	 5.000000e-01	 6.280253e-03	 1.055494e-02	 6.375982e-04	 8.044759e-04	 1.015243e-01	 7.621796e-02
-1.000000e-01	 6.000000e-01	 6.133719e-03	 1.036859e-02	 6.227214e-04	 7.978631e-04	 1.015243e-01	 7.695004e-02
-1.000000e-01	 7.000000e-01	 5.994630e-03	 1.018990e-02	 6.086005e-04	 7.911470e-04	 1.015243e-01	 7.764035e-02
-1.000000e-01	 8.000000e-01	 5.861582e-03	 1.001641e-02	 5.950929e-04	 7.842295e-04	 1.015243e-01	 7.829450e-02
-1.000000e-01	 9.000000e-01	 5.734505e-03	 9.847953e-03	 5.821915e-04	 7.771928e-04	 1.015243e-01	 7.891922e-02
-1.000000e-01	 1.000000e+00	 5.613413e-03	 9.686811e-03	 5.698977e-04	 7.701455e-04	 1.015243e-01	 7.950455e-02

 0.000000e+00	-1.000000e+00	 9.734609e-03	 1.448991e-02	 1.012442e-03	 8.166447e-04	 1.040044e-01	 5.635955e-02
 0.000000e+00	-9.000000e-01	 9.340224e-03	 1.409237e-02	 9.714245e-04	 8.301870e-04	 1.040044e-01	 5.891038e-02
 0.000000e+00	-8.000000e-01	 8.979226e-03	 1.371765e-02	 9.338791e-04	 8.394030e-04	 1.040044e-01	 6.119147e-02
 0.000000e+00	-7.000000e-01	 8.624082e-03	 1.331435e-02	 8.969426e-04	 8.430487e-04	 1.040044e-01	 6.331879e-02
 0.000000e+00	-6.000000e-01	 8.328637e-03	 1.300086e-02	 8.662150e-04	 8.469619e-04	 1.040044e-01	 6.514662e-02
 0.000000e+00	-5.000000e-01	 8.061964e-03	 1.271887e-02	 8.384797e-04	 8.494840e-04	 1.040044e-01	 6.678929e-02
 0.000000e+00	-4.000000e-01	 7.811594e-03	 1.244578e-02	 8.124402e-04	 8.500358e-04	 1.040044e-01	 6.829914e-02
 0.000000e+00	-3.000000e-01	 7.577958e-03	 1.218573e-02	 7.881410e-04	 8.491816e-04	 1.040044e-01	 6.968658e-02
 0.000000e+00	-2.000000e-01	 7.357548e-03	 1.193371e-02	 7.652174e-04	 8.469580e-04	 1.040044e-01	 7.097190e-02
 0.000000e+00	-1.000000e-01	 7.150668e-03	 1.169275e-02	 7.437010e-04	 8.437716e-04	 1.040044e-01	 7.216196e-02
 0.000000e+00	 0.000000e+00	 6.955348e-03	 1.146050e-02	 7.233869e-04	 8.396962e-04	 1.040044e-01	 7.326874e-02
 0.000000e+00	 1.000000e-01	 6.771028e-03	 1.123748e-02	 7.042168e-04	 8.349496e-04	 1.040044e-01	 7.430041e-02
 0.000000e+00	 2.000000e-01	 6.595687e-03	 1.102063e-02	 6.859805e-04	 8.294894e-04	 1.040044e-01	 7.526695e-02
 0.000000e+00	 3.000000e-01	 6.430027e-03	 1.081286e-02	 6.687512e-04	 8.236339e-04	 1.040044e-01	 7.617171e-02
 0.000000e+00	 4.000000e-01	 6.273123e-03	 1.061345e-02	 6.524324e-04	 8.174476e-04	 1.040044e-01	 7.701996e-02
 0.000000e+00	 5.000000e-01	 6.123563e-03	 1.042024e-02	 6.368776e-04	 8.107301e-04	 1.040044e-01	 7.780340e-02
 0.000000e+00	 6.000000e-01	 5.980685e-03	 1.023265e-02	 6.220176e-04	 8.040046e-04	 1.040044e-01	 7.857250e-02
 0.000000e+00	 7.000000e-01	 5.845066e-03	 1.005297e-02	 6.079126e-04	 7.970330e-04	 1.040044e-01	 7.928330e-02
 0.000000e+00	 8.000000e-01	 5.715338e-03	 9.878715e-03	 5.944203e-04	 7.898647e-04	 1.040044e-01	 7.995622e-02
 0.000000e+00	 9.000000e-01	 5.591432e-03	 9.710442e-03	 5.815335e-04	 7.825961e-04	 1.040044e-01	 8.059325e-02
 0.000000e+00	 1.000000e+00	 5.473360e-03	 9.548066e-03	 5.692536e-04	 7.753307e-04	 1.040044e-01	 8.120290e-02

 1.000000e-01	-1.000000e+00	 9.496596e-03	 1.445637e-02	 1.009817e-03	 8.322818e-04	 1.063347e-01	 5.757200e-02
 1.000000e-01	-9.000000e-01	 9.111854e-03	 1.404311e-02	 9.689058e-04	 8.443668e-04	 1.063347e-01	 6.012675e-02
 1.000000e-01	-8.000000e-01	 8.759682e-03	 1.365513e-02	 9.314578e-04	 8.522987e-04	 1.063347e-01	 6.241601e-02
 1.000000e-01	-7.000000e-01	 8.413222e-03	 1.324057e-02	 8.946170e-04	 8.547263e-04	 1.063347e-01	 6.455359e-02
 1.000000e-01	-6.000000e-01	 8.125001e-03	 1.291786e-02	 8.639691e-04	 8.576544e-04	 1.063347e-01	 6.639294e-02
 1.000000e-01	-5.000000e-01	 7.864847e-03	 1.262802e-02	 8.363058e-04	 8.593366e-04	 1.063347e-01	 6.804998e-02
 1.000000e-01	-4.000000e-01	 7.620599e-03	 1.234825e-02	 8.103337e-04	 8.591411e-04	 1.063347e-01	 6.957596e-02
 1.000000e-01	-3.000000e-01	 7.392675e-03	 1.208243e-02	 7.860975e-04	 8.576238e-04	 1.063347e-01	 7.098105e-02
 1.000000e-01	-2.000000e-01	 7.177655e-03	 1.182547e-02	 7.632334e-04	 8.547985e-04	 1.063347e-01	 7.228456e-02
 1.000000e-01	-1.000000e-01	 6.975833e-03	 1.158023e-02	 7.417727e-04	 8.510664e-04	 1.063347e-01	 7.349304e-02
 1.000000e-01	 0.000000e+00	 6.785289e-03	 1.134411e-02	 7.215113e-04	 8.464967e-04	 1.063347e-01	 7.461995e-02
 1.000000e-01	 1.000000e-01	 6.605475e-03	 1.111778e-02	 7.023909e-04	 8.412933e-04	 1.063347e-01	 7.567100e-02
 1.000000e-01	 2.000000e-01	 6.434422e-03	 1.089811e-02	 6.842020e-04	 8.354126e-04	 1.063347e-01	 7.665663e-02
 1.000000e-01	 3.000000e-01	 6.272812e-03	 1.068814e-02	 6.670173e-04	 8.291741e-04	 1.063347e-01	 7.757888e-02
 1.000000e-01	 4.000000e-01	 6.119744e-03	 1.048697e-02	 6.507408e-04	 8.226373e-04	 1.063347e-01	 7.844377e-02
 1.000000e-01	 5.000000e-01	 5.973841e-03	 1.029228e-02	 6.352263e-04	 8.157523e-04	 1.063347e-01	 7.925867e-02
 1.000000e-01	 6.000000e-01	 5.834456e-03	 1.010346e-02	 6.204049e-04	 8.085592e-04	 1.063347e-01	 8.002792e-02
 1.000000e-01	 7.000000e-01	 5.702153e-03	 9.922785e-03	 6.063364e-04	 8.012968e-04	 1.063347e-01	 8.075321e-02
 1.000000e-01	 8.000000e-01	 5.575596e-03	 9.747744e-03	 5.928791e-04	 7.938629e-04	 1.063347e-01	 8.144068e-02
 1.000000e-01	 9.000000e-01	 5.454720e-03	 9.578841e-03	 5.800258e-04	 7.863476e-04	 1.063347e-01	 8.209214e-02
 1.000000e-01	 1.000000e+00	 5.339535e-03	 9.416757e-03	 5.677776e-04	 7.788502e-04	 1.063347e-01	 8.270896e-02

 2.000000e-01	-1.000000e+00	 9.267988e-03	 1.442456e-02	 1.007192e-03	 8.504808e-04	 1.086743e-01	 5.896059e-02
 2.000000e-01	-9.000000e-01	 8.892508e-03	 1.399663e-02	 9.663871e-04	 8.608642e-04	 1.086743e-01	 6.150511e-02
 2.000000e-01	-8.000000e-01	 8.548814e-03	 1.359561e-02	 9.290364e-04	 8.673090e-04	 1.086743e-01	 6.379331e-02
 2.000000e-01	-7.000000e-01	 8.210694e-03	 1.317027e-02	 8.922915e-04	 8.683820e-04	 1.086743e-01	 6.593500e-02
 2.000000e-01	-6.000000e-01	 7.929410e-03	 1.283869e-02	 8.617232e-04	 8.702454e-04	 1.086743e-01	 6.778304e-02
 2.000000e-01	-5.000000e-01	 7.675520e-03	 1.254132e-02	 8.341318e-04	 8.710135e-04	 1.086743e-01	 6.945147e-02
 2.000000e-01	-4.000000e-01	 7.437151e-03	 1.225503e-02	 8.082273e-04	 8.699857e-04	 1.086743e-01	 7.099007e-02
 2.000000e-01	-3.000000e-01	 7.214714e-03	 1.198356e-02	 7.840541e-04	 8.677074e-04	 1.086743e-01	 7.240817e-02
 2.000000e-01	-2.000000e-01	 7.004870e-03	 1.172161e-02	 7.612494e-04	 8.641831e-04	 1.086743e-01	 7.372561e-02
 2.000000e-01	-1.000000e-01	 6.807906e-03	 1.147204e-02	 7.398445e-04	 8.598198e-04	 1.086743e-01	 7.494913e-02
 2.000000e-01	 0.000000e+00	 6.621949e-03	 1.123237e-02	 7.196357e-04	 8.546722e-04	 1.086743e-01	 7.609008e-02
 2.000000e-01	 1.000000e-01	 6.446464e-03	 1.100309e-02	 7.005650e-04	 8.489417e-04	 1.086743e-01	 7.715484e-02
 2.000000e-01	 2.000000e-01	 6.279528e-03	 1.078097e-02	 6.824234e-04	 8.425745e-04	 1.086743e-01	 7.815389e-02
 2.000000e-01	 3.000000e-01	 6.121809e-03	 1.056889e-02	 6.652834e-04	 8.358891e-04	 1.086743e-01	 7.908957e-02
 2.000000e-01	 4.000000e-01	 5.972425e-03	 1.036589e-02	 6.490492e-04	 8.289434e-04	 1.086743e-01	 7.996840e-02
 2.000000e-01	 5.000000e-01	 5.830035e-03	 1.016968e-02	 6.335750e-04	 8.216808e-04	 1.086743e-01	 8.079711e-02
 2.000000e-01	 6.000000e-01	 5.694005e-03	 9.979631e-03	 6.187921e-04	 8.141396e-04	 1.086743e-01	 8.158013e-02
 2.000000e-01	 7.000000e-01	 5.564887e-03	 9.797937e-03	 6.047603e-04	 8.065522e-04	 1.086743e-01	 8.231858e-02
 2.000000e-01	 8.000000e-01	 5.441377e-03	 9.622078e-03	 5.913379e-04	 7.988062e-04	 1.086743e-01	 8.301805e-02
 2.000000e-01	 9.000000e-01	 5.323411e-03	 9.452611e-03	 5.785180e-04	 7.909992e-04	 1.086743e-01	 8.368050e-02
 2.000000e-01	 1.000000e+00	 5.210999e-03	 9.290114e-03	 5.663017e-04	 7.832309e-04	 1.086743e-01	 8.430799e-02

 3.000000e-01	-1.000000e+00	 9.049586e-03	 1.439595e-02	 1.003034e-03	 8.665066e-04	 1.108376e-01	 6.019099e-02
 3.000000e-01	-9.000000e-01	 8.682954e-03	 1.395322e-02	 9.623975e-04	 8.753222e-04	 1.108376e-01	 6.273265e-02
 3.000000e-01	-8.000000e-01	 8.347360e-03	 1.354008e-02	 9.252010e-04	 8.804179e-04	 1.108376e-01	 6.502307e-02
 3.000000e-01	-7.000000e-01	 8.017207e-03	 1.310437e-02	 8.886077e-04	 8.802211e-04	 1.108376e-01	 6.717006e-02
 3.000000e-01	-6.000000e-01	 7.742552e-03	 1.276426e-02	 8.581657e-04	 8.810460e-04	 1.108376e-01	 6.902447e-02
 3.000000e-01	-5.000000e-01	 7.494645e-03	 1.245950e-02	 8.306882e-04	 8.808958e-04	 1.108376e-01	 7.070076e-02
 3.000000e-01	-4.000000e-01	 7.261893e-03	 1.216675e-02	 8.048906e-04	 8.790480e-04	 1.108376e-01	 7.225000e-02
 3.000000e-01	-3.000000e-01	 7.044698e-03	 1.188974e-02	 7.808172e-04	 8.760361e-04	 1.108376e-01	 7.368003e-02
 3.000000e-01	-2.000000e-01	 6.839799e-03	 1.162312e-02	 7.581066e-04	 8.718472e-04	 1.108376e-01	 7.500976e-02
 3.000000e-01	-1.000000e-01	 6.647477e-03	 1.136959e-02	 7.367902e-04	 8.668797e-04	 1.108376e-01	 7.624545e-02
 3.000000e-01	 0.000000e+00	 6.465901e-03	 1.112655e-02	 7.166648e-04	 8.611806e-04	 1.108376e-01	 7.739869e-02
 3.000000e-01	 1.000000e-01	 6.294552e-03	 1.089433e-02	 6.976728e-04	 8.549461e-04	 1.108376e-01	 7.847628e-02
 3.000000e-01	 2.000000e-01	 6.131550e-03	 1.066970e-02	 6.796061e-04	 8.481158e-04	 1.108376e-01	 7.948826e-02
 3.000000e-01	 3.000000e-01	 5.977547e-03	 1.045551e-02	 6.625368e-04	 8.410106e-04	 1.108376e-01	 8.043705e-02
 3.000000e-01	 4.000000e-01	 5.831684e-03	 1.025075e-02	 6.463697e-04	 8.336823e-04	 1.108376e-01	 8.132891e-02
 3.000000e-01	 5.000000e-01	 5.692649e-03	 1.005314e-02	 6.309594e-04	 8.260698e-04	 1.108376e-01	 8.217031e-02
 3.000000e-01	 6.000000e-01	 5.559825e-03	 9.861959e-03	 6.162375e-04	 8.182012e-04	 1.108376e-01	 8.296538e-02
 3.000000e-01	 7.000000e-01	 5.433750e-03	 9.679331e-03	 6.022636e-04	 8.103069e-04	 1.108376e-01	 8.371517e-02
 3.000000e-01	 8.000000e-01	 5.313150e-03	 9.502711e-03	 5.888967e-04	 8.022765e-04	 1.108376e-01	 8.442606e-02
 3.000000e-01	 9.000000e-01	 5.197964e-03	 9.332590e-03	 5.761296e-04	 7.941993e-04	 1.108376e-01	 8.509956e-02
 3.000000e-01	 1.000000e+00	 5.088201e-03	 9.169589e-03	 5.639638e-04	 7.861869e-04	 1.108376e-01	 8.573851e-02

 4.000000e-01	-1.000000e+00	 8.840850e-03	 1.436976e-02	 9.985430e-04	 8.838354e-04	 1.129465e-01	 6.150664e-02
 4.000000e-01	-9.000000e-01	 8.482675e-03	 1.391311e-02	 9.580884e-04	 8.909281e-04	 1.129465e-01	 6.403515e-02
 4.000000e-01	-8.000000e-01	 8.154821e-03	 1.348828e-02	 9.210585e-04	 8.945074e-04	 1.129465e-01	 6.631740e-02
 4.000000e-01	-7.000000e-01	 7.832284e-03	 1.304248e-02	 8.846290e-04	 8.928982e-04	 1.129465e-01	 6.846078e-02
 4.000000e-01	-6.000000e-01	 7.563964e-03	 1.269393e-02	 8.543233e-04	 8.926071e-04	 1.129465e-01	 7.031764e-02
 4.000000e-01	-5.000000e-01	 7.321775e-03	 1.238196e-02	 8.269688e-04	 8.914882e-04	 1.129465e-01	 7.199894e-02
 4.000000e-01	-4.000000e-01	 7.094392e-03	 1.208309e-02	 8.012867e-04	 8.887595e-04	 1.129465e-01	 7.355399e-02
 4.000000e-01	-3.000000e-01	 6.882206e-03	 1.180079e-02	 7.773211e-04	 8.849614e-04	 1.129465e-01	 7.499168e-02
 4.000000e-01	-2.000000e-01	 6.682033e-03	 1.152964e-02	 7.547122e-04	 8.800545e-04	 1.129465e-01	 7.632972e-02
 4.000000e-01	-1.000000e-01	 6.494147e-03	 1.127224e-02	 7.334912e-04	 8.744346e-04	 1.129465e-01	 7.757415e-02
 4.000000e-01	 0.000000e+00	 6.316760e-03	 1.102591e-02	 7.134559e-04	 8.681431e-04	 1.129465e-01	 7.873661e-02
 4.000000e-01	 1.000000e-01	 6.149363e-03	 1.079088e-02	 6.945490e-04	 8.613715e-04	 1.129465e-01	 7.982400e-02
 4.000000e-01	 2.000000e-01	 5.990121e-03	 1.056391e-02	 6.765632e-04	 8.540474e-04	 1.129465e-01	 8.084574e-02
 4.000000e-01	 3.000000e-01	 5.839671e-03	 1.034779e-02	 6.595703e-04	 8.464898e-04	 1.129465e-01	 8.180389e-02
 4.000000e-01	 4.000000e-01	 5.697172e-03	 1.014140e-02	 6.434756e-04	 8.387445e-04	 1.129465e-01	 8.270498e-02
 4.000000e-01	 5.000000e-01	 5.561344e-03	 9.942395e-03	 6.281343e-04	 8.307485e-04	 1.129465e-01	 8.355617e-02
 4.000000e-01	 6.000000e-01	 5.431583e-03	 9.750012e-03	 6.134783e-04	 8.225297e-04	 1.129465e-01	 8.436192e-02
 4.000000e-01	 7.000000e-01	 5.308416e-03	 9.566376e-03	 5.995670e-04	 8.143144e-04	 1.129465e-01	 8.512255e-02
 4.000000e-01	 8.000000e-01	 5.190598e-03	 9.388973e-03	 5.862599e-04	 8.059845e-04	 1.129465e-01	 8.584373e-02
 4.000000e-01	 9.000000e-01	 5.078068e-03	 9.218237e-03	 5.735500e-04	 7.976295e-04	 1.129465e-01	 8.652734e-02
 4.000000e-01	 1.000000e+00	 4.970837e-03	 9.054762e-03	 5.614386e-04	 7.893520e-04	 1.129465e-01	 8.717534e-02

 5.000000e-01	-1.000000e+00	 8.640232e-03	 1.434473e-02	 9.936401e-04	 9.017374e-04	 1.150015e-01	 6.286193e-02
 5.000000e-01	-9.000000e-01	 8.290185e-03	 1.387457e-02	 9.533841e-04	 9.070023e-04	 1.150015e-01	 6.537157e-02
 5.000000e-01	-8.000000e-01	 7.969771e-03	 1.343831e-02	 9.165360e-04	 9.090138e-04	 1.150015e-01	 6.764346e-02
 5.000000e-01	-7.000000e-01	 7.654553e-03	 1.298266e-02	 8.802854e-04	 9.059553e-04	 1.150015e-01	 6.978194e-02
 5.000000e-01	-6.000000e-01	 7.392322e-03	 1.262603e-02	 8.501284e-04	 9.044899e-04	 1.150015e-01	 7.163695e-02
 5.000000e-01	-5.000000e-01	 7.155628e-03	 1.230723e-02	 8.229083e-04	 9.023520e-04	 1.150015e-01	 7.331888e-02
 5.000000e-01	-4.000000e-01	 6.933405e-03	 1.200250e-02	 7.973523e-04	 8.987193e-04	 1.150015e-01	 7.487766e-02
 5.000000e-01	-3.000000e-01	 6.726035e-03	 1.171521e-02	 7.735044e-04	 8.941054e-04	 1.150015e-01	 7.632005e-02
 5.000000e-01	-2.000000e-01	 6.530404e-03	 1.143976e-02	 7.510065e-04	 8.884513e-04	 1.150015e-01	 7.766343e-02
 5.000000e-01	-1.000000e-01	 6.346782e-03	 1.117867e-02	 7.298897e-04	 8.821559e-04	 1.150015e-01	 7.891422e-02
 5.000000e-01	 0.000000e+00	 6.173420e-03	 1.092923e-02	 7.099528e-04	 8.752482e-04	 1.150015e-01	 8.008327e-02
 5.000000e-01	 1.000000e-01	 6.009821e-03	 1.069157e-02	 6.911387e-04	 8.679119e-04	 1.150015e-01	 8.117721e-02
 5.000000e-01	 2.000000e-01	 5.854192e-03	 1.046236e-02	 6.732412e-04	 8.600698e-04	 1.150015e-01	 8.220611e-02
 5.000000e-01	 3.000000e-01	 5.707156e-03	 1.024428e-02	 6.563318e-04	 8.520389e-04	 1.150015e-01	 8.317212e-02
 5.000000e-01	 4.000000e-01	 5.567891e-03	 1.003621e-02	 6.403160e-04	 8.438606e-04	 1.150015e-01	 8.408164e-02
 5.000000e-01	 5.000000e-01	 5.435145e-03	 9.835777e-03	 6.250501e-04	 8.354656e-04	 1.150015e-01	 8.494149e-02
 5.000000e-01	 6.000000e-01	 5.308329e-03	 9.642239e-03	 6.104661e-04	 8.268767e-04	 1.150015e-01	 8.575567e-02
 5.000000e-01	 7.000000e-01	 5.187957e-03	 9.457661e-03	 5.966230e-04	 8.183225e-04	 1.150015e-01	 8.652483e-02
 5.000000e-01	 8.000000e-01	 5.072813e-03	 9.279515e-03	 5.833813e-04	 8.096772e-04	 1.150015e-01	 8.725426e-02
 5.000000e-01	 9.000000e-01	 4.962836e-03	 9.103362e-03	 5.707338e-04	 8.010358e-04	 1.150015e-01	 8.799340e-02
 5.000000e-01	 1.000000e+00	 4.858038e-03	 8.939531e-03	 5.586819e-04	 7.924913e-04	 1.150015e-01	 8.865021e-02

 6.000000e-01	-1.000000e+00	 8.447250e-03	 1.432054e-02	 9.878729e-04	 9.182017e-04	 1.169461e-01	 6.411780e-02
 6.000000e-01	-9.000000e-01	 8.105021e-03	 1.383730e-02	 9.478506e-04	 9.217258e-04	 1.169461e-01	 6.661168e-02
 6.000000e-01	-8.000000e-01	 7.791764e-03	 1.339006e-02	 9.112163e-04	 9.222093e-04	 1.169461e-01	 6.887267e-02
 6.000000e-01	-7.000000e-01	 7.483586e-03	 1.292499e-02	 8.751761e-04	 9.177512e-04	 1.169461e-01	 7.100597e-02
 6.000000e-01	-6.000000e-01	 7.227212e-03	 1.256062e-02	 8.451942e-04	 9.151688e-04	 1.169461e-01	 7.286017e-02
 6.000000e-01	-5.000000e-01	 6.995805e-03	 1.223526e-02	 8.181321e-04	 9.120596e-04	 1.169461e-01	 7.454354e-02
 6.000000e-01	-4.000000e-01	 6.778545e-03	 1.192489e-02	 7.927244e-04	 9.075300e-04	 1.169461e-01	 7.610387e-02
 6.000000e-01	-3.000000e-01	 6.575807e-03	 1.163278e-02	 7.690149e-04	 9.021100e-04	 1.169461e-01	 7.754898e-02
 6.000000e-01	-2.000000e-01	 6.384545e-03	 1.135323e-02	 7.466476e-04	 8.957312e-04	 1.169461e-01	 7.889659e-02
 6.000000e-01	-1.000000e-01	 6.205024e-03	 1.108865e-02	 7.256533e-04	 8.887781e-04	 1.169461e-01	 8.015204e-02
 6.000000e-01	 0.000000e+00	 6.035534e-03	 1.083619e-02	 7.058322e-04	 8.812705e-04	 1.169461e-01	 8.132657e-02
 6.000000e-01	 1.000000e-01	 5.875590e-03	 1.059593e-02	 6.871273e-04	 8.733879e-04	 1.169461e-01	 8.242671e-02
 6.000000e-01	 2.000000e-01	 5.723437e-03	 1.036448e-02	 6.693336e-04	 8.650483e-04	 1.169461e-01	 8.346279e-02
 6.000000e-01	 3.000000e-01	 5.579685e-03	 1.014450e-02	 6.525224e-04	 8.565675e-04	 1.169461e-01	 8.443662e-02
 6.000000e-01	 4.000000e-01	 5.443530e-03	 9.934847e-03	 6.365996e-04	 8.479791e-04	 1.169461e-01	 8.535402e-02
 6.000000e-01	 5.000000e-01	 5.313749e-03	 9.733106e-03	 6.214222e-04	 8.392033e-04	 1.169461e-01	 8.622153e-02
 6.000000e-01	 6.000000e-01	 5.189766e-03	 9.538487e-03	 6.069229e-04	 8.302624e-04	 1.169461e-01	 8.704341e-02
 6.000000e-01	 7.000000e-01	 5.072082e-03	 9.348144e-03	 5.931602e-04	 8.213834e-04	 1.169461e-01	 8.786593e-02
 6.000000e-01	 8.000000e-01	 4.959510e-03	 9.169324e-03	 5.799953e-04	 8.124420e-04	 1.169461e-01	 8.860436e-02
 6.000000e-01	 9.000000e-01	 4.851990e-03	 8.997505e-03	 5.674212e-04	 8.035260e-04	 1.169461e-01	 8.930542e-02
 6.000000e-01	 1.000000e+00	 4.749533e-03	 8.833244e-03	 5.554393e-04	 7.947376e-04	 1.169461e-01	 8.997121e-02

 7.000000e-01	-1.000000e+00	 8.262557e-03	 1.429747e-02	 9.821057e-04	 9.364702e-04	 1.188622e-01	 6.549900e-02
 7.000000e-01	-9.000000e-01	 7.927811e-03	 1.380173e-02	 9.423170e-04	 9.381181e-04	 1.188622e-01	 6.797103e-02
 7.000000e-01	-8.000000e-01	 7.621402e-03	 1.334395e-02	 9.058967e-04	 9.369743e-04	 1.188622e-01	 7.021716e-02
 7.000000e-01	-7.000000e-01	 7.319963e-03	 1.286985e-02	 8.700669e-04	 9.309839e-04	 1.188622e-01	 7.233835e-02
 7.000000e-01	-6.000000e-01	 7.069194e-03	 1.249809e-02	 8.402600e-04	 9.271551e-04	 1.188622e-01	 7.418376e-02
 7.000000e-01	-5.000000e-01	 6.842847e-03	 1.216644e-02	 8.133558e-04	 9.229567e-04	 1.188622e-01	 7.586085e-02
 7.000000e-01	-4.000000e-01	 6.630337e-03	 1.185072e-02	 7.880965e-04	 9.174535e-04	 1.188622e-01	 7.741754e-02
 7.000000e-01	-3.000000e-01	 6.432031e-03	 1.155401e-02	 7.645254e-04	 9.111596e-04	 1.188622e-01	 7.886089e-02
 7.000000e-01	-2.000000e-01	 6.244952e-03	 1.127051e-02	 7.422887e-04	 9.039902e-04	 1.188622e-01	 8.020845e-02
 7.000000e-01	-1.000000e-01	 6.069356e-03	 1.100252e-02	 7.214170e-04	 8.963244e-04	 1.188622e-01	 8.146540e-02
 7.000000e-01	 0.000000e+00	 5.903572e-03	 1.074716e-02	 7.017115e-04	 8.881701e-04	 1.188622e-01	 8.264233e-02
 7.000000e-01	 1.000000e-01	 5.747124e-03	 1.050443e-02	 6.831159e-04	 8.797022e-04	 1.188622e-01	 8.374584e-02
 7.000000e-01	 2.000000e-01	 5.598298e-03	 1.027088e-02	 6.654261e-04	 8.708267e-04	 1.188622e-01	 8.478603e-02
 7.000000e-01	 3.000000e-01	 5.457689e-03	 1.004909e-02	 6.487130e-04	 8.618562e-04	 1.188622e-01	 8.576457e-02
 7.000000e-01	 4.000000e-01	 5.324511e-03	 9.837905e-03	 6.328831e-04	 8.528192e-04	 1.188622e-01	 8.668708e-02
 7.000000e-01	 5.000000e-01	 5.197568e-03	 9.629851e-03	 6.177944e-04	 8.436319e-04	 1.188622e-01	 8.760591e-02
 7.000000e-01	 6.000000e-01	 5.076296e-03	 9.434208e-03	 6.033797e-04	 8.343120e-04	 1.188622e-01	 8.843477e-02
 7.000000e-01	 7.000000e-01	 4.961185e-03	 9.247939e-03	 5.896973e-04	 8.250889e-04	 1.188622e-01	 8.921868e-02
 7.000000e-01	 8.000000e-01	 4.851074e-03	 9.068484e-03	 5.766093e-04	 8.158282e-04	 1.188622e-01	 8.996303e-02
 7.000000e-01	 9.000000e-01	 4.745904e-03	 8.896188e-03	 5.641087e-04	 8.066198e-04	 1.188622e-01	 9.067027e-02
 7.000000e-01	 1.000000e+00	 4.645687e-03	 8.731555e-03	 5.521966e-04	 7.975700e-04	 1.188622e-01	 9.134341e-02

 8.000000e-01	-1.000000e+00	 8.084776e-03	 1.427547e-02	 9.757331e-04	 9.534472e-04	 1.206877e-01	 6.678920e-02
 8.000000e-01	-9.000000e-01	 7.757232e-03	 1.376766e-02	 9.362026e-04	 9.532520e-04	 1.206877e-01	 6.923850e-02
 8.000000e-01	-8.000000e-01	 7.457417e-03	 1.329976e-02	 9.000186e-04	 9.504950e-04	 1.206877e-01	 7.146705e-02
 8.000000e-01	-7.000000e-01	 7.162463e-03	 1.281699e-02	 8.644213e-04	 9.430166e-04	 1.206877e-01	 7.357552e-02
 8.000000e-01	-6.000000e-01	 6.917090e-03	 1.243811e-02	 8.348078e-04	 9.379861e-04	 1.206877e-01	 7.541229e-02
 8.000000e-01	-5.000000e-01	 6.695613e-03	 1.210044e-02	 8.080782e-04	 9.327486e-04	 1.206877e-01	 7.708388e-02
 8.000000e-01	-4.000000e-01	 6.487676e-03	 1.177954e-02	 7.829828e-04	 9.263109e-04	 1.206877e-01	 7.863726e-02
 8.000000e-01	-3.000000e-01	 6.293637e-03	 1.147838e-02	 7.595646e-04	 9.191807e-04	 1.206877e-01	 8.007927e-02
 8.000000e-01	-2.000000e-01	 6.110582e-03	 1.119111e-02	 7.374722e-04	 9.112553e-04	 1.206877e-01	 8.142668e-02
 8.000000e-01	-1.000000e-01	 5.938765e-03	 1.091987e-02	 7.167359e-04	 9.029081e-04	 1.206877e-01	 8.268484e-02
 8.000000e-01	 0.000000e+00	 5.776548e-03	 1.066168e-02	 6.971583e-04	 8.941395e-04	 1.206877e-01	 8.386477e-02
 8.000000e-01	 1.000000e-01	 5.623467e-03	 1.041650e-02	 6.786833e-04	 8.851150e-04	 1.206877e-01	 8.497236e-02
 8.000000e-01	 2.000000e-01	 5.477843e-03	 1.017563e-02	 6.611083e-04	 8.757325e-04	 1.206877e-01	 8.606177e-02
 8.000000e-01	 3.000000e-01	 5.340259e-03	 9.952102e-03	 6.445036e-04	 8.662996e-04	 1.206877e-01	 8.704690e-02
 8.000000e-01	 4.000000e-01	 5.209947e-03	 9.739452e-03	 6.287765e-04	 8.568366e-04	 1.206877e-01	 8.797586e-02
 8.000000e-01	 5.000000e-01	 5.085735e-03	 9.535264e-03	 6.137857e-04	 8.472577e-04	 1.206877e-01	 8.885519e-02
 8.000000e-01	 6.000000e-01	 4.967072e-03	 9.338687e-03	 5.994645e-04	 8.375784e-04	 1.206877e-01	 8.968910e-02
 8.000000e-01	 7.000000e-01	 4.854437e-03	 9.151661e-03	 5.858710e-04	 8.280252e-04	 1.206877e-01	 9.047812e-02
 8.000000e-01	 8.000000e-01	 4.746696e-03	 8.971588e-03	 5.728678e-04	 8.184649e-04	 1.206877e-01	 9.122855e-02
 8.000000e-01	 9.000000e-01	 4.643789e-03	 8.798802e-03	 5.604483e-04	 8.089899e-04	 1.206877e-01	 9.194319e-02
 8.000000e-01	 1.000000e+00	 4.545729e-03	 8.633798e-03	 5.486136e-04	 7.996856e-04	 1.206877e-01	 9.262269e-02

 9.000000e-01	-1.000000e+00	 7.913844e-03	 1.425419e-02	 9.691478e-04	 9.707850e-04	 1.224623e-01	 6.810522e-02
 9.000000e-01	-9.000000e-01	 7.593225e-03	 1.373478e-02	 9.298841e-04	 9.686981e-04	 1.224623e-01	 7.052882e-02
 9.000000e-01	-8.000000e-01	 7.299749e-03	 1.325716e-02	 8.939442e-04	 9.643021e-04	 1.224623e-01	 7.273821e-02
 9.000000e-01	-7.000000e-01	 7.011031e-03	 1.276609e-02	 8.585872e-04	 9.553018e-04	 1.224623e-01	 7.483121e-02
 9.000000e-01	-6.000000e-01	 6.770846e-03	 1.238040e-02	 8.291736e-04	 9.490463e-04	 1.224623e-01	 7.665715e-02
 9.000000e-01	-5.000000e-01	 6.554051e-03	 1.203694e-02	 8.026244e-04	 9.427458e-04	 1.224623e-01	 7.832104e-02
 9.000000e-01	-4.000000e-01	 6.350511e-03	 1.171110e-02	 7.776983e-04	 9.353541e-04	 1.224623e-01	 7.986904e-02
 9.000000e-01	-3.000000e-01	 6.160574e-03	 1.140568e-02	 7.544382e-04	 9.273690e-04	 1.224623e-01	 8.130765e-02
 9.000000e-01	-2.000000e-01	 5.981390e-03	 1.111468e-02	 7.324949e-04	 9.186719e-04	 1.224623e-01	 8.265391e-02
 9.000000e-01	-1.000000e-01	 5.813205e-03	 1.084025e-02	 7.118986e-04	 9.096331e-04	 1.224623e-01	 8.391253e-02
 9.000000e-01	 0.000000e+00	 5.654417e-03	 1.057934e-02	 6.924531e-04	 9.002369e-04	 1.224623e-01	 8.509387e-02
 9.000000e-01	 1.000000e-01	 5.504573e-03	 1.032631e-02	 6.741028e-04	 8.906447e-04	 1.224623e-01	 8.625004e-02
 9.000000e-01	 2.000000e-01	 5.362028e-03	 1.008877e-02	 6.566464e-04	 8.807388e-04	 1.224623e-01	 8.729890e-02
 9.000000e-01	 3.000000e-01	 5.227353e-03	 9.863679e-03	 6.401538e-04	 8.708255e-04	 1.224623e-01	 8.828607e-02
 9.000000e-01	 4.000000e-01	 5.099796e-03	 9.649711e-03	 6.245328e-04	 8.609249e-04	 1.224623e-01	 8.921768e-02
 9.000000e-01	 5.000000e-01	 4.978210e-03	 9.444410e-03	 6.096432e-04	 8.509460e-04	 1.224623e-01	 9.010049e-02
 9.000000e-01	 6.000000e-01	 4.862056e-03	 9.246909e-03	 5.954187e-04	 8.408986e-04	 1.224623e-01	 9.093834e-02
 9.000000e-01	 7.000000e-01	 4.751803e-03	 9.059131e-03	 5.819168e-04	 8.310171e-04	 1.224623e-01	 9.173254e-02
 9.000000e-01	 8.000000e-01	 4.646339e-03	 8.878459e-03	 5.690015e-04	 8.211555e-04	 1.224623e-01	 9.248852e-02
 9.000000e-01	 9.000000e-01	 4.545608e-03	 8.705209e-03	 5.566658e-04	 8.113918e-04	 1.224623e-01	 9.320762e-02
 9.000000e-01	 1.000000e+00	 4.449621e-03	 8.539847e-03	 5.449109e-04	 8.018247e-04	 1.224623e-01	 9.389215e-02

 1.000000e+00	-1.000000e+00	 7.750019e-03	 1.423436e-02	 9.623672e-04	 9.882237e-04	 1.241761e-01	 6.942524e-02
 1.000000e+00	-9.000000e-01	 7.436038e-03	 1.370385e-02	 9.233781e-04	 9.842278e-04	 1.241761e-01	 7.182126e-02
 1.000000e+00	-8.000000e-01	 7.148636e-03	 1.321687e-02	 8.876898e-04	 9.781703e-04	 1.241761e-01	 7.400924e-02
 1.000000e+00	-7.000000e-01	 6.865895e-03	 1.271779e-02	 8.525801e-04	 9.676347e-04	 1.241761e-01	 7.608512e-02
 1.000000e+00	-6.000000e-01	 6.630682e-03	 1.232556e-02	 8.233723e-04	 9.601413e-04	 1.241761e-01	 7.789839e-02
 1.000000e+00	-5.000000e-01	 6.418375e-03	 1.197650e-02	 7.970088e-04	 9.527683e-04	 1.241761e-01	 7.955316e-02
 1.000000e+00	-4.000000e-01	 6.219048e-03	 1.164582e-02	 7.722572e-04	 9.444140e-04	 1.241761e-01	 8.109469e-02
 1.000000e+00	-3.000000e-01	 6.033043e-03	 1.133626e-02	 7.491598e-04	 9.355718e-04	 1.241761e-01	 8.252918e-02
 1.000000e+00	-2.000000e-01	 5.857569e-03	 1.104171e-02	 7.273700e-04	 9.261006e-04	 1.241761e-01	 8.387290e-02
 1.000000e+00	-1.000000e-01	 5.692865e-03	 1.076424e-02	 7.069178e-04	 9.163593e-04	 1.241761e-01	 8.512993e-02
 1.000000e+00	 0.000000e+00	 5.537365e-03	 1.049495e-02	 6.876084e-04	 9.063255e-04	 1.241761e-01	 8.635822e-02
 1.000000e+00	 1.000000e-01	 5.390622e-03	 1.024537e-02	 6.693864e-04	 8.961529e-04	 1.241761e-01	 8.746902e-02
 1.000000e+00	 2.000000e-01	 5.251028e-03	 1.000606e-02	 6.520522e-04	 8.857190e-04	 1.241761e-01	 8.851827e-02
 1.000000e+00	 3.000000e-01	 5.119141e-03	 9.779390e-03	 6.356750e-04	 8.753236e-04	 1.241761e-01	 8.950698e-02
 1.000000e+00	 4.000000e-01	 4.994224e-03	 9.564096e-03	 6.201633e-04	 8.649792e-04	 1.241761e-01	 9.044025e-02
 1.000000e+00	 5.000000e-01	 4.875156e-03	 9.357713e-03	 6.053778e-04	 8.545998e-04	 1.241761e-01	 9.132571e-02
 1.000000e+00	 6.000000e-01	 4.761406e-03	 9.159329e-03	 5.912528e-04	 8.441941e-04	 1.241761e-01	 9.216769e-02
 1.000000e+00	 7.000000e-01	 4.653435e-03	 8.970798e-03	 5.778455e-04	 8.339776e-04	 1.241761e-01	 9.296583e-02
 1.000000e+00	 8.000000e-01	 4.550155e-03	 8.789519e-03	 5.650205e-04	 8.238038e-04	 1.241761e-01	 9.372570e-02
 1.000000e+00	 9.000000e-01	 4.451509e-03	 8.615789e-03	 5.527711e-04	 8.137509e-04	 1.241761e-01	 9.444880e-02
 1.000000e+00	 1.000000e+00	 4.357509e-03	 8.450060e-03	 5.410985e-04	 8.039083e-04	 1.241761e-01	 9.513640e-02

