 9.025000e+01  7.442333e+02  1.221292e-03
 7.442333e+02  1.398217e+03 -1.733104e-07
 1.398217e+03  2.052200e+03  1.187367e-06
 2.052200e+03  2.706183e+03  1.976670e-07
 2.706183e+03  3.360167e+03  2.324654e-07
 3.360167e+03  4.014150e+03  2.913302e-08
 4.014150e+03  4.668133e+03  9.936152e-09
 4.668133e+03  5.322117e+03 -2.789864e-09
 5.322117e+03  5.976100e+03 -3.194359e-09
 5.976100e+03  6.630083e+03 -1.453320e-09
 6.630083e+03  7.284067e+03  6.669033e-12
 7.284067e+03  7.938050e+03  1.471339e-10
 7.938050e+03  8.592033e+03  2.502331e-11
 8.592033e+03  9.246017e+03  7.216494e-14
 9.246017e+03  9.900000e+03  1.731432e-13
