1.000000e+00	0.000000e+00	0.000000e+00	0.000000e+00	0.000000e+00	0.000000e+00	0.000000e+00	0.000000e+00	0.000000e+00	0.000000e+00
9.120108e-01	0.000000e+00	0.000000e+00	0.000000e+00	0.000000e+00	0.000000e+00	0.000000e+00	0.000000e+00	0.000000e+00	0.000000e+00
8.317638e-01	0.000000e+00	0.000000e+00	0.000000e+00	0.000000e+00	0.000000e+00	0.000000e+00	0.000000e+00	0.000000e+00	0.000000e+00
7.585776e-01	0.000000e+00	0.000000e+00	0.000000e+00	0.000000e+00	0.000000e+00	0.000000e+00	0.000000e+00	0.000000e+00	0.000000e+00
6.918310e-01	0.000000e+00	0.000000e+00	0.000000e+00	0.000000e+00	0.000000e+00	0.000000e+00	0.000000e+00	0.000000e+00	0.000000e+00
6.309573e-01	0.000000e+00	0.000000e+00	0.000000e+00	0.000000e+00	0.000000e+00	0.000000e+00	0.000000e+00	0.000000e+00	0.000000e+00
5.754399e-01	0.000000e+00	0.000000e+00	0.000000e+00	0.000000e+00	0.000000e+00	0.000000e+00	0.000000e+00	0.000000e+00	0.000000e+00
5.248075e-01	1.038921e-13	1.024810e-12	-1.019832e-16	1.780423e-16	1.985590e-15	-1.478237e-19	4.534075e-22	5.418989e-21	-2.621176e-20
4.786301e-01	1.055195e-09	4.320101e-09	-7.990855e-11	3.741393e-11	1.645867e-10	-2.048223e-12	5.031549e-11	2.285053e-10	-8.246288e-11
4.365158e-01	3.487675e-08	1.180015e-07	-3.972506e-09	1.776521e-09	6.733407e-09	-1.825781e-10	2.554346e-09	8.871486e-09	-3.871584e-09
3.981072e-01	2.906645e-07	8.282848e-07	-3.726369e-08	2.018074e-08	6.497630e-08	-2.320598e-09	2.643366e-08	7.796451e-08	-3.374136e-08
3.630781e-01	1.278024e-06	3.181402e-06	-1.757698e-07	1.093287e-07	3.084977e-07	-1.324098e-08	1.452280e-07	3.806248e-07	-1.464906e-07
3.311311e-01	3.939396e-06	8.764479e-06	-5.687439e-07	3.913231e-07	9.884264e-07	-4.896936e-08	5.614762e-07	1.335994e-06	-4.336415e-07
3.019952e-01	9.693634e-06	1.957106e-05	-1.449176e-06	1.076954e-06	2.470658e-06	-1.373989e-07	1.687752e-06	3.655663e-06	-1.007345e-06
2.754229e-01	2.041979e-05	3.782556e-05	-3.130455e-06	2.473472e-06	5.207954e-06	-3.191684e-07	4.155595e-06	8.188118e-06	-1.979868e-06
2.511886e-01	3.840093e-05	6.585259e-05	-5.991233e-06	4.979529e-06	9.699648e-06	-6.459992e-07	8.705476e-06	1.558486e-05	-3.443783e-06
2.290868e-01	6.624298e-05	1.058141e-04	-1.045129e-05	9.070449e-06	1.644998e-05	-1.177294e-06	1.599259e-05	2.596853e-05	-5.457096e-06
2.089296e-01	1.067875e-04	1.597443e-04	-1.694447e-05	1.527820e-05	2.593199e-05	-1.975563e-06	2.639529e-05	3.872260e-05	-8.036713e-06
1.905461e-01	1.630283e-04	2.292896e-04	-2.589392e-05	2.416990e-05	3.856176e-05	-3.101842e-06	3.995011e-05	5.308618e-05	-1.114982e-05
1.737801e-01	2.380313e-04	3.162099e-04	-3.769092e-05	3.632299e-05	5.468275e-05	-4.611957e-06	5.625597e-05	6.738952e-05	-1.473652e-05
1.584893e-01	3.348833e-04	4.215927e-04	-5.267859e-05	5.231136e-05	7.458826e-05	-6.552525e-06	7.435962e-05	7.954452e-05	-1.869498e-05
1.445440e-01	4.566504e-04	5.462486e-04	-7.114059e-05	7.269096e-05	9.843060e-05	-8.960681e-06	9.280600e-05	8.796077e-05	-2.288363e-05
1.318257e-01	6.063475e-04	6.912010e-04	-9.329075e-05	9.798675e-05	1.263561e-04	-1.186090e-05	1.114537e-04	9.420278e-05	-2.714310e-05
1.202264e-01	7.869306e-04	8.571994e-04	-1.192902e-04	1.286921e-04	1.584419e-04	-1.526779e-05	1.298179e-04	9.817798e-05	-3.139391e-05
1.096478e-01	1.001299e-03	1.044810e-03	-1.492328e-04	1.652658e-04	1.947323e-04	-1.918627e-05	1.473413e-04	9.947218e-05	-3.546224e-05
1.000000e-01	1.252297e-03	1.254097e-03	-1.831258e-04	2.081379e-04	2.352461e-04	-2.361090e-05	1.635293e-04	9.809626e-05	-3.925192e-05
9.120108e-02	1.542719e-03	1.485447e-03	-2.209904e-04	2.577050e-04	2.799868e-04	-2.853253e-05	1.779979e-04	9.431017e-05	-4.271274e-05
8.317638e-02	1.875333e-03	1.742971e-03	-2.627406e-04	3.143430e-04	3.284051e-04	-3.393087e-05	1.904813e-04	8.838488e-05	-4.567481e-05
7.585776e-02	2.252846e-03	2.020180e-03	-3.082803e-04	3.784071e-04	3.814455e-04	-3.978621e-05	2.008077e-04	8.073293e-05	-4.811048e-05
6.918310e-02	2.677958e-03	2.321203e-03	-3.573448e-04	4.502354e-04	4.387155e-04	-4.607662e-05	2.089314e-04	7.183452e-05	-4.997832e-05
6.309573e-02	3.153259e-03	2.645295e-03	-4.102439e-04	5.301459e-04	5.002080e-04	-5.276635e-05	2.148323e-04	6.194450e-05	-5.125517e-05
5.754399e-02	3.681361e-03	2.994006e-03	-4.663674e-04	6.184432e-04	5.663075e-04	-5.982092e-05	2.186119e-04	5.162276e-05	-5.192837e-05
5.248075e-02	4.264623e-03	3.365064e-03	-5.255881e-04	7.154138e-04	6.362157e-04	-6.722104e-05	2.203533e-04	4.097988e-05	-5.201264e-05
4.786301e-02	4.905200e-03	3.757910e-03	-5.876500e-04	8.212920e-04	7.102406e-04	-7.491911e-05	2.201661e-04	3.027429e-05	-5.152665e-05
4.365158e-02	5.605085e-03	4.174405e-03	-6.523521e-04	9.362764e-04	7.882728e-04	-8.288022e-05	2.182471e-04	2.002573e-05	-5.051076e-05
3.981072e-02	6.366085e-03	4.613175e-03	-7.194122e-04	1.060529e-03	8.701786e-04	-9.107766e-05	2.147046e-04	9.999206e-06	-4.901073e-05
3.630781e-02	7.189651e-03	5.070079e-03	-7.886276e-04	1.194160e-03	9.557658e-04	-9.945700e-05	2.097793e-04	7.538052e-07	-4.708182e-05
3.311311e-02	8.076858e-03	5.548525e-03	-8.597256e-04	1.337220e-03	1.044771e-03	-1.079932e-04	2.036129e-04	-7.826236e-06	-4.477363e-05
3.019952e-02	9.028327e-03	6.044569e-03	-9.324124e-04	1.489661e-03	1.136865e-03	-1.166507e-04	1.962938e-04	-1.589102e-05	-4.213814e-05
2.754229e-02	1.004435e-02	6.555405e-03	-1.006484e-03	1.651386e-03	1.231660e-03	-1.253999e-04	1.880387e-04	-2.305152e-05	-3.926050e-05
2.511886e-02	1.112486e-02	7.081363e-03	-1.081695e-03	1.822212e-03	1.328800e-03	-1.342129e-04	1.790060e-04	-2.931023e-05	-3.618421e-05
2.290868e-02	1.226934e-02	7.619016e-03	-1.157998e-03	2.001895e-03	1.427934e-03	-1.430665e-04	1.692665e-04	-3.494847e-05	-3.296324e-05
2.089296e-02	1.347672e-02	8.165595e-03	-1.235477e-03	2.190102e-03	1.528538e-03	-1.519124e-04	1.590283e-04	-3.955581e-05	-2.966166e-05
1.905461e-02	1.474546e-02	8.716764e-03	-1.312821e-03	2.386424e-03	1.628861e-03	-1.607329e-04	1.484569e-04	-4.331206e-05	-2.625066e-05
1.737801e-02	1.607393e-02	9.273502e-03	-1.390478e-03	2.590363e-03	1.730115e-03	-1.695098e-04	1.376000e-04	-4.598744e-05	-2.292442e-05
1.584893e-02	1.746044e-02	9.833129e-03	-1.468286e-03	2.801462e-03	1.831383e-03	-1.782297e-04	1.264761e-04	-4.912428e-05	-1.960107e-05
1.445440e-02	1.890283e-02	1.039295e-02	-1.545403e-03	3.019205e-03	1.932307e-03	-1.864159e-04	1.151783e-04	-5.049525e-05	-1.637564e-05
1.318257e-02	2.039877e-02	1.095149e-02	-1.622880e-03	3.243080e-03	2.032497e-03	-1.948968e-04	1.039096e-04	-5.162114e-05	-1.336718e-05
1.202264e-02	2.194578e-02	1.150748e-02	-1.699982e-03	3.472491e-03	2.131655e-03	-2.032344e-04	9.272213e-05	-5.222009e-05	-1.061087e-05
1.096478e-02	2.354158e-02	1.207178e-02	-1.776752e-03	3.706968e-03	2.229593e-03	-2.114938e-04	8.161998e-05	-5.241937e-05	-7.782231e-06
1.000000e-02	2.518340e-02	1.260331e-02	-1.852920e-03	3.945938e-03	2.326138e-03	-2.196552e-04	7.060833e-05	-5.231618e-05	-5.389307e-06
9.120108e-03	2.686905e-02	1.314190e-02	-1.928223e-03	4.188954e-03	2.421189e-03	-2.276827e-04	5.982931e-05	-5.258569e-05	-2.952607e-06
8.317638e-03	2.859595e-02	1.367341e-02	-2.002555e-03	4.435534e-03	2.514710e-03	-2.355768e-04	4.935003e-05	-5.153749e-05	-8.344259e-07
7.585776e-03	3.036185e-02	1.419544e-02	-2.076226e-03	4.685260e-03	2.606731e-03	-2.433487e-04	3.915859e-05	-5.025115e-05	1.069482e-06
6.918310e-03	3.216459e-02	1.471352e-02	-2.149134e-03	4.937777e-03	2.697347e-03	-2.510212e-04	2.925740e-05	-4.878980e-05	2.670233e-06
6.309573e-03	3.400226e-02	1.522361e-02	-2.221050e-03	5.192749e-03	2.786744e-03	-2.584793e-04	1.974138e-05	-4.693055e-05	4.160268e-06
5.754399e-03	3.587298e-02	1.572521e-02	-2.292228e-03	5.449918e-03	2.874939e-03	-2.658072e-04	1.063010e-05	-4.405723e-05	5.445162e-06
5.248075e-03	3.777513e-02	1.621987e-02	-2.362506e-03	5.709077e-03	2.962109e-03	-2.730035e-04	1.896785e-06	-4.195927e-05	6.522207e-06
4.786301e-03	3.970719e-02	1.670779e-02	-2.431681e-03	5.970035e-03	3.048619e-03	-2.800702e-04	-6.438013e-06	-3.971565e-05	7.403794e-06
4.365158e-03	4.166792e-02	1.719226e-02	-2.499788e-03	6.232678e-03	3.134502e-03	-2.868522e-04	-1.431113e-05	-3.723916e-05	8.118847e-06
3.981072e-03	4.365642e-02	1.767244e-02	-2.567361e-03	6.496951e-03	3.219733e-03	-2.937426e-04	-2.173932e-05	-3.474084e-05	8.873553e-06
3.630781e-03	4.567193e-02	1.815014e-02	-2.634001e-03	6.762816e-03	3.304760e-03	-3.006311e-04	-2.876216e-05	-3.222024e-05	9.200952e-06
3.311311e-03	4.771371e-02	1.862245e-02	-2.699462e-03	7.030293e-03	3.389701e-03	-3.072313e-04	-3.540394e-05	-2.980835e-05	9.448564e-06
3.019952e-03	4.978122e-02	1.909365e-02	-2.764170e-03	7.299445e-03	3.474931e-03	-3.138765e-04	-4.161201e-05	-2.729912e-05	9.572189e-06
2.754229e-03	5.187464e-02	1.956790e-02	-2.828194e-03	7.570356e-03	3.560738e-03	-3.205016e-04	-4.738722e-05	-2.485801e-05	9.564879e-06
2.511886e-03	5.399321e-02	2.003594e-02	-2.891432e-03	7.843132e-03	3.647223e-03	-3.270911e-04	-5.276544e-05	-2.253618e-05	9.457654e-06
2.290868e-03	5.613711e-02	2.050299e-02	-2.954005e-03	8.117875e-03	3.734180e-03	-3.335743e-04	-5.778201e-05	-2.040035e-05	9.242321e-06
2.089296e-03	5.830661e-02	2.097586e-02	-3.015942e-03	8.394725e-03	3.821861e-03	-3.400750e-04	-6.241707e-05	-1.833810e-05	8.951474e-06
1.905461e-03	6.050261e-02	2.145383e-02	-3.077327e-03	8.673920e-03	3.911362e-03	-3.464780e-04	-6.666059e-05	-1.571729e-05	8.550691e-06
1.737801e-03	6.272574e-02	2.194315e-02	-3.138271e-03	8.955705e-03	4.002725e-03	-3.528471e-04	-7.054084e-05	-1.386864e-05	8.079580e-06
1.584893e-03	6.497640e-02	2.243870e-02	-3.190401e-03	9.240314e-03	4.096065e-03	-3.593302e-04	-7.409243e-05	-1.209106e-05	7.592565e-06
1.445440e-03	6.725486e-02	2.294377e-02	-3.250390e-03	9.527929e-03	4.191629e-03	-3.657196e-04	-7.732811e-05	-1.133515e-05	7.054502e-06
1.318257e-03	6.956154e-02	2.347691e-02	-3.309802e-03	9.818676e-03	4.289134e-03	-3.720680e-04	-8.023169e-05	-9.795263e-06	6.500553e-06
1.202264e-03	7.189694e-02	2.399495e-02	-3.369306e-03	1.011271e-02	4.388062e-03	-3.784734e-04	-8.282111e-05	-7.723362e-06	5.919885e-06
1.096478e-03	7.426198e-02	2.452580e-02	-3.429007e-03	1.041020e-02	4.488505e-03	-3.849389e-04	-8.512378e-05	-6.385937e-06	5.311656e-06
1.000000e-03	7.665749e-02	2.506437e-02	-3.488955e-03	1.071133e-02	4.590821e-03	-3.914557e-04	-8.716422e-05	-5.114097e-06	4.679552e-06
9.120108e-04	7.908475e-02	2.561276e-02	-3.552026e-03	1.101631e-02	4.695916e-03	-3.981898e-04	-8.893938e-05	-3.925733e-06	4.042024e-06
8.317638e-04	8.154509e-02	2.617978e-02	-3.611364e-03	1.132545e-02	4.803806e-03	-4.051026e-04	-9.045811e-05	-2.777785e-06	3.405465e-06
7.585776e-04	8.403962e-02	2.675842e-02	-3.672449e-03	1.163897e-02	4.912134e-03	-4.119952e-04	-9.173997e-05	-2.093708e-06	2.701258e-06
6.918310e-04	8.656942e-02	2.735773e-02	-3.733556e-03	1.195707e-02	5.025056e-03	-4.189806e-04	-9.280252e-05	-1.163973e-06	2.168963e-06
6.309573e-04	8.913527e-02	2.796851e-02	-3.794030e-03	1.227999e-02	5.140812e-03	-4.260501e-04	-9.365026e-05	-3.408613e-07	1.566336e-06
5.754399e-04	9.173775e-02	2.858938e-02	-3.854010e-03	1.260782e-02	5.259235e-03	-4.331619e-04	-9.429448e-05	-8.028211e-08	1.002872e-06
5.248075e-04	9.437721e-02	2.922075e-02	-3.917180e-03	1.294062e-02	5.380029e-03	-4.403711e-04	-9.474975e-05	5.573352e-07	4.413587e-07
4.786301e-04	9.705387e-02	2.986947e-02	-3.980374e-03	1.327843e-02	5.502853e-03	-4.477479e-04	-9.502975e-05	1.034899e-06	-9.222268e-08
4.365158e-04	9.976904e-02	3.054020e-02	-4.044087e-03	1.362130e-02	5.628422e-03	-4.552723e-04	-9.514161e-05	1.494047e-06	-6.018230e-07
3.981072e-04	1.025243e-01	3.122984e-02	-4.108470e-03	1.396940e-02	5.756759e-03	-4.628690e-04	-9.509651e-05	1.937440e-06	-1.080432e-06
3.630781e-04	1.053208e-01	3.193308e-02	-4.173513e-03	1.432296e-02	5.887979e-03	-4.706511e-04	-9.490461e-05	2.268639e-06	-1.604458e-06
3.311311e-04	1.081593e-01	3.265542e-02	-4.239641e-03	1.468212e-02	6.021995e-03	-4.786493e-04	-9.457594e-05	2.638051e-06	-1.942035e-06
3.019952e-04	1.110409e-01	3.339829e-02	-4.306874e-03	1.504706e-02	6.159018e-03	-4.870064e-04	-9.412326e-05	2.866543e-06	-2.334750e-06
2.754229e-04	1.139666e-01	3.415833e-02	-4.375359e-03	1.541786e-02	6.299067e-03	-4.955234e-04	-9.355524e-05	3.018158e-06	-2.698219e-06
2.511886e-04	1.169370e-01	3.493063e-02	-4.444000e-03	1.579473e-02	6.442127e-03	-5.038832e-04	-9.287687e-05	3.103317e-06	-3.026336e-06
2.290868e-04	1.199534e-01	3.573134e-02	-4.515415e-03	1.617766e-02	6.587899e-03	-5.127314e-04	-9.209276e-05	3.138818e-06	-3.373508e-06
2.089296e-04	1.230161e-01	3.654887e-02	-4.584121e-03	1.656678e-02	6.736092e-03	-5.208790e-04	-9.121749e-05	3.236773e-06	-3.692980e-06
1.905461e-04	1.261270e-01	3.737460e-02	-4.655623e-03	1.696224e-02	6.887038e-03	-5.307190e-04	-9.026227e-05	3.200269e-06	-3.930152e-06
1.737801e-04	1.292870e-01	3.823617e-02	-4.728979e-03	1.736420e-02	7.041444e-03	-5.398418e-04	-8.922936e-05	3.127748e-06	-4.158064e-06
1.584893e-04	1.324968e-01	3.912435e-02	-4.803403e-03	1.777281e-02	7.199430e-03	-5.493722e-04	-8.811819e-05	3.080151e-06	-4.241678e-06
1.445440e-04	1.357568e-01	4.002478e-02	-4.879663e-03	1.818810e-02	7.360900e-03	-5.591295e-04	-8.693680e-05	2.988423e-06	-4.411079e-06
1.318257e-04	1.390673e-01	4.094526e-02	-4.963365e-03	1.861011e-02	7.525593e-03	-5.719627e-04	-8.570413e-05	2.930683e-06	-4.552594e-06
1.202264e-04	1.424288e-01	4.189435e-02	-5.042571e-03	1.903878e-02	7.693322e-03	-5.817193e-04	-8.442228e-05	2.744970e-06	-4.649819e-06
1.096478e-04	1.458409e-01	4.285048e-02	-5.116998e-03	1.947407e-02	7.864410e-03	-5.923421e-04	-8.308801e-05	2.669112e-06	-4.733270e-06
1.000000e-04	1.493053e-01	4.381143e-02	-5.186928e-03	1.991605e-02	8.037243e-03	-5.989701e-04	-8.169967e-05	2.568590e-06	-4.806303e-06
