 1.000000e-03	 1.572195e-01	 4.689809e-05	 1.567366e-01	-6.308864e-08	-2.758664e-06	 6.426842e-07	 3.027257e+00	 2.867331e+00	 1.599201e-01
 1.148154e-03	 1.632686e-01	 5.666721e-05	 1.626980e-01	 1.409295e-07	-9.891651e-07	-2.829250e-06	 3.144414e+00	 2.978295e+00	 1.661174e-01
 1.318257e-03	 1.694256e-01	 6.734862e-05	 1.687182e-01	 1.814384e-07	-1.894295e-06	 1.711775e-06	 3.262741e+00	 3.090361e+00	 1.723770e-01
 1.513561e-03	 1.755841e-01	 8.043444e-05	 1.747754e-01	 2.334491e-07	-1.458802e-07	 6.133967e-07	 3.382020e+00	 3.203330e+00	 1.786862e-01
 1.737801e-03	 1.818024e-01	 9.629946e-05	 1.808390e-01	 2.127127e-07	 1.901897e-07	 6.141002e-07	 3.502032e+00	 3.316999e+00	 1.850288e-01
 1.995262e-03	 1.880493e-01	 1.143485e-04	 1.869006e-01	-1.200811e-07	-8.359642e-07	 3.154266e-07	 3.622456e+00	 3.431061e+00	 1.913896e-01
 2.290868e-03	 1.943077e-01	 1.364543e-04	 1.929405e-01	-8.703968e-08	-8.814977e-07	 1.254617e-07	 3.742965e+00	 3.545214e+00	 1.977492e-01
 2.630268e-03	 2.005634e-01	 1.624329e-04	 1.989372e-01	-1.244544e-07	-7.775040e-07	 1.382251e-06	 3.863235e+00	 3.659142e+00	 2.040887e-01
 3.019952e-03	 2.068028e-01	 1.926917e-04	 2.048746e-01	-1.789972e-07	-9.637854e-08	 4.951554e-07	 3.982884e+00	 3.772496e+00	 2.103862e-01
 3.467369e-03	 2.130003e-01	 2.289906e-04	 2.107085e-01	-1.555013e-07	-2.321174e-07	 3.077062e-06	 4.101504e+00	 3.884882e+00	 2.166174e-01
 3.981072e-03	 2.191420e-01	 2.711180e-04	 2.164227e-01	-9.604218e-08	 1.689981e-07	 2.160360e-07	 4.218650e+00	 3.995888e+00	 2.227554e-01
 4.570882e-03	 2.252090e-01	 3.211235e-04	 2.219886e-01	 1.299989e-06	-1.964009e-06	 4.282585e-08	 4.333831e+00	 4.105050e+00	 2.287719e-01
 5.248075e-03	 2.311792e-01	 3.797892e-04	 2.273689e-01	 3.754476e-08	-3.569683e-08	-3.514608e-07	 4.446536e+00	 4.211889e+00	 2.346344e-01
 6.025596e-03	 2.370299e-01	 4.485628e-04	 2.325268e-01	 4.919611e-08	-1.715863e-06	-2.709072e-08	 4.556187e+00	 4.315862e+00	 2.403083e-01
 6.918310e-03	 2.427377e-01	 5.290229e-04	 2.374228e-01	 6.781512e-08	-4.745567e-07	-3.640191e-07	 4.662192e+00	 4.416413e+00	 2.457565e-01
 7.943282e-03	 2.482792e-01	 6.232905e-04	 2.420145e-01	-1.005024e-08	 1.113764e-07	-1.363055e-06	 4.763918e+00	 4.512943e+00	 2.509387e-01
 9.120108e-03	 2.536289e-01	 7.330821e-04	 2.462541e-01	-9.828334e-09	 5.480916e-07	-4.467737e-09	 4.860652e+00	 4.604800e+00	 2.558097e-01
 1.047129e-02	 2.587609e-01	 8.608733e-04	 2.500920e-01	-2.868271e-10	 1.397321e-08	 5.001371e-07	 4.951676e+00	 4.691295e+00	 2.603228e-01
 1.202264e-02	 2.636495e-01	 1.009225e-03	 2.534754e-01	-7.603635e-08	 8.079216e-08	 1.351497e-08	 5.036223e+00	 4.771718e+00	 2.644277e-01
 1.380384e-02	 2.682683e-01	 1.180989e-03	 2.563467e-01	 6.301736e-08	-7.288465e-08	 9.058307e-09	 5.113490e+00	 4.845315e+00	 2.680696e-01
 1.584893e-02	 2.725884e-01	 1.379292e-03	 2.586442e-01	 3.568922e-06	-3.578358e-06	 7.179122e-09	 5.182597e+00	 4.911264e+00	 2.711899e-01
 1.819701e-02	 2.765845e-01	 1.607446e-03	 2.603045e-01	 8.441609e-08	-9.913025e-08	 1.374107e-08	 5.242670e+00	 4.968750e+00	 2.737282e-01
 2.089296e-02	 2.802270e-01	 1.869082e-03	 2.612580e-01	 1.755051e-07	-2.006747e-07	 7.808536e-09	 5.292779e+00	 5.016903e+00	 2.756179e-01
 2.398833e-02	 2.834874e-01	 2.167793e-03	 2.614338e-01	-3.347714e-08	-2.118143e-08	 1.129867e-08	 5.331947e+00	 5.054810e+00	 2.767910e-01
 2.754229e-02	 2.863381e-01	 2.507354e-03	 2.607593e-01	 4.682006e-06	-4.725200e-06	-1.474287e-06	 5.359232e+00	 5.081591e+00	 2.771783e-01
 3.162278e-02	 2.887497e-01	 2.891402e-03	 2.591576e-01	 5.082147e-06	-5.119478e-06	-1.929734e-08	 5.373600e+00	 5.096278e+00	 2.767056e-01
 3.630781e-02	 2.906923e-01	 3.323295e-03	 2.565508e-01	 5.828584e-06	-5.872303e-06	-2.399811e-07	 5.374088e+00	 5.097969e+00	 2.752974e-01
 4.168694e-02	 2.921326e-01	 3.805863e-03	 2.528627e-01	 5.962109e-06	-6.019918e-06	 1.189618e-08	 5.359668e+00	 5.085699e+00	 2.728802e-01
 4.786301e-02	 2.930378e-01	 4.341049e-03	 2.480182e-01	 6.505653e-06	-6.559262e-06	 1.434331e-08	 5.329378e+00	 5.058557e+00	 2.693807e-01
 5.495409e-02	 2.933714e-01	 4.929726e-03	 2.419451e-01	 7.012250e-06	-7.037878e-06	-7.079866e-08	 5.282310e+00	 5.015684e+00	 2.647278e-01
 6.309573e-02	 2.930891e-01	 5.570932e-03	 2.345770e-01	 7.484104e-06	-7.608576e-06	 1.713722e-08	 5.217544e+00	 4.956198e+00	 2.588553e-01
 7.244360e-02	 2.921441e-01	 6.261545e-03	 2.258578e-01	 7.849399e-06	-8.146095e-06	 2.005329e-08	 5.134317e+00	 4.879357e+00	 2.517060e-01
 8.317638e-02	 2.904808e-01	 6.995639e-03	 2.157440e-01	 8.477837e-06	-8.812278e-06	 2.118657e-08	 5.031946e+00	 4.784480e+00	 2.432339e-01
 9.549926e-02	 2.880349e-01	 7.763904e-03	 2.042075e-01	 9.077810e-06	-9.252048e-06	 2.429566e-08	 4.909902e+00	 4.671021e+00	 2.334062e-01
 1.096478e-01	 2.847293e-01	 8.553055e-03	 1.912411e-01	 9.528850e-06	-1.005682e-05	 2.940087e-08	 4.767805e+00	 4.538554e+00	 2.222081e-01
 1.258925e-01	 2.804789e-01	 9.345329e-03	 1.768658e-01	 1.001547e-05	-1.057198e-05	 3.049309e-08	 4.605487e+00	 4.386835e+00	 2.096502e-01
 1.445440e-01	 2.751830e-01	 1.011839e-02	 1.611337e-01	 1.033643e-05	-1.096156e-05	 3.520344e-08	 4.423055e+00	 4.215859e+00	 1.957700e-01
 1.659587e-01	 2.687344e-01	 1.084504e-02	 1.441343e-01	 1.113794e-05	-1.121289e-05	 4.069032e-08	 4.220893e+00	 4.025863e+00	 1.806374e-01
 1.905461e-01	 2.610194e-01	 1.149407e-02	 1.259991e-01	 1.204293e-05	-1.118610e-05	 4.339326e-08	 3.999718e+00	 3.817385e+00	 1.643594e-01
 2.187762e-01	 2.519247e-01	 1.203116e-02	 1.069065e-01	 1.273804e-05	-6.455864e-06	 5.248925e-08	 3.760613e+00	 3.591279e+00	 1.470829e-01
 2.511886e-01	 2.413533e-01	 1.242069e-02	 8.708406e-02	 1.289095e-05	-8.608747e-06	 6.264759e-08	 3.505062e+00	 3.348803e+00	 1.289977e-01
 2.884032e-01	 2.292151e-01	 1.262821e-02	 6.680968e-02	 1.287730e-05	-1.432755e-05	 7.326792e-08	 3.235001e+00	 3.091628e+00	 1.103364e-01
 3.311311e-01	 2.154750e-01	 1.262347e-02	 4.640875e-02	 1.286907e-05	-2.103620e-07	-7.269850e-08	 2.952819e+00	 2.821883e+00	 9.137230e-02
 3.801894e-01	 2.001493e-01	 1.238398e-02	 2.624878e-02	 1.280657e-05	-6.251175e-07	-5.029213e-08	 2.661388e+00	 2.542189e+00	 7.241442e-02
 4.365158e-01	 1.833271e-01	 1.189848e-02	 6.729276e-03	 1.215865e-05	-1.397423e-06	-5.994629e-08	 2.363990e+00	 2.255520e+00	 5.380009e-02
 5.011872e-01	 1.651641e-01	 1.116984e-02	-1.173186e-02	-5.440181e-06	-1.122639e-06	-6.993753e-08	 2.064279e+00	 1.965637e+00	 3.587974e-02
 5.754399e-01	 1.459800e-01	 1.021714e-02	-2.871920e-02	-7.390282e-06	-3.459486e-06	-8.819226e-08	 1.766444e+00	 1.676365e+00	 1.900742e-02
 6.606934e-01	 1.261206e-01	 9.076092e-03	-4.383408e-02	-7.808787e-06	-6.477657e-06	-1.020485e-07	 1.474807e+00	 1.392064e+00	 3.521759e-03
 7.585776e-01	 1.060401e-01	 7.797175e-03	-5.671010e-02	-7.362897e-06	-5.419934e-06	-1.187695e-07	 1.193732e+00	 1.117176e+00	-1.026769e-02
 8.709636e-01	 8.625555e-02	 6.442297e-03	-6.707666e-02	-7.138555e-06	-5.834105e-07	-1.412594e-07	 9.277530e-01	 8.563326e-01	-2.209594e-02
 1.000000e+00	 6.733030e-02	 5.079527e-03	-7.474485e-02	-5.781000e-06	 1.274846e-06	-1.778392e-07	 6.809351e-01	 6.137661e-01	-3.181189e-02
 1.148154e+00	 4.979192e-02	 3.776576e-03	-7.960393e-02	-1.511350e-06	-7.647877e-07	-2.281746e-07	 4.576379e-01	 3.939991e-01	-3.928575e-02
 1.318257e+00	 3.411371e-02	 2.594515e-03	-8.167517e-02	 2.349126e-06	-4.860351e-06	-2.872766e-07	 2.605573e-01	 1.999727e-01	-4.449862e-02
 1.513561e+00	 2.072845e-02	 1.582335e-03	-8.108335e-02	 5.562352e-07	-7.849932e-06	-3.515150e-07	 9.268703e-02	 3.480901e-02	-4.751783e-02
 1.737801e+00	 9.937425e-03	 7.733116e-04	-7.805771e-02	 9.613036e-08	-9.422821e-06	-4.039231e-07	-4.386847e-02	-9.930190e-02	-4.848364e-02
 1.995262e+00	 1.918498e-03	 1.833697e-04	-7.291570e-02	 2.180654e-06	 2.185368e-05	-4.409470e-07	-1.480187e-01	-2.012066e-01	-4.761487e-02
 2.290868e+00	-3.259057e-03	-1.879378e-04	-6.604326e-02	 1.426587e-06	 1.909367e-05	-4.434696e-07	-2.195067e-01	-2.706387e-01	-4.517787e-02
 2.630268e+00	-5.657817e-03	-3.554060e-04	-5.785955e-02	 9.383476e-07	 1.587446e-05	-4.056855e-07	-2.585481e-01	-3.078917e-01	-4.148653e-02
 3.019952e+00	-5.428510e-03	-3.441148e-04	-4.880089e-02	 1.795215e-06	 1.289669e-05	-3.588933e-07	-2.665995e-01	-3.145075e-01	-3.686172e-02
 3.467369e+00	-2.771424e-03	-1.855548e-04	-3.926644e-02	 3.995017e-06	 8.401423e-06	-3.280675e-07	-2.451882e-01	-2.921370e-01	-3.161994e-02
 3.981072e+00	 2.041142e-03	 8.661317e-05	-2.970062e-02	 5.743449e-06	 2.752110e-06	-3.489780e-07	-1.963132e-01	-2.429093e-01	-2.605255e-02
 4.570882e+00	 8.734111e-03	 4.396839e-04	-2.041865e-02	-5.310564e-06	 6.020846e-06	-4.068703e-07	-1.225279e-01	-1.695181e-01	-2.046053e-02
 5.248075e+00	 1.703681e-02	 8.440956e-04	-1.172622e-02	-6.739536e-06	-1.775839e-05	-4.876514e-07	-2.638446e-02	-7.490785e-02	-1.505646e-02
 6.025596e+00	 2.663020e-02	 1.275206e-03	-3.781448e-03	-7.875629e-06	-1.301302e-05	-6.592725e-07	 8.872101e-02	 3.848979e-02	-1.005069e-02
 6.918310e+00	 3.728353e-02	 1.713146e-03	 3.235798e-03	-1.038811e-05	-5.873595e-06	 1.412870e-06	 2.201907e-01	 1.670662e-01	-5.519458e-03
 7.943282e+00	 4.875271e-02	 2.143542e-03	 9.236015e-03	-1.145486e-05	-3.580101e-06	 1.388685e-06	 3.651670e-01	 3.082844e-01	-1.583361e-03
 9.120108e+00	 6.083065e-02	 2.556328e-03	 1.419230e-02	-1.098455e-05	 2.020112e-05	 1.373988e-06	 5.209874e-01	 4.595478e-01	 1.708109e-03
 1.047129e+01	 7.332608e-02	 2.944628e-03	 1.811214e-02	 1.707147e-05	 1.955945e-05	-9.004044e-07	 6.851371e-01	 6.183969e-01	 4.375787e-03
 1.202264e+01	 8.607608e-02	 3.307770e-03	 2.104988e-02	 1.878511e-05	-9.237100e-06	-8.359139e-07	 8.551631e-01	 7.824639e-01	 6.377469e-03
 1.380384e+01	 9.896207e-02	 3.641203e-03	 2.305707e-02	 2.059790e-05	-7.966981e-06	-8.020683e-07	 1.028924e+00	 9.497053e-01	 7.781459e-03
 1.584893e+01	 1.118384e-01	 3.946695e-03	 2.423603e-02	 2.304111e-05	-5.913627e-06	-7.725256e-07	 1.204025e+00	 1.118319e+00	 8.641723e-03
 1.819701e+01	 1.246174e-01	 4.225347e-03	 2.469216e-02	-1.211797e-05	-3.812579e-06	-6.900348e-07	 1.380190e+00	 1.286698e+00	 9.020831e-03
 2.089296e+01	 1.372110e-01	 4.478862e-03	 2.454146e-02	-1.267966e-05	 9.724368e-06	-7.079692e-07	 1.553935e+00	 1.452837e+00	 8.983805e-03
 2.398833e+01	 1.495502e-01	 4.709152e-03	 2.387015e-02	-1.248840e-05	 8.447410e-06	-7.740007e-07	 1.725540e+00	 1.616735e+00	 8.626364e-03
 2.754229e+01	 1.615766e-01	 4.917205e-03	 2.282159e-02	-9.843945e-06	 8.055545e-06	-1.886920e-07	 1.893436e+00	 1.776831e+00	 7.991502e-03
 3.162278e+01	 1.732395e-01	 5.107014e-03	 2.144843e-02	-7.799355e-06	-8.585998e-07	-1.185968e-07	 2.056609e+00	 1.932213e+00	 7.151960e-03
 3.630781e+01	 1.844997e-01	 5.279756e-03	 1.984259e-02	-5.282167e-06	-9.860056e-08	-3.021485e-08	 2.214516e+00	 2.082358e+00	 6.171922e-03
 4.168694e+01	 1.952996e-01	 5.436610e-03	 1.808273e-02	-3.126985e-06	-4.755402e-06	-4.503523e-06	 2.366408e+00	 2.226615e+00	 5.077034e-03
 4.786301e+01	 2.056507e-01	 5.578517e-03	 1.625221e-02	-2.630665e-06	-4.765211e-08	 3.272973e-06	 2.512039e+00	 2.364850e+00	 3.953032e-03
 5.495409e+01	 2.155309e-01	 5.708187e-03	 1.439105e-02	 2.201504e-06	 6.020143e-05	 1.497483e-05	 2.651217e+00	 2.496763e+00	 2.810955e-03
 6.309573e+01	 2.249368e-01	 5.812746e-03	 1.252552e-02	-6.449224e-06	 6.147100e-05	 2.783087e-05	 2.783735e+00	 2.622368e+00	 1.689197e-03
 7.244360e+01	 2.338549e-01	 5.930691e-03	 1.073554e-02	-7.868519e-06	 2.178450e-04	 1.755106e-04	 2.908036e+00	 2.739898e+00	 6.109190e-04
 8.317638e+01	 2.422917e-01	 6.057821e-03	 8.982755e-03	-1.598561e-05	 1.891542e-04	 1.902402e-04	 3.028257e+00	 2.853534e+00	-4.009311e-04
 9.549926e+01	 2.502211e-01	 6.191613e-03	 7.416255e-03	-1.801340e-05	 1.796598e-03	 1.747710e-03	 3.131350e+00	 2.950375e+00	-1.387248e-03
 1.096478e+02	 2.577181e-01	 6.084769e-03	 5.921950e-03	-1.908723e-05	-9.069639e-04	-1.019725e-03	 3.247814e+00	 3.061926e+00	-2.187191e-03
 1.258925e+02	 2.647128e-01	 6.394934e-03	 4.384978e-03	-2.895543e-05	-1.928896e-04	-7.334961e-06	 3.344128e+00	 3.151105e+00	-2.927805e-03
 1.445440e+02	 2.712643e-01	 6.312980e-03	 3.689562e-03	-2.800942e-05	 3.950979e-03	 3.419934e-03	 3.342126e+00	 3.145060e+00	-3.879768e-03
 1.659587e+02	 2.775767e-01	 4.614221e-03	 2.063314e-03	-2.179475e-05	 7.366770e-03	 5.818879e-03	 3.549739e+00	 3.347152e+00	-4.118786e-03
 1.905461e+02	 2.825877e-01	 5.754278e-03	-3.964572e-04	-2.683997e-05	-8.663787e-02	-8.519424e-02	 4.246679e+00	 4.032673e+00	-4.382018e-03
 2.187762e+02	 2.883219e-01	 1.111534e-02	 7.949220e-04	 4.846094e-05	 1.239100e-01	 1.241001e-01	 3.942300e+00	 3.729935e+00	-5.008228e-03
 2.511886e+02	 2.934269e-01	 2.145599e-03	 2.397160e-03	 4.153935e-05	-4.552271e-02	-5.274710e-02	 3.778486e+00	 3.568799e+00	-1.139025e-03
 2.884032e+02	 2.973870e-01	 5.261524e-03	 3.251317e-03	 6.333645e-05	-2.056387e-01	-2.015250e-01	 3.992476e+00	 3.854193e+00	-1.488010e-02
 3.311311e+02	 3.044200e-01	-1.015246e-02	-1.205713e-02	 4.013780e-05	-3.803041e-01	-3.538123e-01	 1.017139e+01	 9.884310e+00	-4.797423e-03
 3.801894e+02	 3.060613e-01	 3.349994e-02	 3.237640e-02	-9.425060e-05	-2.115010e+00	-2.109579e+00	 2.487269e-01	 1.983073e-02	 5.726388e-03
 4.365158e+02	 3.097431e-01	 1.852640e-02	 1.942285e-02	-9.232878e-05	-1.059489e+01	-1.070349e+01	 7.558208e-02	-1.506695e-01	-8.119637e-02
 5.011872e+02	 2.914576e-01	 6.705262e-03	 8.947932e-02	 5.543314e-04	-6.180993e+00	-6.288123e+00	-1.345297e+01	-1.343393e+01	-1.872469e-02
 5.754399e+02	 2.753952e-01	-2.956198e-01	-1.949867e-01	 5.862291e-04	-7.611351e+00	-7.402852e+00	-1.448993e+01	-1.508707e+01	 8.138643e-03
 6.606934e+02	 3.191492e-01	 3.947234e-01	 2.063265e-01	-6.202562e-04	-3.248083e+00	-3.207532e+00	-1.591799e+01	-1.599021e+01	 2.021127e-01
 7.585776e+02	 3.216850e-01	 3.472842e+00	-4.905126e-01	-2.708715e-03	-1.731966e+01	-1.682937e+01	-5.378616e+01	-5.414801e+01	-2.143749e-01
 8.709636e+02	 3.237956e-01	 6.780045e-03	-1.098641e+00	-6.357045e-03	-2.189483e+01	-2.105900e+01	-8.177395e+01	-8.194422e+01	-1.302680e+00
 1.000000e+03	 3.260400e-01	 1.466227e+01	 2.088238e+00	-1.236466e-02	-1.285819e+01	-1.474879e+01	-8.559533e+01	-8.626895e+01	-1.984452e+00
