 1.000000e-03	 2.840923e-02	 9.099643e-09	 2.832702e-02	-1.893236e-08	 1.892383e-08	 0.000000e+00	 5.118879e+02	 5.118596e+02	 2.832702e-02
 1.148154e-03	 2.988547e-02	 1.100077e-08	 2.978607e-02	-1.774890e-08	 1.774140e-08	 0.000000e+00	 5.383418e+02	 5.383120e+02	 2.978607e-02
 1.318257e-03	 3.142803e-02	 1.329421e-08	 3.130789e-02	-1.119532e-08	 1.042395e-08	 0.000000e+00	 5.659528e+02	 5.659215e+02	 3.130789e-02
 1.513561e-03	 3.303898e-02	 1.605956e-08	 3.289384e-02	-1.306243e-08	 1.304811e-08	 0.000000e+00	 5.947502e+02	 5.947173e+02	 3.289384e-02
 1.737801e-03	 3.472015e-02	 1.939217e-08	 3.454486e-02	-2.775292e-08	 2.772551e-08	 0.000000e+00	 6.247572e+02	 6.247226e+02	 3.454486e-02
 1.995262e-03	 3.647337e-02	 2.340614e-08	 3.626174e-02	-3.157857e-08	 3.154379e-08	 0.000000e+00	 6.559952e+02	 6.559589e+02	 3.626174e-02
 2.290868e-03	 3.830079e-02	 2.823783e-08	 3.804541e-02	-4.227110e-08	 4.221819e-08	 0.000000e+00	 6.884892e+02	 6.884511e+02	 3.804541e-02
 2.630268e-03	 4.020410e-02	 3.405004e-08	 3.989612e-02	-4.990493e-08	 4.983165e-08	 0.000000e+00	 7.222534e+02	 7.222135e+02	 3.989612e-02
 3.019952e-03	 4.218515e-02	 4.103680e-08	 4.181379e-02	-6.426599e-08	 6.416227e-08	 0.000000e+00	 7.572995e+02	 7.572577e+02	 4.181379e-02
 3.467369e-03	 4.424544e-02	 4.942904e-08	 4.379798e-02	-5.801398e-08	 5.788789e-08	 0.000000e+00	 7.936331e+02	 7.935893e+02	 4.379798e-02
 3.981072e-03	 4.638658e-02	 5.950111e-08	 4.584769e-02	-5.971775e-08	 5.955862e-08	 0.000000e+00	 8.312541e+02	 8.312082e+02	 4.584769e-02
 4.570882e-03	 4.860993e-02	 7.157828e-08	 4.796133e-02	-8.968680e-08	 7.573895e-08	 0.000000e+00	 8.701536e+02	 8.701057e+02	 4.796133e-02
 5.248075e-03	 5.091682e-02	 8.604537e-08	 5.013669e-02	 2.241181e-07	-2.241179e-07	 0.000000e+00	 9.103164e+02	 9.102663e+02	 5.013669e-02
 6.025596e-03	 5.330825e-02	 1.033565e-07	 5.237055e-02	 2.449103e-07	-2.447470e-07	 0.000000e+00	 9.517131e+02	 9.516608e+02	 5.237055e-02
 6.918310e-03	 5.578508e-02	 1.240460e-07	 5.465879e-02	 2.841714e-07	-2.833536e-07	 0.000000e+00	 9.943044e+02	 9.942497e+02	 5.465879e-02
 7.943282e-03	 5.834809e-02	 1.487406e-07	 5.699645e-02	-9.651397e-08	 9.609432e-08	 0.000000e+00	 1.038039e+03	 1.037982e+03	 5.699645e-02
 9.120108e-03	 6.099776e-02	 1.781729e-07	 5.937708e-02	-1.206669e-07	 1.198452e-07	 0.000000e+00	 1.082851e+03	 1.082791e+03	 5.937708e-02
 1.047129e-02	 6.373431e-02	 2.131952e-07	 6.179271e-02	 4.442173e-07	-4.422435e-07	 0.000000e+00	 1.128652e+03	 1.128590e+03	 6.179271e-02
 1.202264e-02	 6.655754e-02	 2.547949e-07	 6.423417e-02	 4.976153e-07	-4.949843e-07	 0.000000e+00	 1.175339e+03	 1.175275e+03	 6.423417e-02
 1.380384e-02	 6.946733e-02	 3.041087e-07	 6.668986e-02	 5.564664e-07	-5.521406e-07	 0.000000e+00	 1.222787e+03	 1.222720e+03	 6.668986e-02
 1.584893e-02	 7.246260e-02	 3.624374e-07	 6.914647e-02	 6.485284e-07	-6.363476e-07	 0.000000e+00	 1.270839e+03	 1.270770e+03	 6.914647e-02
 1.819701e-02	 7.554228e-02	 4.312575e-07	 7.158856e-02	 6.315741e-07	-6.146650e-07	 0.000000e+00	 1.319322e+03	 1.319250e+03	 7.158856e-02
 2.089296e-02	 7.870476e-02	 5.122304e-07	 7.399775e-02	 7.009616e-07	-6.864250e-07	 0.000000e+00	 1.368024e+03	 1.367950e+03	 7.399775e-02
 2.398833e-02	 8.194755e-02	 6.072040e-07	 7.635289e-02	 7.729753e-07	-7.592882e-07	 0.000000e+00	 1.416701e+03	 1.416624e+03	 7.635289e-02
 2.754229e-02	 8.526763e-02	 7.182076e-07	 7.862983e-02	 8.585038e-07	-8.452439e-07	 0.000000e+00	 1.465074e+03	 1.464995e+03	 7.862983e-02
 3.162278e-02	 8.866087e-02	 8.474317e-07	 8.080092e-02	 8.838097e-07	-8.708598e-07	 0.000000e+00	 1.512823e+03	 1.512742e+03	 8.080092e-02
 3.630781e-02	 9.212178e-02	 9.971927e-07	 8.283509e-02	 9.892352e-07	-9.752165e-07	 0.000000e+00	 1.559585e+03	 1.559502e+03	 8.283509e-02
 4.168694e-02	 9.564337e-02	 1.169873e-06	 8.469749e-02	 1.110861e-06	-1.100237e-06	 0.000000e+00	 1.604950e+03	 1.604865e+03	 8.469749e-02
 4.786301e-02	 9.921647e-02	 1.367831e-06	 8.634945e-02	 1.254340e-06	-1.241462e-06	 0.000000e+00	 1.648465e+03	 1.648378e+03	 8.634945e-02
 5.495409e-02	 1.028291e-01	 1.593278e-06	 8.774853e-02	 1.415582e-06	-1.387117e-06	 0.000000e+00	 1.689623e+03	 1.689534e+03	 8.774853e-02
 6.309573e-02	 1.064658e-01	 1.848108e-06	 8.884872e-02	 1.579612e-06	-1.541252e-06	 0.000000e+00	 1.727870e+03	 1.727781e+03	 8.884872e-02
 7.244360e-02	 1.101065e-01	 2.133683e-06	 8.960078e-02	 1.756726e-06	-1.706388e-06	 0.000000e+00	 1.762605e+03	 1.762514e+03	 8.960078e-02
 8.317638e-02	 1.137254e-01	 2.450557e-06	 8.995300e-02	 1.947972e-06	-1.880640e-06	 0.000000e+00	 1.793179e+03	 1.793088e+03	 8.995300e-02
 9.549926e-02	 1.172897e-01	 2.798161e-06	 8.985224e-02	 2.157305e-06	-2.064339e-06	 0.000000e+00	 1.818904e+03	 1.818812e+03	 8.985224e-02
 1.096478e-01	 1.207579e-01	 3.174442e-06	 8.924458e-02	 2.375489e-06	-2.261195e-06	 0.000000e+00	 1.839062e+03	 1.838970e+03	 8.924458e-02
 1.258925e-01	 1.240785e-01	 3.575468e-06	 8.807811e-02	 2.607318e-06	-2.459821e-06	 0.000000e+00	 1.852904e+03	 1.852813e+03	 8.807811e-02
 1.445440e-01	 1.271879e-01	 3.995057e-06	 8.630440e-02	 2.831843e-06	-1.117040e-06	 0.000000e+00	 1.859681e+03	 1.859591e+03	 8.630440e-02
 1.659587e-01	 1.300099e-01	 4.424449e-06	 8.388125e-02	 3.081885e-06	-1.251017e-06	 0.000000e+00	 1.858651e+03	 1.858562e+03	 8.388125e-02
 1.905461e-01	 1.324547e-01	 4.852096e-06	 8.077565e-02	 3.340441e-06	-3.066917e-06	 0.000000e+00	 1.849098e+03	 1.849011e+03	 8.077565e-02
 2.187762e-01	 1.344186e-01	 5.263645e-06	 7.696703e-02	 1.427911e-06	-3.283488e-06	 0.000000e+00	 1.830362e+03	 1.830278e+03	 7.696703e-02
 2.511886e-01	 1.357861e-01	 5.642184e-06	 7.245061e-02	 3.890337e-06	-3.501194e-06	 0.000000e+00	 1.801862e+03	 1.801780e+03	 7.245061e-02
 2.884032e-01	 1.364324e-01	 5.968822e-06	 6.724061e-02	 4.172077e-06	-3.697367e-06	 0.000000e+00	 1.763123e+03	 1.763043e+03	 6.724061e-02
 3.311311e-01	 1.362281e-01	 6.223646e-06	 6.137310e-02	 4.460679e-06	-3.823837e-06	 0.000000e+00	 1.713805e+03	 1.713729e+03	 6.137310e-02
 3.801894e-01	 1.350463e-01	 6.387053e-06	 5.490795e-02	 4.753043e-06	-2.099332e-06	 0.000000e+00	 1.653730e+03	 1.653657e+03	 5.490795e-02
 4.365158e-01	 1.327702e-01	 6.441241e-06	 4.792978e-02	 5.041604e-06	 8.967230e-07	 0.000000e+00	 1.582904e+03	 1.582835e+03	 4.792978e-02
 5.011872e-01	 1.293032e-01	 6.372545e-06	 4.054731e-02	 5.322451e-06	-1.813670e-06	 0.000000e+00	 1.501534e+03	 1.501468e+03	 4.054731e-02
 5.754399e-01	 1.245779e-01	 6.172292e-06	 3.289121e-02	 5.594796e-06	-5.548771e-07	 0.000000e+00	 1.410037e+03	 1.409975e+03	 3.289121e-02
 6.606934e-01	 1.185650e-01	 5.838781e-06	 2.511015e-02	 5.861549e-06	-2.270946e-06	 0.000000e+00	 1.309040e+03	 1.308982e+03	 2.511015e-02
 7.585776e-01	 1.112790e-01	 5.377848e-06	 1.736455e-02	 6.104416e-06	 1.820480e-06	 0.000000e+00	 1.199368e+03	 1.199313e+03	 1.736455e-02
 8.709636e-01	 1.027814e-01	 4.803032e-06	 9.819378e-03	 6.296200e-06	 2.772875e-06	 0.000000e+00	 1.082022e+03	 1.081971e+03	 9.819378e-03
 1.000000e+00	 9.317910e-02	 4.134402e-06	 2.637354e-03	-6.943431e-07	 3.895177e-06	 0.000000e+00	 9.581473e+02	 9.581002e+02	 2.637354e-03
 1.148154e+00	 8.261848e-02	 3.397235e-06	-4.023782e-03	-2.865172e-06	 1.637179e-06	 0.000000e+00	 8.289940e+02	 8.289507e+02	-4.023782e-03
 1.318257e+00	 7.127634e-02	 2.619632e-06	-1.004415e-02	-3.203842e-06	 6.051961e-07	 0.000000e+00	 6.958693e+02	 6.958301e+02	-1.004415e-02
 1.513561e+00	 5.934781e-02	 1.829998e-06	-1.531371e-02	 3.512178e-06	 9.034962e-07	 0.000000e+00	 5.600937e+02	 5.600588e+02	-1.531371e-02
 1.737801e+00	 4.703350e-02	 1.054852e-06	-1.975647e-02	 3.717331e-06	 2.723276e-06	 0.000000e+00	 4.229584e+02	 4.229280e+02	-1.975647e-02
 1.995262e+00	 3.452743e-02	 3.167483e-07	-2.334037e-02	-3.546036e-07	-7.261690e-06	 0.000000e+00	 2.856819e+02	 2.856565e+02	-2.334037e-02
 2.290868e+00	 2.200699e-02	-3.669864e-07	-2.603407e-02	-1.656382e-06	 5.599363e-06	 0.000000e+00	 1.493808e+02	 1.493606e+02	-2.603407e-02
 2.630268e+00	 9.626318e-03	-9.847801e-07	-2.785033e-02	-2.449465e-06	 3.117162e-06	 0.000000e+00	 1.504679e+01	 1.503223e+01	-2.785033e-02
 3.019952e+00	-2.488094e-03	-1.530644e-06	-2.887568e-02	-3.480527e-06	 2.540480e-06	 0.000000e+00	-1.162958e+02	-1.163044e+02	-2.887568e-02
 3.467369e+00	-1.422461e-02	-2.003501e-06	-2.915479e-02	-3.285747e-06	 2.692526e-06	 0.000000e+00	-2.442422e+02	-2.442446e+02	-2.915479e-02
 3.981072e+00	-2.553803e-02	-2.406275e-06	-2.877908e-02	-3.983156e-06	 3.675277e-06	 0.000000e+00	-3.680617e+02	-3.680577e+02	-2.877908e-02
 4.570882e+00	-3.636813e-02	-2.744581e-06	-2.784744e-02	-4.488585e-06	 5.593077e-06	 0.000000e+00	-4.872980e+02	-4.872874e+02	-2.784744e-02
 5.248075e+00	-4.668704e-02	-3.025753e-06	-2.646817e-02	-5.027929e-06	 5.248599e-06	 0.000000e+00	-6.016221e+02	-6.016049e+02	-2.646817e-02
 6.025596e+00	-5.648148e-02	-3.257843e-06	-2.472563e-02	-1.999542e-06	-2.291160e-06	 0.000000e+00	-7.107826e+02	-7.107588e+02	-2.472563e-02
 6.918310e+00	-6.574911e-02	-3.448869e-06	-2.272516e-02	-3.287118e-06	-1.484628e-06	 0.000000e+00	-8.146126e+02	-8.145821e+02	-2.272516e-02
 7.943282e+00	-7.449892e-02	-3.606291e-06	-2.055157e-02	-3.903348e-06	-1.075058e-06	 0.000000e+00	-9.130843e+02	-9.130473e+02	-2.055157e-02
 9.120108e+00	-8.274009e-02	-3.736705e-06	-1.829158e-02	-1.330206e-06	-8.423871e-07	 0.000000e+00	-1.006170e+03	-1.006126e+03	-1.829158e-02
 1.047129e+01	-9.049208e-02	-3.845716e-06	-1.600926e-02	-1.041113e-06	-7.186378e-07	 0.000000e+00	-1.093988e+03	-1.093938e+03	-1.600926e-02
 1.202264e+01	-9.776955e-02	-3.937975e-06	-1.376111e-02	-3.479708e-06	-7.832936e-07	 0.000000e+00	-1.176488e+03	-1.176432e+03	-1.376111e-02
 1.380384e+01	-1.045899e-01	-4.017041e-06	-1.159136e-02	-5.553921e-06	-1.050716e-06	 0.000000e+00	-1.253840e+03	-1.253779e+03	-1.159136e-02
 1.584893e+01	-1.109712e-01	-4.085801e-06	-9.535305e-03	-7.370842e-06	-1.145890e-06	 0.000000e+00	-1.326209e+03	-1.326143e+03	-9.535305e-03
 1.819701e+01	-1.169307e-01	-4.146418e-06	-7.618507e-03	-9.011655e-06	-1.049565e-06	 0.000000e+00	-1.393702e+03	-1.393631e+03	-7.618507e-03
 2.089296e+01	-1.224918e-01	-4.200470e-06	-5.858094e-03	 1.327932e-05	-9.778125e-07	 0.000000e+00	-1.456654e+03	-1.456577e+03	-5.858094e-03
 2.398833e+01	-1.276708e-01	-4.249083e-06	-4.263674e-03	 1.280666e-05	-8.865448e-07	 0.000000e+00	-1.515160e+03	-1.515079e+03	-4.263674e-03
 2.754229e+01	-1.324843e-01	-4.293143e-06	-2.838257e-03	 1.214487e-05	-1.109582e-06	 0.000000e+00	-1.569451e+03	-1.569366e+03	-2.838257e-03
 3.162278e+01	-1.369576e-01	-4.333307e-06	-1.581095e-03	 1.138358e-05	-1.452657e-06	 0.000000e+00	-1.619732e+03	-1.619644e+03	-1.581095e-03
 3.630781e+01	-1.411021e-01	-4.369957e-06	-4.863770e-04	 1.053306e-05	-1.644680e-06	 0.000000e+00	-1.666216e+03	-1.666123e+03	-4.863770e-04
 4.168694e+01	-1.449375e-01	-4.403431e-06	 4.540317e-04	 9.692076e-06	-1.662184e-06	 0.000000e+00	-1.709117e+03	-1.709022e+03	 4.540317e-04
 4.786301e+01	-1.484811e-01	-4.434109e-06	 1.249254e-03	-2.202385e-06	-1.951152e-06	 0.000000e+00	-1.748652e+03	-1.748553e+03	 1.249254e-03
 5.495409e+01	-1.517502e-01	-4.461958e-06	 1.910976e-03	-2.236498e-06	-2.211603e-06	 0.000000e+00	-1.785046e+03	-1.784944e+03	 1.910976e-03
 6.309573e+01	-1.547616e-01	-4.487372e-06	 2.450354e-03	-2.262900e-06	-2.491044e-06	 0.000000e+00	-1.818482e+03	-1.818377e+03	 2.450354e-03
 7.244360e+01	-1.575325e-01	-4.510451e-06	 2.879761e-03	-2.250267e-06	-2.669925e-06	 0.000000e+00	-1.849157e+03	-1.849050e+03	 2.879761e-03
 8.317638e+01	-1.600776e-01	-4.531393e-06	 3.211022e-03	-2.217186e-06	-8.300185e-08	 0.000000e+00	-1.877269e+03	-1.877159e+03	 3.211022e-03
 9.549926e+01	-1.624128e-01	-4.550275e-06	 3.455660e-03	 7.245596e-07	 3.486717e-07	 0.000000e+00	-1.902994e+03	-1.902883e+03	 3.455660e-03
 1.096478e+02	-1.645517e-01	-4.567311e-06	 3.623423e-03	 1.448567e-06	 4.842400e-07	 0.000000e+00	-1.926515e+03	-1.926401e+03	 3.623423e-03
 1.258925e+02	-1.665088e-01	-4.582695e-06	 3.725983e-03	 1.879104e-06	 1.157626e-06	 0.000000e+00	-1.947988e+03	-1.947873e+03	 3.725983e-03
 1.445440e+02	-1.682977e-01	-4.596440e-06	 3.772124e-03	 2.197186e-06	 1.592288e-06	 0.000000e+00	-1.967587e+03	-1.967471e+03	 3.772124e-03
 1.659587e+02	-1.699319e-01	-4.608759e-06	 3.772974e-03	-6.715506e-06	 1.484213e-06	 0.000000e+00	-1.985443e+03	-1.985325e+03	 3.772974e-03
 1.905461e+02	-1.714229e-01	-4.619683e-06	 3.733990e-03	 6.184420e-06	 1.471997e-06	 0.000000e+00	-2.001680e+03	-2.001561e+03	 3.733990e-03
 2.187762e+02	-1.727800e-01	-4.629387e-06	 3.662818e-03	 8.577677e-06	 1.521401e-06	 0.000000e+00	-2.016458e+03	-2.016337e+03	 3.662818e-03
 2.511886e+02	-1.740154e-01	-4.638045e-06	 3.563353e-03	 6.917899e-06	 1.814294e-06	 0.000000e+00	-2.029868e+03	-2.029746e+03	 3.563353e-03
 2.884032e+02	-1.751390e-01	-4.645761e-06	 3.446142e-03	 3.066391e-06	 1.468156e-06	 0.000000e+00	-2.042060e+03	-2.041937e+03	 3.446142e-03
 3.311311e+02	-1.761594e-01	-4.652616e-06	 3.314091e-03	 4.981142e-06	 1.234151e-06	 0.000000e+00	-2.053122e+03	-2.052998e+03	 3.314091e-03
 3.801894e+02	-1.770866e-01	-4.658697e-06	 3.171028e-03	 1.063126e-05	 8.229102e-07	 0.000000e+00	-2.063132e+03	-2.063007e+03	 3.171028e-03
 4.365158e+02	-1.779281e-01	-4.663911e-06	 3.017787e-03	 1.126736e-05	 7.016767e-07	 0.000000e+00	-2.072205e+03	-2.072080e+03	 3.017787e-03
 5.011872e+02	-1.786889e-01	-4.668608e-06	 2.861601e-03	 1.489320e-05	-3.046098e-07	 0.000000e+00	-2.080409e+03	-2.080283e+03	 2.861601e-03
 5.754399e+02	-1.793803e-01	-4.672750e-06	 2.703355e-03	 1.751882e-05	-4.161859e-07	 0.000000e+00	-2.087862e+03	-2.087736e+03	 2.703355e-03
 6.606934e+02	-1.800042e-01	-4.676356e-06	 2.545172e-03	 3.004557e-06	-4.285471e-07	 0.000000e+00	-2.094565e+03	-2.094438e+03	 2.545172e-03
 7.585776e+02	-1.805711e-01	-4.679493e-06	 2.388783e-03	 1.278288e-05	-4.038640e-07	 0.000000e+00	-2.100643e+03	-2.100515e+03	 2.388783e-03
 8.709636e+02	-1.810810e-01	-4.682294e-06	 2.235422e-03	 1.805677e-05	-3.721206e-07	 0.000000e+00	-2.106454e+03	-2.106326e+03	 2.235422e-03
 1.000000e+03	-1.815726e-01	-4.684731e-06	 2.086530e-03	-7.612740e-06	-3.481568e-07	 0.000000e+00	-2.111472e+03	-2.111344e+03	 2.086530e-03
