 1.000000e-03	 2.170322e-04	 4.391023e-08	 2.169844e-04	-4.471800e-22	 0.000000e+00	 0.000000e+00	 2.561892e-04	 3.920483e-05	 2.169844e-04
 1.148154e-03	 2.325609e-04	 5.401700e-08	 2.325020e-04	-5.875196e-21	 0.000000e+00	 0.000000e+00	 2.745168e-04	 4.201478e-05	 2.325020e-04
 1.318257e-03	 2.492017e-04	 6.644923e-08	 2.491292e-04	 5.362626e-20	-6.309699e-20	 0.000000e+00	 2.941563e-04	 4.502708e-05	 2.491292e-04
 1.513561e-03	 2.670345e-04	 8.174166e-08	 2.669454e-04	-4.274894e-20	 5.026246e-20	 0.000000e+00	 3.152019e-04	 4.825653e-05	 2.669454e-04
 1.737801e-03	 2.861450e-04	 1.005519e-07	 2.860354e-04	-1.020206e-20	-1.341207e-21	 0.000000e+00	 3.377544e-04	 5.171906e-05	 2.860354e-04
 1.995262e-03	 3.066251e-04	 1.236884e-07	 3.064903e-04	-5.783115e-21	 0.000000e+00	 0.000000e+00	 3.619221e-04	 5.543181e-05	 3.064903e-04
 2.290868e-03	 3.285735e-04	 1.521453e-07	 3.284076e-04	-7.014064e-20	 6.634140e-20	 0.000000e+00	 3.878209e-04	 5.941327e-05	 3.284076e-04
 2.630268e-03	 3.520958e-04	 1.871448e-07	 3.518918e-04	 2.048331e-21	 0.000000e+00	 0.000000e+00	 4.155752e-04	 6.368339e-05	 3.518918e-04
 3.019952e-03	 3.773057e-04	 2.301893e-07	 3.770547e-04	-7.383634e-21	 0.000000e+00	 0.000000e+00	 4.453185e-04	 6.826372e-05	 3.770547e-04
 3.467369e-03	 4.043251e-04	 2.831253e-07	 4.040164e-04	-5.372330e-21	 2.045255e-21	 0.000000e+00	 4.771940e-04	 7.317755e-05	 4.040164e-04
 3.981072e-03	 4.332848e-04	 3.482223e-07	 4.329051e-04	 1.053045e-19	-8.252365e-20	 0.000000e+00	 5.113552e-04	 7.845007e-05	 4.329051e-04
 4.570882e-03	 4.643254e-04	 4.282688e-07	 4.638584e-04	 1.401465e-20	-9.447266e-22	 0.000000e+00	 5.479671e-04	 8.410861e-05	 4.638584e-04
 5.248075e-03	 4.975980e-04	 5.266905e-07	 4.970236e-04	 4.505575e-20	-3.058913e-20	 0.000000e+00	 5.872065e-04	 9.018283e-05	 4.970236e-04
 6.025596e-03	 5.332648e-04	 6.476954e-07	 5.325583e-04	-4.113206e-20	 4.424826e-20	 0.000000e+00	 6.292635e-04	 9.670495e-05	 5.325583e-04
 6.918310e-03	 5.715003e-04	 7.964506e-07	 5.706316e-04	-6.234989e-20	 5.215742e-20	 0.000000e+00	 6.743420e-04	 1.037101e-04	 5.706316e-04
 7.943282e-03	 6.124923e-04	 9.792996e-07	 6.114241e-04	-1.272050e-20	-1.225903e-21	 0.000000e+00	 7.226611e-04	 1.112366e-04	 6.114241e-04
 9.120108e-03	 6.564429e-04	 1.204028e-06	 6.551294e-04	-6.565874e-20	 6.986927e-20	 0.000000e+00	 7.744563e-04	 1.193263e-04	 6.551294e-04
 1.047129e-02	 7.035694e-04	 1.480185e-06	 7.019545e-04	-6.187048e-21	-9.911078e-22	 0.000000e+00	 8.299807e-04	 1.280254e-04	 7.019545e-04
 1.202264e-02	 7.541064e-04	 1.819485e-06	 7.521211e-04	 1.001975e-19	-7.047157e-20	 0.000000e+00	 8.895064e-04	 1.373841e-04	 7.521211e-04
 1.380384e-02	 8.083065e-04	 2.236284e-06	 8.058661e-04	-2.438022e-21	-1.526146e-20	 0.000000e+00	 9.533262e-04	 1.474584e-04	 8.058661e-04
 1.584893e-02	 8.664422e-04	 2.748167e-06	 8.634428e-04	-3.248778e-20	 5.949224e-20	 0.000000e+00	 1.021755e-03	 1.583098e-04	 8.634428e-04
 1.819701e-02	 9.288078e-04	 3.376667e-06	 9.251219e-04	 1.027433e-19	-8.587320e-20	 0.000000e+00	 1.095132e-03	 1.700066e-04	 9.251219e-04
 2.089296e-02	 9.957212e-04	 4.148126e-06	 9.911925e-04	-6.831371e-20	 2.893785e-21	 0.000000e+00	 1.173822e-03	 1.826249e-04	 9.911925e-04
 2.398833e-02	 1.067526e-03	 5.094743e-06	 1.061963e-03	-2.312966e-19	 1.970535e-19	 0.000000e+00	 1.258219e-03	 1.962496e-04	 1.061963e-03
 2.754229e-02	 1.144594e-03	 6.255842e-06	 1.137762e-03	 2.987277e-19	-2.361341e-19	 0.000000e+00	 1.348747e-03	 2.109759e-04	 1.137762e-03
 3.162278e-02	 1.227329e-03	 7.679394e-06	 1.218939e-03	-9.072499e-20	 1.017331e-19	 0.000000e+00	 1.445863e-03	 2.269108e-04	 1.218939e-03
 3.630781e-02	 1.316165e-03	 9.423847e-06	 1.305866e-03	-1.893161e-19	 6.807067e-20	 0.000000e+00	 1.550059e-03	 2.441750e-04	 1.305866e-03
 4.168694e-02	 1.411575e-03	 1.156031e-05	 1.398937e-03	 1.827919e-20	 1.057673e-20	 0.000000e+00	 1.661868e-03	 2.629053e-04	 1.398937e-03
 4.786301e-02	 1.514073e-03	 1.417516e-05	 1.498569e-03	 2.391727e-19	-1.659097e-19	 0.000000e+00	 1.781863e-03	 2.832567e-04	 1.498569e-03
 5.495409e-02	 1.624212e-03	 1.737311e-05	 1.605201e-03	 1.911550e-19	-1.885850e-19	 0.000000e+00	 1.910660e-03	 3.054062e-04	 1.605201e-03
 6.309573e-02	 1.742594e-03	 2.128086e-05	 1.719295e-03	 1.804980e-20	 4.055686e-20	 0.000000e+00	 2.048924e-03	 3.295555e-04	 1.719295e-03
 7.244360e-02	 1.869870e-03	 2.605127e-05	 1.841330e-03	-5.006951e-20	-3.278171e-21	 0.000000e+00	 2.197370e-03	 3.559354e-04	 1.841330e-03
 8.317638e-02	 2.006742e-03	 3.186832e-05	 1.971804e-03	-1.546601e-19	 1.539290e-19	 0.000000e+00	 2.356761e-03	 3.848106e-04	 1.971804e-03
 9.549926e-02	 2.153967e-03	 3.895267e-05	 2.111227e-03	 5.024920e-20	-6.716260e-21	 0.000000e+00	 2.527918e-03	 4.164845e-04	 2.111227e-03
 1.096478e-01	 2.312356e-03	 4.756802e-05	 2.260113e-03	 2.837348e-19	-1.957522e-19	 0.000000e+00	 2.711710e-03	 4.513054e-04	 2.260113e-03
 1.258925e-01	 2.482776e-03	 5.802811e-05	 2.418975e-03	 3.837637e-20	-5.921628e-20	 0.000000e+00	 2.909057e-03	 4.896727e-04	 2.418975e-03
 1.445440e-01	 2.666144e-03	 7.070445e-05	 2.588308e-03	-7.695418e-20	-9.531973e-20	 0.000000e+00	 3.120926e-03	 5.320435e-04	 2.588308e-03
 1.659587e-01	 2.863420e-03	 8.603437e-05	 2.768570e-03	-3.825268e-19	 2.888576e-19	 0.000000e+00	 3.348317e-03	 5.789404e-04	 2.768570e-03
 1.905461e-01	 3.075600e-03	 1.045294e-04	 2.960167e-03	-5.158589e-20	-9.546685e-20	 0.000000e+00	 3.592257e-03	 6.309577e-04	 2.960167e-03
 2.187762e-01	 3.303694e-03	 1.267834e-04	 3.163414e-03	 3.999717e-19	-3.588709e-19	 0.000000e+00	 3.853770e-03	 6.887689e-04	 3.163414e-03
 2.511886e-01	 3.548702e-03	 1.534794e-04	 3.378506e-03	 2.097203e-20	-2.484410e-19	 0.000000e+00	 4.133860e-03	 7.531313e-04	 3.378506e-03
 2.884032e-01	 3.811582e-03	 1.853954e-04	 3.605465e-03	 8.087620e-20	 9.605325e-20	 0.000000e+00	 4.433463e-03	 8.248900e-04	 3.605465e-03
 3.311311e-01	 4.093204e-03	 2.234066e-04	 3.844089e-03	 1.846401e-19	 8.510018e-21	 0.000000e+00	 4.753407e-03	 9.049772e-04	 3.844089e-03
 3.801894e-01	 4.394291e-03	 2.684832e-04	 4.093884e-03	 2.799730e-20	-1.863656e-19	 0.000000e+00	 5.094343e-03	 9.944078e-04	 4.093884e-03
 4.365158e-01	 4.715348e-03	 3.216826e-04	 4.353989e-03	 1.582067e-19	-4.912920e-20	 0.000000e+00	 5.456676e-03	 1.094267e-03	 4.353989e-03
 5.011872e-01	 5.056579e-03	 3.841318e-04	 4.623089e-03	 5.282235e-20	-1.341756e-19	 0.000000e+00	 5.840471e-03	 1.205691e-03	 4.623089e-03
 5.754399e-01	 5.417784e-03	 4.570001e-04	 4.899326e-03	 2.484758e-19	 1.766992e-19	 0.000000e+00	 6.245350e-03	 1.329832e-03	 4.899326e-03
 6.606934e-01	 5.798254e-03	 5.414575e-04	 5.180206e-03	-1.871150e-19	-1.384703e-19	 0.000000e+00	 6.670380e-03	 1.467810e-03	 5.180206e-03
 7.585776e-01	 6.196646e-03	 6.386165e-04	 5.462506e-03	 4.671846e-19	-3.019848e-19	 0.000000e+00	 7.113950e-03	 1.620652e-03	 5.462506e-03
 8.709636e-01	 6.610869e-03	 7.494563e-04	 5.742203e-03	 2.551319e-19	-8.299964e-20	 0.000000e+00	 7.573647e-03	 1.789202e-03	 5.742203e-03
 1.000000e+00	 7.037964e-03	 8.747262e-04	 6.014407e-03	 3.527332e-19	-1.451624e-19	 0.000000e+00	 8.046142e-03	 1.974014e-03	 6.014407e-03
 1.148154e+00	 7.474011e-03	 1.014830e-03	 6.273347e-03	-5.588692e-20	 3.102020e-19	 0.000000e+00	 8.527088e-03	 2.175229e-03	 6.273347e-03
 1.318257e+00	 7.914057e-03	 1.169694e-03	 6.512386e-03	 4.380133e-19	-1.073929e-19	 0.000000e+00	 9.011053e-03	 2.392421e-03	 6.512386e-03
 1.513561e+00	 8.352091e-03	 1.338620e-03	 6.724099e-03	-4.228025e-18	 4.518744e-18	 0.000000e+00	 9.491500e-03	 2.624436e-03	 6.724099e-03
 1.737801e+00	 8.781075e-03	 1.520143e-03	 6.900428e-03	-2.209601e-19	-2.655919e-19	 0.000000e+00	 9.960818e-03	 2.869231e-03	 6.900428e-03
 1.995262e+00	 9.193054e-03	 1.711892e-03	 7.032911e-03	-5.002010e-18	 4.296186e-18	 0.000000e+00	 1.041044e-02	 3.123723e-03	 7.032911e-03
 2.290868e+00	 9.579344e-03	 1.910493e-03	 7.113000e-03	 6.119168e-20	-6.073945e-19	 0.000000e+00	 1.083105e-02	 3.383668e-03	 7.113000e-03
 2.630268e+00	 9.930819e-03	 2.111517e-03	 7.132466e-03	-5.386905e-19	 8.556539e-19	 0.000000e+00	 1.121287e-02	 3.643604e-03	 7.132466e-03
 3.019952e+00	 1.023829e-02	 2.309510e-03	 7.083878e-03	 2.220598e-18	-2.400731e-18	 0.000000e+00	 1.154605e-02	 3.896887e-03	 7.083878e-03
 3.467369e+00	 1.049296e-02	 2.498129e-03	 6.961147e-03	 7.307656e-19	-4.327404e-19	 0.000000e+00	 1.182119e-02	 4.135832e-03	 6.961147e-03
 3.981072e+00	 1.068694e-02	 2.670390e-03	 6.760077e-03	-5.295748e-18	 6.038873e-18	 0.000000e+00	 1.202980e-02	 4.352000e-03	 6.760077e-03
 4.570882e+00	 1.081375e-02	 2.819046e-03	 6.478902e-03	 5.862704e-19	-8.869084e-19	 0.000000e+00	 1.216491e-02	 4.536623e-03	 6.478902e-03
 5.248075e+00	 1.086884e-02	 2.937062e-03	 6.118733e-03	-6.783121e-19	-4.159639e-20	 0.000000e+00	 1.222155e-02	 4.681162e-03	 6.118733e-03
 6.025596e+00	 1.084994e-02	 3.018179e-03	 5.683857e-03	 1.128520e-18	-2.319803e-18	 0.000000e+00	 1.219715e-02	 4.777953e-03	 5.683857e-03
 6.918310e+00	 1.075728e-02	 3.057477e-03	 5.181840e-03	 1.895501e-19	-3.723229e-19	 0.000000e+00	 1.209181e-02	 4.820888e-03	 5.181840e-03
 7.943282e+00	 1.059364e-02	 3.051895e-03	 4.623370e-03	 1.807430e-18	-1.571745e-18	 0.000000e+00	 1.190831e-02	 4.806032e-03	 4.623370e-03
 9.120108e+00	 1.036415e-02	 3.000605e-03	 4.021838e-03	 4.777855e-18	-4.536719e-18	 0.000000e+00	 1.165196e-02	 4.732100e-03	 4.021838e-03
 1.047129e+01	 1.007586e-02	 2.905194e-03	 3.392670e-03	 1.276081e-17	-1.285743e-17	 0.000000e+00	 1.133016e-02	 4.600704e-03	 3.392670e-03
 1.202264e+01	 9.737273e-03	 2.769597e-03	 2.752454e-03	-6.107964e-19	 2.876939e-19	 0.000000e+00	 1.095193e-02	 4.416326e-03	 2.752454e-03
 1.380384e+01	 9.357631e-03	 2.599791e-03	 2.117952e-03	 1.733122e-18	-2.067423e-18	 0.000000e+00	 1.052717e-02	 4.185993e-03	 2.117952e-03
 1.584893e+01	 8.946359e-03	 2.403277e-03	 1.505100e-03	 7.276077e-18	-7.269079e-18	 0.000000e+00	 1.006607e-02	 3.918702e-03	 1.505100e-03
 1.819701e+01	 8.512492e-03	 2.188428e-03	 9.280985e-04	 2.006382e-18	-1.789682e-18	 0.000000e+00	 9.578540e-03	 3.624671e-03	 9.280985e-04
 2.089296e+01	 8.064282e-03	 1.963799e-03	 3.986902e-04	 2.673864e-18	-3.650895e-18	 0.000000e+00	 9.073739e-03	 3.314518e-03	 3.986902e-04
 2.398833e+01	 7.608942e-03	 1.737477e-03	-7.431517e-05	 1.548768e-17	-1.568193e-17	 0.000000e+00	 8.559803e-03	 2.998479e-03	-7.431517e-05
 2.754229e+01	 7.152554e-03	 1.516565e-03	-4.852404e-04	 3.086811e-18	-2.909453e-18	 0.000000e+00	 8.043719e-03	 2.685757e-03	-4.852404e-04
 3.162278e+01	 6.700101e-03	 1.306831e-03	-8.314794e-04	 1.090536e-19	 2.736656e-21	 0.000000e+00	 7.531319e-03	 2.384057e-03	-8.314794e-04
 3.630781e+01	 6.255579e-03	 1.112540e-03	-1.113216e-03	-1.067120e-19	-3.047467e-21	 0.000000e+00	 7.027368e-03	 2.099342e-03	-1.113216e-03
 4.168694e+01	 5.822148e-03	 9.364614e-04	-1.332987e-03	-2.415724e-17	 2.451868e-17	 0.000000e+00	 6.535703e-03	 1.835779e-03	-1.332987e-03
 4.786301e+01	 5.402288e-03	 7.799923e-04	-1.495153e-03	 1.946317e-18	-2.315892e-19	 0.000000e+00	 6.059376e-03	 1.595849e-03	-1.495153e-03
 5.495409e+01	 4.997941e-03	 6.433809e-04	-1.605354e-03	 1.798336e-20	 8.766655e-21	 0.000000e+00	 5.600791e-03	 1.380577e-03	-1.605354e-03
 6.309573e+01	 4.610616e-03	 5.259814e-04	-1.669986e-03	 3.659533e-18	-1.073971e-18	 0.000000e+00	 5.161809e-03	 1.189813e-03	-1.669986e-03
 7.244360e+01	 4.241464e-03	 4.265155e-04	-1.695748e-03	 1.779950e-17	-1.703370e-17	 0.000000e+00	 4.743837e-03	 1.022531e-03	-1.695748e-03
 8.317638e+01	 3.891331e-03	 3.433094e-04	-1.689270e-03	 1.051139e-18	 5.397296e-19	 0.000000e+00	 4.347882e-03	 8.771111e-04	-1.689270e-03
 9.549926e+01	 3.560787e-03	 2.744926e-04	-1.656845e-03	-2.536968e-17	 2.882307e-17	 0.000000e+00	 3.974595e-03	 7.515840e-04	-1.656845e-03
 1.096478e+02	 3.250148e-03	 2.181517e-04	-1.604234e-03	 8.649676e-19	 5.078977e-19	 0.000000e+00	 3.624308e-03	 6.438242e-04	-1.604234e-03
 1.258925e+02	 2.959493e-03	 1.724402e-04	-1.536557e-03	 1.590436e-18	 9.316964e-19	 0.000000e+00	 3.297060e-03	 5.516969e-04	-1.536557e-03
 1.445440e+02	 2.688685e-03	 1.356495e-04	-1.458246e-03	 2.290864e-18	 9.802230e-19	 0.000000e+00	 2.992628e-03	 4.731585e-04	-1.458246e-03
 1.659587e+02	 2.437387e-03	 1.062492e-04	-1.373045e-03	-1.573202e-17	 1.750110e-17	 0.000000e+00	 2.710557e-03	 4.063199e-04	-1.373045e-03
 1.905461e+02	 2.205088e-03	 8.290249e-05	-1.284041e-03	-2.977027e-17	 2.963975e-17	 0.000000e+00	 2.450198e-03	 3.494798e-04	-1.284041e-03
 2.187762e+02	 1.991131e-03	 6.446618e-05	-1.193721e-03	-1.709157e-20	 2.363913e-20	 0.000000e+00	 2.210734e-03	 3.011371e-04	-1.193721e-03
 2.511886e+02	 1.794739e-03	 4.997905e-05	-1.104039e-03	-2.120736e-17	 2.202462e-17	 0.000000e+00	 1.991223e-03	 2.599875e-04	-1.104039e-03
 2.884032e+02	 1.615043e-03	 3.864450e-05	-1.016485e-03	 1.151102e-18	 7.660394e-19	 0.000000e+00	 1.790626e-03	 2.249120e-04	-1.016485e-03
 3.311311e+02	 1.451109e-03	 2.981035e-05	-9.321577e-04	-1.670118e-17	 1.422145e-17	 0.000000e+00	 1.607839e-03	 1.949589e-04	-9.321577e-04
 3.801894e+02	 1.301963e-03	 2.294814e-05	-8.518297e-04	 4.217168e-20	 1.337025e-20	 0.000000e+00	 1.441723e-03	 1.693251e-04	-8.518297e-04
 4.365158e+02	 1.166613e-03	 1.763343e-05	-7.760073e-04	 1.221922e-18	 9.095274e-19	 0.000000e+00	 1.291126e-03	 1.473358e-04	-7.760073e-04
 5.011872e+02	 1.044068e-03	 1.352791e-05	-7.049848e-04	-2.224231e-17	 1.164855e-17	 0.000000e+00	 1.154904e-03	 1.284260e-04	-7.049848e-04
 5.754399e+02	 9.333517e-04	 1.036368e-05	-6.388894e-04	-1.132622e-19	-4.714279e-20	 0.000000e+00	 1.031937e-03	 1.121236e-04	-6.388894e-04
 6.606934e+02	 8.335174e-04	 7.929784e-06	-5.777202e-04	 6.233592e-19	 5.352327e-19	 0.000000e+00	 9.211452e-04	 9.803428e-05	-5.777202e-04
 7.585776e+02	 7.436555e-04	 6.060924e-06	-5.213805e-04	 1.449951e-19	 1.373653e-19	 0.000000e+00	 8.214936e-04	 8.582862e-05	-5.213805e-04
 8.709636e+02	 6.629014e-04	 4.628119e-06	-4.697040e-04	 1.661054e-19	 1.256728e-19	 0.000000e+00	 7.320027e-04	 7.523089e-05	-4.697040e-04
 1.000000e+03	 5.904400e-04	 3.531097e-06	-4.224761e-04	 1.782332e-17	-9.574763e-19	 0.000000e+00	 6.517517e-04	 6.600995e-05	-4.224761e-04
