 1.000000e-03	-7.820709e-06	-1.461286e-12	-8.365544e-06	 3.508450e-12	-3.804094e-12	 1.861961e-16	-1.410228e-01	-1.410150e-01	-7.807508e-06
 1.148154e-03	-9.431392e-06	-2.024653e-12	-1.009944e-05	 4.537547e-12	-4.896710e-12	 2.772742e-16	-1.700398e-01	-1.700304e-01	-9.413098e-06
 1.318257e-03	-1.136916e-05	-2.804012e-12	-1.218793e-05	 5.880572e-12	-6.304896e-12	 4.123050e-16	-2.049391e-01	-2.049277e-01	-1.134382e-05
 1.513561e-03	-1.369924e-05	-3.881617e-12	-1.470226e-05	 7.622057e-12	-8.128728e-12	 6.121179e-16	-2.468896e-01	-2.468759e-01	-1.366416e-05
 1.737801e-03	-1.649956e-05	-5.370786e-12	-1.772760e-05	 9.876339e-12	-1.047387e-11	 9.071703e-16	-2.972864e-01	-2.972699e-01	-1.645101e-05
 1.995262e-03	-1.986313e-05	-7.427504e-12	-2.136575e-05	 1.280199e-11	-1.354431e-11	 1.341342e-15	-3.577925e-01	-3.577727e-01	-1.979596e-05
 2.290868e-03	-2.390085e-05	-1.026630e-11	-2.573817e-05	 1.663527e-11	-1.753803e-11	 1.970099e-15	-4.303880e-01	-4.303642e-01	-2.380799e-05
 2.630268e-03	-2.874465e-05	-1.418195e-11	-3.098964e-05	 2.162746e-11	-2.270437e-11	 2.882672e-15	-5.174242e-01	-5.173956e-01	-2.861633e-05
 3.019952e-03	-3.455211e-05	-1.957907e-11	-3.729255e-05	 2.821272e-11	-2.940738e-11	 4.202580e-15	-6.217044e-01	-6.216700e-01	-3.437489e-05
 3.467369e-03	-4.150995e-05	-2.701244e-11	-4.485180e-05	 3.685685e-11	-3.812049e-11	 6.114279e-15	-7.465421e-01	-7.465008e-01	-4.126534e-05
 3.981072e-03	-4.984002e-05	-3.724183e-11	-5.391064e-05	 4.847608e-11	-4.941195e-11	 8.862585e-15	-8.958645e-01	-8.958150e-01	-4.950262e-05
 4.570882e-03	-5.980538e-05	-5.130630e-11	-6.475685e-05	 6.375738e-11	-6.408044e-11	 1.277862e-14	-1.074314e+00	-1.074255e+00	-5.934029e-05
 5.248075e-03	-7.171748e-05	-7.062491e-11	-7.773219e-05	 8.390656e-11	-8.338007e-11	 1.838165e-14	-1.287367e+00	-1.287296e+00	-7.107686e-05
 6.025596e-03	-8.594451e-05	-9.713256e-11	-9.323867e-05	 1.103761e-10	-1.087121e-10	 2.605680e-14	-1.541472e+00	-1.541387e+00	-8.506280e-05
 6.918310e-03	-1.029211e-04	-1.334627e-10	-1.117502e-04	 1.450593e-10	-1.424910e-10	 3.640486e-14	-1.844204e+00	-1.844102e+00	-1.017085e-04
 7.943282e-03	-1.231592e-04	-1.831929e-10	-1.338234e-04	 1.904598e-10	-1.865754e-10	 5.002093e-14	-2.204439e+00	-2.204317e+00	-1.214932e-04
 9.120108e-03	-1.472611e-04	-2.511722e-10	-1.601102e-04	 2.500001e-10	-2.444177e-10	 6.689435e-14	-2.632548e+00	-2.632403e+00	-1.449743e-04
 1.047129e-02	-1.759334e-04	-3.439579e-10	-1.913718e-04	 3.274452e-10	-3.198877e-10	 8.913633e-14	-3.140615e+00	-3.140441e+00	-1.727977e-04
 1.202264e-02	-2.100035e-04	-4.703934e-10	-2.284937e-04	 4.286443e-10	-4.179684e-10	 1.166507e-13	-3.742662e+00	-3.742455e+00	-2.057087e-04
 1.380384e-02	-2.504380e-04	-6.423688e-10	-2.725013e-04	 5.536711e-10	-5.449320e-10	 1.451218e-13	-4.454909e+00	-4.454664e+00	-2.445628e-04
 1.584893e-02	-2.983623e-04	-8.758175e-10	-3.245772e-04	 7.143907e-10	-7.092937e-10	 1.653026e-13	-5.296027e+00	-5.295736e+00	-2.903360e-04
 1.819701e-02	-3.550838e-04	-1.192009e-09	-3.860774e-04	 9.224249e-10	-9.210454e-10	 1.789541e-13	-6.287408e+00	-6.287062e+00	-3.441347e-04
 2.089296e-02	-4.221153e-04	-1.619222e-09	-4.585468e-04	 1.189656e-09	-1.190817e-09	 1.735066e-13	-7.453420e+00	-7.453010e+00	-4.072027e-04
 2.398833e-02	-5.012009e-04	-2.194862e-09	-5.437332e-04	 1.530368e-09	-1.532365e-09	 1.112348e-13	-8.821642e+00	-8.821159e+00	-4.809253e-04
 2.754229e-02	-5.943431e-04	-2.968153e-09	-6.435965e-04	 1.965660e-09	-1.945566e-09	-4.169325e-14	-1.042307e+01	-1.042249e+01	-5.668279e-04
 3.162278e-02	-7.038293e-04	-4.003457e-09	-7.603124e-04	 2.530544e-09	-2.458747e-09	-3.447044e-13	-1.229220e+01	-1.229153e+01	-6.665671e-04
 3.630781e-02	-8.322576e-04	-5.384347e-09	-8.962663e-04	 3.172268e-09	-3.094820e-09	-7.109984e-13	-1.446711e+01	-1.446632e+01	-7.819105e-04
 4.168694e-02	-9.825600e-04	-7.218464e-09	-1.054035e-03	 3.894717e-09	-3.870793e-09	-1.179920e-12	-1.698923e+01	-1.698831e+01	-9.147035e-04
 4.786301e-02	-1.158021e-03	-9.643164e-09	-1.236347e-03	 4.718236e-09	-4.812122e-09	-2.032439e-12	-1.990308e+01	-1.990200e+01	-1.066816e-03
 5.495409e-02	-1.362284e-03	-1.283185e-08	-1.446029e-03	 5.671116e-09	-5.937958e-09	-3.217337e-12	-2.325562e+01	-2.325435e+01	-1.240067e-03
 6.309573e-02	-1.599347e-03	-1.700070e-08	-1.685905e-03	 6.751689e-09	-7.211323e-09	-4.389740e-12	-2.709528e+01	-2.709381e+01	-1.436117e-03
 7.244360e-02	-1.873540e-03	-2.241536e-08	-1.958679e-03	 7.981293e-09	-8.640183e-09	-5.372353e-12	-3.147057e+01	-3.146887e+01	-1.656327e-03
 8.317638e-02	-2.189467e-03	-2.939661e-08	-2.266756e-03	 9.293073e-09	-1.026363e-08	-3.066281e-12	-3.642823e+01	-3.642627e+01	-1.901580e-03
 9.549926e-02	-2.551923e-03	-3.832388e-08	-2.612022e-03	 1.089415e-08	-1.205299e-08	 1.357331e-12	-4.201074e+01	-4.200848e+01	-2.172047e-03
 1.096478e-01	-2.965753e-03	-4.963484e-08	-2.995560e-03	 1.265640e-08	-1.375955e-08	 3.110783e-12	-4.825324e+01	-4.825065e+01	-2.466919e-03
 1.258925e-01	-3.435657e-03	-6.381863e-08	-3.417317e-03	 1.501290e-08	-1.529850e-08	 4.780399e-12	-5.517981e+01	-5.517686e+01	-2.784083e-03
 1.445440e-01	-3.965917e-03	-8.140024e-08	-3.875712e-03	 1.764739e-08	-1.651727e-08	-2.641060e-12	-6.279897e+01	-6.279562e+01	-3.119772e-03
 1.659587e-01	-4.560040e-03	-1.029127e-07	-4.367237e-03	 2.050313e-08	-1.763793e-08	 1.968379e-09	-7.109902e+01	-7.109523e+01	-3.468184e-03
 1.905461e-01	-5.220302e-03	-1.288547e-07	-4.885866e-03	 2.340131e-08	-1.859261e-08	 2.873842e-09	-8.004251e+01	-8.003826e+01	-3.821123e-03
 2.187762e-01	-5.947209e-03	-1.596313e-07	-5.422838e-03	 2.576917e-08	-1.951090e-08	 4.115848e-09	-8.956096e+01	-8.955620e+01	-4.167688e-03
 2.511886e-01	-6.738851e-03	-1.954789e-07	-5.966152e-03	 2.672922e-08	-2.072573e-08	 5.833240e-09	-9.954962e+01	-9.954433e+01	-4.494095e-03
 2.884032e-01	-7.590198e-03	-2.363754e-07	-6.500380e-03	 2.706736e-08	-2.390354e-08	 8.217977e-09	-1.098583e+02	-1.098525e+02	-4.783643e-03
 3.311311e-01	-8.492376e-03	-2.819452e-07	-7.006658e-03	 2.574298e-08	-2.973345e-08	 1.138533e-08	-1.203066e+02	-1.203002e+02	-5.016931e-03
 3.801894e-01	-9.431959e-03	-3.313700e-07	-7.462976e-03	 2.206159e-08	-3.806681e-08	 1.535783e-08	-1.306543e+02	-1.306473e+02	-5.172515e-03
 4.365158e-01	-1.039040e-02	-3.833190e-07	-7.844349e-03	 1.521565e-08	-3.489233e-08	 2.068765e-08	-1.406194e+02	-1.406118e+02	-5.227875e-03
 5.011872e-01	-1.134362e-02	-4.359194e-07	-8.125733e-03	 3.596695e-09	-1.633410e-08	 2.755713e-08	-1.498762e+02	-1.498681e+02	-5.160805e-03
 5.754399e-01	-1.226190e-02	-4.867826e-07	-8.281504e-03	-1.373853e-08	 7.920335e-09	 3.581912e-08	-1.580597e+02	-1.580509e+02	-4.951343e-03
 6.606934e-01	-1.311011e-02	-5.330784e-07	-8.286331e-03	-3.648699e-08	 5.698596e-08	 4.882641e-08	-1.647775e+02	-1.647682e+02	-4.583849e-03
 7.585776e-01	-1.384840e-02	-5.717593e-07	-8.120693e-03	-6.486501e-08	 1.212529e-07	 6.477969e-08	-1.695971e+02	-1.695874e+02	-4.048992e-03
 8.709636e-01	-1.443321e-02	-5.996060e-07	-7.770533e-03	-9.696594e-08	 1.990133e-07	 8.382033e-08	-1.720882e+02	-1.720782e+02	-3.346323e-03
 1.000000e+00	-1.481870e-02	-6.138330e-07	-7.229482e-03	-1.432328e-07	 2.630896e-07	 2.759444e-08	-1.718120e+02	-1.718016e+02	-2.485556e-03
 1.148154e+00	-1.495823e-02	-6.119657e-07	-6.500538e-03	-2.223922e-07	 3.513693e-07	 4.833999e-08	-1.683405e+02	-1.683299e+02	-1.487368e-03
 1.318257e+00	-1.480690e-02	-5.919541e-07	-5.596482e-03	-3.121897e-07	 5.674266e-09	 7.484219e-08	-1.612649e+02	-1.612544e+02	-3.832349e-04
 1.513561e+00	-1.432150e-02	-5.528072e-07	-4.539866e-03	-3.956061e-07	 4.747059e-08	 1.046355e-07	-1.502238e+02	-1.502134e+02	 7.868971e-04
 1.737801e+00	-1.346490e-02	-4.942630e-07	-3.361851e-03	-4.372734e-07	 1.214684e-07	 1.388238e-07	-1.348962e+02	-1.348863e+02	 1.972740e-03
 1.995262e+00	-1.220597e-02	-4.168459e-07	-2.100587e-03	-4.716412e-07	 2.231947e-07	 1.737637e-07	-1.150282e+02	-1.150189e+02	 3.124974e-03
 2.290868e+00	-1.051887e-02	-3.216476e-07	-7.984863e-04	-5.220598e-07	 3.345321e-07	 1.945369e-07	-9.043994e+01	-9.043153e+01	 4.190231e-03
 2.630268e+00	-8.393718e-03	-2.103026e-07	 5.005437e-04	-4.169143e-07	 8.429517e-07	 2.057248e-07	-6.103610e+01	-6.102887e+01	 5.119966e-03
 3.019952e+00	-5.822718e-03	-8.498570e-08	 1.753896e-03	-2.052702e-07	 7.370024e-07	 2.079782e-07	-2.680914e+01	-2.680339e+01	 5.875675e-03
 3.467369e+00	-2.809992e-03	 5.211775e-08	 2.922741e-03	 1.040315e-07	 6.341499e-07	 2.304740e-07	 1.215208e+01	 1.215605e+01	 6.425445e-03
 3.981072e+00	 6.308241e-04	 1.987774e-07	 3.974142e-03	 5.539470e-07	 6.434006e-07	 2.556295e-07	 5.568437e+01	 5.568624e+01	 6.749725e-03
 4.570882e+00	 4.477737e-03	 3.527419e-07	 4.882399e-03	 9.964330e-07	 8.580374e-07	 2.894824e-07	 1.035111e+02	 1.035106e+02	 6.840879e-03
 5.248075e+00	 8.700593e-03	 5.118913e-07	 5.629783e-03	 1.346856e-06	 1.136653e-06	 3.362326e-07	 1.552610e+02	 1.552578e+02	 6.702754e-03
 6.025596e+00	 1.326559e-02	 6.742196e-07	 6.206633e-03	 1.680883e-06	 1.336682e-06	 3.008230e-07	 2.105398e+02	 2.105337e+02	 6.349319e-03
 6.918310e+00	 1.812646e-02	 8.379094e-07	 6.610848e-03	 1.935671e-06	 1.475401e-06	 3.018094e-07	 2.688871e+02	 2.688778e+02	 5.802815e-03
 7.943282e+00	 2.323934e-02	 1.001331e-06	 6.847004e-03	 2.313613e-06	 1.566537e-06	 2.944615e-07	 3.298044e+02	 3.297916e+02	 5.093430e-03
 9.120108e+00	 2.855725e-02	 1.162982e-06	 6.925242e-03	 2.708243e-06	 1.530220e-06	 2.131838e-07	 3.927769e+02	 3.927606e+02	 4.249418e-03
 1.047129e+01	 3.403195e-02	 1.322121e-06	 6.859791e-03	 2.935366e-06	 1.725889e-06	 2.666381e-07	 4.572750e+02	 4.572549e+02	 3.306286e-03
 1.202264e+01	 3.961587e-02	 1.476654e-06	 6.667851e-03	 3.439678e-06	 2.118843e-06	 3.450744e-07	 5.227802e+02	 5.227561e+02	 2.297772e-03
 1.380384e+01	 4.526312e-02	 1.626114e-06	 6.368788e-03	 3.898827e-06	 2.384828e-06	 3.473605e-07	 5.887943e+02	 5.887663e+02	 1.255687e-03
 1.584893e+01	 5.093027e-02	 1.769718e-06	 5.981983e-03	 4.110480e-06	 2.653844e-06	 3.735583e-07	 6.548154e+02	 6.547833e+02	 2.089964e-04
 1.819701e+01	 5.657747e-02	 1.906817e-06	 5.527057e-03	 4.533839e-06	 2.843633e-06	 4.299236e-07	 7.204749e+02	 7.204387e+02	-8.166947e-04
 2.089296e+01	 6.216838e-02	 2.036986e-06	 5.022285e-03	 5.166419e-06	-1.914054e-06	 4.867226e-07	 7.853432e+02	 7.853029e+02	-1.799959e-03
 2.398833e+01	 6.767023e-02	 2.159912e-06	 4.484144e-03	 5.911471e-06	 1.775342e-07	 5.213426e-07	 8.490688e+02	 8.490244e+02	-2.723488e-03
 2.754229e+01	 7.305495e-02	 2.275134e-06	 3.930644e-03	 6.357999e-06	 2.524556e-07	 5.249724e-07	 9.113463e+02	 9.112979e+02	-3.573958e-03
 3.162278e+01	 7.829858e-02	 2.383112e-06	 3.372440e-03	 6.269268e-06	 2.938737e-07	 5.281128e-07	 9.719042e+02	 9.718518e+02	-4.341696e-03
 3.630781e+01	 8.338176e-02	 2.483645e-06	 2.821908e-03	 6.017031e-06	 3.659733e-07	 1.660205e-06	 1.030540e+03	 1.030484e+03	-5.020799e-03
 4.168694e+01	 8.828887e-02	 2.576865e-06	 2.288306e-03	 5.812988e-06	 3.787017e-07	 1.662413e-06	 1.087067e+03	 1.087007e+03	-5.608169e-03
 4.786301e+01	 9.300621e-02	 2.662998e-06	 1.779121e-03	 5.581679e-06	 3.694313e-07	-1.058217e-06	 1.141358e+03	 1.141294e+03	-6.103749e-03
 5.495409e+01	 9.752388e-02	 2.742072e-06	 1.298687e-03	 6.469659e-06	 2.439375e-06	-1.005150e-06	 1.193318e+03	 1.193251e+03	-6.509118e-03
 6.309573e+01	 1.018374e-01	 2.815046e-06	 8.546167e-04	 6.693131e-06	 2.414492e-06	-9.258792e-07	 1.242891e+03	 1.242820e+03	-6.827856e-03
 7.244360e+01	 1.059421e-01	 2.881538e-06	 4.476510e-04	 6.937689e-06	 2.579312e-06	-8.465067e-07	 1.290028e+03	 1.289953e+03	-7.062483e-03
 8.317638e+01	 1.098375e-01	 2.942299e-06	 7.937067e-05	 7.354729e-06	 2.510107e-06	-7.748788e-07	 1.334702e+03	 1.334625e+03	-7.222800e-03
 9.549926e+01	 1.135247e-01	 2.997703e-06	-2.485707e-04	 7.095999e-06	 2.752113e-06	-7.096277e-07	 1.376942e+03	 1.376862e+03	-7.313250e-03
 1.096478e+02	 1.170060e-01	 3.047910e-06	-5.386933e-04	 8.739275e-06	 2.724507e-06	-6.483378e-07	 1.416800e+03	 1.416717e+03	-7.340521e-03
 1.258925e+02	 1.202839e-01	 3.093640e-06	-7.912175e-04	 9.696667e-06	 2.638911e-06	 5.565956e-07	 1.454307e+03	 1.454221e+03	-7.311555e-03
 1.445440e+02	 1.233593e-01	 3.134737e-06	-1.007599e-03	 9.720563e-06	 2.439629e-06	 5.026086e-07	 1.489490e+03	 1.489402e+03	-7.232987e-03
 1.659587e+02	 1.262479e-01	 3.171319e-06	-1.189817e-03	 9.913118e-06	 2.260577e-06	 4.544748e-07	 1.522470e+03	 1.522379e+03	-7.111570e-03
 1.905461e+02	 1.289506e-01	 3.204734e-06	-1.340043e-03	 1.072387e-05	 2.119187e-06	 4.120636e-07	 1.553317e+03	 1.553224e+03	-6.953642e-03
 2.187762e+02	 1.314743e-01	 3.234847e-06	-1.460727e-03	 1.189188e-05	 1.970220e-06	 3.684118e-07	 1.582137e+03	 1.582042e+03	-6.766347e-03
 2.511886e+02	 1.338325e-01	 3.261851e-06	-1.554281e-03	 1.175968e-05	 1.768942e-06	 3.284459e-07	 1.608950e+03	 1.608853e+03	-6.553010e-03
 2.884032e+02	 1.360229e-01	 3.285961e-06	-1.623363e-03	 1.209935e-05	 1.582373e-06	 2.924942e-07	 1.633903e+03	 1.633804e+03	-6.319885e-03
 3.311311e+02	 1.380591e-01	 3.307584e-06	-1.670305e-03	 1.200773e-05	 1.382237e-06	 2.429620e-07	 1.657084e+03	 1.656983e+03	-6.071576e-03
 3.801894e+02	 1.399504e-01	 3.326945e-06	-1.697715e-03	 1.241382e-05	 1.146024e-06	 1.785342e-07	 1.678524e+03	 1.678421e+03	-5.812498e-03
 4.365158e+02	 1.417124e-01	 3.344242e-06	-1.708023e-03	 1.191867e-05	 9.739275e-07	 1.922938e-07	 1.698420e+03	 1.698316e+03	-5.546093e-03
 5.011872e+02	 1.433367e-01	 3.359602e-06	-1.703687e-03	 1.207177e-05	 7.640585e-07	 1.708383e-07	 1.716830e+03	 1.716724e+03	-5.275558e-03
 5.754399e+02	 1.448379e-01	 3.373277e-06	-1.685935e-03	 1.041693e-05	 6.367004e-07	 1.460499e-07	 1.733801e+03	 1.733694e+03	-5.003885e-03
 6.606934e+02	 1.462244e-01	 3.385608e-06	-1.657633e-03	 8.811036e-06	 6.109901e-07	 1.502989e-07	 1.749463e+03	 1.749355e+03	-4.733618e-03
 7.585776e+02	 1.475036e-01	 3.396531e-06	-1.620187e-03	-2.995934e-06	 6.241973e-07	 5.798031e-08	 1.763885e+03	 1.763775e+03	-4.466766e-03
 8.709636e+02	 1.486817e-01	 3.406439e-06	-1.575489e-03	-4.444540e-06	 6.417350e-07	 6.567158e-09	 1.777167e+03	 1.777057e+03	-4.204914e-03
 1.000000e+03	 1.497526e-01	 3.415187e-06	-1.524897e-03	-4.673925e-06	 5.805112e-07	 1.190334e-07	 1.789360e+03	 1.789249e+03	-3.949727e-03
