 0.000000e+00  2.500000e-01  8.417017e-07
 2.500000e-01  5.000000e-01  2.626630e-06
 5.000000e-01  7.500000e-01  4.380350e-06
 7.500000e-01  1.000000e+00  6.525888e-06
 1.000000e+00  1.250000e+00  8.694189e-06
 1.250000e+00  1.500000e+00  1.136835e-05
 1.500000e+00  1.750000e+00  1.512367e-05
 1.750000e+00  2.000000e+00  2.117335e-05
 2.000000e+00  2.250000e+00  3.016814e-05
 2.250000e+00  2.500000e+00  4.799990e-05
 2.500000e+00  2.750000e+00  9.162543e-05
 2.750000e+00  3.000000e+00  2.537178e-04
 3.000000e+00  3.250000e+00  2.654258e-04
 3.250000e+00  3.500000e+00  2.260011e-04
 3.500000e+00  3.750000e+00  1.676753e-04
 3.750000e+00  4.000000e+00  5.937206e-05
 4.000000e+00  4.250000e+00  3.358110e-05
 4.250000e+00  4.500000e+00  2.065611e-05
 4.500000e+00  4.750000e+00  1.445174e-05
 4.750000e+00  5.000000e+00  8.896110e-06
 5.000000e+00  5.250000e+00  7.011079e-06
 5.250000e+00  5.500000e+00  5.174078e-06
 5.500000e+00  5.750000e+00  3.331438e-06
 5.750000e+00  6.000000e+00  2.676816e-06
 6.000000e+00  6.250000e+00  2.173625e-06
 6.250000e+00  6.500000e+00  1.041737e-06
 6.500000e+00  6.750000e+00  9.148418e-07
 6.750000e+00  7.000000e+00  9.379864e-07
 7.000000e+00  7.250000e+00  7.193672e-07
 7.250000e+00  7.500000e+00  3.174963e-07
 7.500000e+00  7.750000e+00  2.258205e-07
 7.750000e+00  8.000000e+00  2.281123e-07
 8.000000e+00  8.250000e+00  4.557562e-08
 8.250000e+00  8.500000e+00  1.190859e-07
 8.500000e+00  8.750000e+00  2.941138e-08
 8.750000e+00  9.000000e+00  4.238234e-08
 9.000000e+00  9.250000e+00  4.623544e-09
 9.250000e+00  9.500000e+00  5.347553e-08
 9.500000e+00  9.750000e+00  1.259858e-08
 9.750000e+00  1.000000e+01 -4.399192e-09
