 0.000000e+00  5.000000e-01  7.952740e-05
 5.000000e-01  1.000000e+00  5.160159e-04
 1.000000e+00  1.500000e+00  2.330577e-04
 1.500000e+00  2.000000e+00  1.359591e-04
 2.000000e+00  2.500000e+00  8.892492e-05
 2.500000e+00  3.000000e+00  6.333880e-05
 3.000000e+00  3.500000e+00  4.525152e-05
 3.500000e+00  4.000000e+00  3.376061e-05
 4.000000e+00  4.500000e+00  2.544793e-05
 4.500000e+00  5.000000e+00  1.952263e-05
 5.000000e+00  5.500000e+00  1.538972e-05
 5.500000e+00  6.000000e+00  1.219490e-05
 6.000000e+00  6.500000e+00  9.427940e-06
 6.500000e+00  7.000000e+00  7.595368e-06
 7.000000e+00  7.500000e+00  5.937300e-06
 7.500000e+00  8.000000e+00  4.702070e-06
 8.000000e+00  8.500000e+00  3.848461e-06
 8.500000e+00  9.000000e+00  3.027399e-06
 9.000000e+00  9.500000e+00  2.420864e-06
 9.500000e+00  1.000000e+01  1.968424e-06
 1.000000e+01  1.050000e+01  1.529038e-06
 1.050000e+01  1.100000e+01  1.277548e-06
 1.100000e+01  1.150000e+01  1.080523e-06
 1.150000e+01  1.200000e+01  8.038354e-07
 1.200000e+01  1.250000e+01  6.621817e-07
 1.250000e+01  1.300000e+01  5.396776e-07
 1.300000e+01  1.350000e+01  4.357770e-07
 1.350000e+01  1.400000e+01  3.447793e-07
 1.400000e+01  1.450000e+01  2.700327e-07
 1.450000e+01  1.500000e+01  2.120655e-07
 1.500000e+01  1.550000e+01  1.813695e-07
 1.550000e+01  1.600000e+01  1.450051e-07
 1.600000e+01  1.650000e+01  1.184276e-07
 1.650000e+01  1.700000e+01  9.248798e-08
 1.700000e+01  1.750000e+01  6.871987e-08
 1.750000e+01  1.800000e+01  5.883743e-08
 1.800000e+01  1.850000e+01  4.568655e-08
 1.850000e+01  1.900000e+01  3.661319e-08
 1.900000e+01  1.950000e+01  3.449205e-08
 1.950000e+01  2.000000e+01  1.972590e-08
