 0.000000e+00  8.000000e-02  9.368582e-04
 8.000000e-02  1.600000e-01  9.645626e-04
 1.600000e-01  2.400000e-01  9.298265e-04
 2.400000e-01  3.200000e-01  9.517143e-04
 3.200000e-01  4.000000e-01  9.436738e-04
 4.000000e-01  4.800000e-01  9.717076e-04
 4.800000e-01  5.600000e-01  9.898649e-04
 5.600000e-01  6.400000e-01  1.014576e-03
 6.400000e-01  7.200000e-01  1.041543e-03
 7.200000e-01  8.000000e-01  1.060468e-03
 8.000000e-01  8.800000e-01  1.119012e-03
 8.800000e-01  9.600000e-01  1.110298e-03
 9.600000e-01  1.040000e+00  1.183831e-03
 1.040000e+00  1.120000e+00  1.231429e-03
 1.120000e+00  1.200000e+00  1.314357e-03
 1.200000e+00  1.280000e+00  1.362349e-03
 1.280000e+00  1.360000e+00  1.526820e-03
 1.360000e+00  1.440000e+00  1.569013e-03
 1.440000e+00  1.520000e+00  1.644078e-03
 1.520000e+00  1.600000e+00  1.808520e-03
 1.600000e+00  1.680000e+00  1.922008e-03
 1.680000e+00  1.760000e+00  2.108529e-03
 1.760000e+00  1.840000e+00  2.376400e-03
 1.840000e+00  1.920000e+00  2.552849e-03
 1.920000e+00  2.000000e+00  2.842544e-03
 2.000000e+00  2.080000e+00  3.158202e-03
 2.080000e+00  2.160000e+00  3.613304e-03
 2.160000e+00  2.240000e+00  4.064536e-03
 2.240000e+00  2.320000e+00  4.706272e-03
 2.320000e+00  2.400000e+00  5.481884e-03
 2.400000e+00  2.480000e+00  6.559702e-03
 2.480000e+00  2.560000e+00  7.918587e-03
 2.560000e+00  2.640000e+00  9.885764e-03
 2.640000e+00  2.720000e+00  1.271835e-02
 2.720000e+00  2.800000e+00  1.680662e-02
 2.800000e+00  2.880000e+00  2.424305e-02
 2.880000e+00  2.960000e+00  3.743977e-02
 2.960000e+00  3.040000e+00  7.056604e-02
 3.040000e+00  3.120000e+00  2.469063e-01
 3.120000e+00  3.200000e+00 -3.683945e-01
