 0.000000e+00  5.000000e-01 -2.486835e-02
 5.000000e-01  1.000000e+00  5.465510e-02
 1.000000e+00  1.500000e+00  2.463402e-02
 1.500000e+00  2.000000e+00  1.344387e-02
 2.000000e+00  2.500000e+00  8.321776e-03
 2.500000e+00  3.000000e+00  5.733712e-03
 3.000000e+00  3.500000e+00  3.385864e-03
 3.500000e+00  4.000000e+00  2.337652e-03
 4.000000e+00  4.500000e+00  1.540452e-03
 4.500000e+00  5.000000e+00  1.075091e-03
 5.000000e+00  5.500000e+00  7.650279e-04
 5.500000e+00  6.000000e+00  5.357882e-04
 6.000000e+00  6.500000e+00  3.951992e-04
 6.500000e+00  7.000000e+00  2.926136e-04
 7.000000e+00  7.500000e+00  2.231327e-04
 7.500000e+00  8.000000e+00  1.618104e-04
 8.000000e+00  8.500000e+00  1.221240e-04
 8.500000e+00  9.000000e+00  1.172712e-04
 9.000000e+00  9.500000e+00  6.888431e-05
 9.500000e+00  1.000000e+01  5.361619e-05
 1.000000e+01  1.050000e+01  4.174580e-05
 1.050000e+01  1.100000e+01  3.281112e-05
 1.100000e+01  1.150000e+01  2.837396e-05
 1.150000e+01  1.200000e+01  2.081878e-05
 1.200000e+01  1.250000e+01  1.950581e-05
 1.250000e+01  1.300000e+01  1.797789e-05
 1.300000e+01  1.350000e+01  1.093165e-05
 1.350000e+01  1.400000e+01  8.861652e-06
 1.400000e+01  1.450000e+01  7.434764e-06
 1.450000e+01  1.500000e+01  5.893566e-06
 1.500000e+01  1.550000e+01  6.553161e-06
 1.550000e+01  1.600000e+01  3.985672e-06
 1.600000e+01  1.650000e+01  3.513790e-06
 1.650000e+01  1.700000e+01  2.908058e-06
 1.700000e+01  1.750000e+01  2.187616e-06
 1.750000e+01  1.800000e+01  1.832457e-06
 1.800000e+01  1.850000e+01  1.564493e-06
 1.850000e+01  1.900000e+01  1.275925e-06
 1.900000e+01  1.950000e+01  1.107890e-06
 1.950000e+01  2.000000e+01  1.008140e-06
