 0.000000e+00  2.500000e-01  3.730972e-04
 2.500000e-01  5.000000e-01  1.144196e-03
 5.000000e-01  7.500000e-01  1.995246e-03
 7.500000e-01  1.000000e+00  2.842380e-03
 1.000000e+00  1.250000e+00  3.882120e-03
 1.250000e+00  1.500000e+00  5.277336e-03
 1.500000e+00  1.750000e+00  6.997695e-03
 1.750000e+00  2.000000e+00  9.662073e-03
 2.000000e+00  2.250000e+00  1.310448e-02
 2.250000e+00  2.500000e+00  1.919046e-02
 2.500000e+00  2.750000e+00  3.240099e-02
 2.750000e+00  3.000000e+00  7.380061e-02
 3.000000e+00  3.250000e+00  2.465247e-02
 3.250000e+00  3.500000e+00 -2.021037e-02
 3.500000e+00  3.750000e+00  5.323957e-02
 3.750000e+00  4.000000e+00  1.685674e-02
 4.000000e+00  4.250000e+00  9.339082e-03
 4.250000e+00  4.500000e+00  5.788397e-03
 4.500000e+00  4.750000e+00  4.078616e-03
 4.750000e+00  5.000000e+00  2.962676e-03
 5.000000e+00  5.250000e+00  2.653455e-03
 5.250000e+00  5.500000e+00  2.496346e-03
 5.500000e+00  5.750000e+00  2.129960e-03
 5.750000e+00  6.000000e+00  2.080662e-03
 6.000000e+00  6.250000e+00  1.460191e-03
 6.250000e+00  6.500000e+00  1.487243e-03
 6.500000e+00  6.750000e+00  1.076759e-03
 6.750000e+00  7.000000e+00  1.002981e-03
 7.000000e+00  7.250000e+00  8.091457e-04
 7.250000e+00  7.500000e+00  5.849857e-04
 7.500000e+00  7.750000e+00  4.664028e-04
 7.750000e+00  8.000000e+00  2.764883e-04
 8.000000e+00  8.250000e+00  2.273881e-04
 8.250000e+00  8.500000e+00  2.210300e-04
 8.500000e+00  8.750000e+00  1.584579e-04
 8.750000e+00  9.000000e+00  1.440955e-04
 9.000000e+00  9.250000e+00  5.026449e-05
 9.250000e+00  9.500000e+00  8.852466e-05
 9.500000e+00  9.750000e+00  2.929781e-05
 9.750000e+00  1.000000e+01  1.101215e-04
