 0.000000e+00  2.500000e-01  0.000000e+00
 2.500000e-01  5.000000e-01  0.000000e+00
 5.000000e-01  7.500000e-01  0.000000e+00
 7.500000e-01  1.000000e+00  0.000000e+00
 1.000000e+00  1.250000e+00  0.000000e+00
 1.250000e+00  1.500000e+00  0.000000e+00
 1.500000e+00  1.750000e+00  0.000000e+00
 1.750000e+00  2.000000e+00  0.000000e+00
 2.000000e+00  2.250000e+00  0.000000e+00
 2.250000e+00  2.500000e+00  0.000000e+00
 2.500000e+00  2.750000e+00  0.000000e+00
 2.750000e+00  3.000000e+00  0.000000e+00
 3.000000e+00  3.250000e+00  3.915055e-03
 3.250000e+00  3.500000e+00  4.687233e-02
 3.500000e+00  3.750000e+00  1.041188e-01
 3.750000e+00  4.000000e+00  4.661577e-02
 4.000000e+00  4.250000e+00  3.035360e-02
 4.250000e+00  4.500000e+00  2.174643e-02
 4.500000e+00  4.750000e+00  1.572917e-02
 4.750000e+00  5.000000e+00  1.129508e-02
 5.000000e+00  5.250000e+00  8.044960e-03
 5.250000e+00  5.500000e+00  5.691958e-03
 5.500000e+00  5.750000e+00  3.998304e-03
 5.750000e+00  6.000000e+00  2.868264e-03
 6.000000e+00  6.250000e+00  2.069421e-03
 6.250000e+00  6.500000e+00  1.571305e-03
 6.500000e+00  6.750000e+00  1.200301e-03
 6.750000e+00  7.000000e+00  9.388854e-04
 7.000000e+00  7.250000e+00  7.460411e-04
 7.250000e+00  7.500000e+00  5.707420e-04
 7.500000e+00  7.750000e+00  4.643581e-04
 7.750000e+00  8.000000e+00  3.667287e-04
 8.000000e+00  8.250000e+00  2.963962e-04
 8.250000e+00  8.500000e+00  2.382532e-04
 8.500000e+00  8.750000e+00  1.987956e-04
 8.750000e+00  9.000000e+00  1.480515e-04
 9.000000e+00  9.250000e+00  1.225336e-04
 9.250000e+00  9.500000e+00  9.682086e-05
 9.500000e+00  9.750000e+00  8.344356e-05
 9.750000e+00  1.000000e+01  4.466900e-05
