 0.000000e+00  2.500000e-01  0.000000e+00
 2.500000e-01  5.000000e-01  0.000000e+00
 5.000000e-01  7.500000e-01  0.000000e+00
 7.500000e-01  1.000000e+00  0.000000e+00
 1.000000e+00  1.250000e+00  0.000000e+00
 1.250000e+00  1.500000e+00  0.000000e+00
 1.500000e+00  1.750000e+00  0.000000e+00
 1.750000e+00  2.000000e+00  0.000000e+00
 2.000000e+00  2.250000e+00  0.000000e+00
 2.250000e+00  2.500000e+00  0.000000e+00
 2.500000e+00  2.750000e+00  0.000000e+00
 2.750000e+00  3.000000e+00  0.000000e+00
 3.000000e+00  3.250000e+00  9.487681e-04
 3.250000e+00  3.500000e+00  4.338216e-03
 3.500000e+00  3.750000e+00  3.423641e-03
 3.750000e+00  4.000000e+00  1.513586e-03
 4.000000e+00  4.250000e+00  8.198304e-04
 4.250000e+00  4.500000e+00  4.695927e-04
 4.500000e+00  4.750000e+00  2.806162e-04
 4.750000e+00  5.000000e+00  1.720166e-04
 5.000000e+00  5.250000e+00  1.123138e-04
 5.250000e+00  5.500000e+00  7.596460e-05
 5.500000e+00  5.750000e+00  5.470759e-05
 5.750000e+00  6.000000e+00  4.007294e-05
 6.000000e+00  6.250000e+00  2.902720e-05
 6.250000e+00  6.500000e+00  2.214465e-05
 6.500000e+00  6.750000e+00  1.698658e-05
 6.750000e+00  7.000000e+00  1.277379e-05
 7.000000e+00  7.250000e+00  1.006442e-05
 7.250000e+00  7.500000e+00  8.228944e-06
 7.500000e+00  7.750000e+00  6.069569e-06
 7.750000e+00  8.000000e+00  4.540736e-06
 8.000000e+00  8.250000e+00  3.553888e-06
 8.250000e+00  8.500000e+00  2.753141e-06
 8.500000e+00  8.750000e+00  2.311231e-06
 8.750000e+00  9.000000e+00  1.740901e-06
 9.000000e+00  9.250000e+00  9.780302e-07
 9.250000e+00  9.500000e+00  9.920586e-07
 9.500000e+00  9.750000e+00  8.175396e-07
 9.750000e+00  1.000000e+01  4.900647e-07
