 0.000000e+00  2.500000e-01  0.000000e+00
 2.500000e-01  5.000000e-01  0.000000e+00
 5.000000e-01  7.500000e-01  0.000000e+00
 7.500000e-01  1.000000e+00  0.000000e+00
 1.000000e+00  1.250000e+00  0.000000e+00
 1.250000e+00  1.500000e+00  0.000000e+00
 1.500000e+00  1.750000e+00  0.000000e+00
 1.750000e+00  2.000000e+00  0.000000e+00
 2.000000e+00  2.250000e+00  0.000000e+00
 2.250000e+00  2.500000e+00  0.000000e+00
 2.500000e+00  2.750000e+00  0.000000e+00
 2.750000e+00  3.000000e+00  0.000000e+00
 3.000000e+00  3.250000e+00  1.797980e-04
 3.250000e+00  3.500000e+00  6.603688e-04
 3.500000e+00  3.750000e+00  3.550908e-04
 3.750000e+00  4.000000e+00  1.301263e-04
 4.000000e+00  4.250000e+00  6.396803e-05
 4.250000e+00  4.500000e+00  3.473237e-05
 4.500000e+00  4.750000e+00  2.054605e-05
 4.750000e+00  5.000000e+00  1.321040e-05
 5.000000e+00  5.250000e+00  9.080876e-06
 5.250000e+00  5.500000e+00  6.477539e-06
 5.500000e+00  5.750000e+00  4.612338e-06
 5.750000e+00  6.000000e+00  3.331692e-06
 6.000000e+00  6.250000e+00  2.458037e-06
 6.250000e+00  6.500000e+00  1.846501e-06
 6.500000e+00  6.750000e+00  1.364408e-06
 6.750000e+00  7.000000e+00  1.045773e-06
 7.000000e+00  7.250000e+00  7.756935e-07
 7.250000e+00  7.500000e+00  5.828674e-07
 7.500000e+00  7.750000e+00  3.952723e-07
 7.750000e+00  8.000000e+00  2.942370e-07
 8.000000e+00  8.250000e+00  2.661253e-07
 8.250000e+00  8.500000e+00  2.116200e-07
 8.500000e+00  8.750000e+00  1.291559e-07
 8.750000e+00  9.000000e+00  1.283967e-07
 9.000000e+00  9.250000e+00  8.656303e-08
 9.250000e+00  9.500000e+00  6.648634e-08
 9.500000e+00  9.750000e+00  5.862166e-08
 9.750000e+00  1.000000e+01  3.564182e-08
