 0.000000e+00  8.000000e-02  9.867396e-06
 8.000000e-02  1.600000e-01  9.537100e-06
 1.600000e-01  2.400000e-01  9.813412e-06
 2.400000e-01  3.200000e-01  9.992122e-06
 3.200000e-01  4.000000e-01  1.021645e-05
 4.000000e-01  4.800000e-01  1.046202e-05
 4.800000e-01  5.600000e-01  1.053650e-05
 5.600000e-01  6.400000e-01  1.054744e-05
 6.400000e-01  7.200000e-01  1.098146e-05
 7.200000e-01  8.000000e-01  1.128893e-05
 8.000000e-01  8.800000e-01  1.173359e-05
 8.800000e-01  9.600000e-01  1.258503e-05
 9.600000e-01  1.040000e+00  1.290605e-05
 1.040000e+00  1.120000e+00  1.306724e-05
 1.120000e+00  1.200000e+00  1.391901e-05
 1.200000e+00  1.280000e+00  1.492658e-05
 1.280000e+00  1.360000e+00  1.556055e-05
 1.360000e+00  1.440000e+00  1.674786e-05
 1.440000e+00  1.520000e+00  1.790225e-05
 1.520000e+00  1.600000e+00  2.023501e-05
 1.600000e+00  1.680000e+00  2.177154e-05
 1.680000e+00  1.760000e+00  2.304335e-05
 1.760000e+00  1.840000e+00  2.618018e-05
 1.840000e+00  1.920000e+00  2.790367e-05
 1.920000e+00  2.000000e+00  3.221630e-05
 2.000000e+00  2.080000e+00  3.565689e-05
 2.080000e+00  2.160000e+00  4.065729e-05
 2.160000e+00  2.240000e+00  4.695322e-05
 2.240000e+00  2.320000e+00  5.611381e-05
 2.320000e+00  2.400000e+00  6.492302e-05
 2.400000e+00  2.480000e+00  7.732436e-05
 2.480000e+00  2.560000e+00  9.489574e-05
 2.560000e+00  2.640000e+00  1.209576e-04
 2.640000e+00  2.720000e+00  1.549211e-04
 2.720000e+00  2.800000e+00  2.146342e-04
 2.800000e+00  2.880000e+00  3.074001e-04
 2.880000e+00  2.960000e+00  4.921486e-04
 2.960000e+00  3.040000e+00  9.640143e-04
 3.040000e+00  3.120000e+00  3.663221e-03
 3.120000e+00  3.200000e+00 -4.088589e-03
