 0.000000e+00  2.500000e-01  0.000000e+00
 2.500000e-01  5.000000e-01  0.000000e+00
 5.000000e-01  7.500000e-01  0.000000e+00
 7.500000e-01  1.000000e+00  0.000000e+00
 1.000000e+00  1.250000e+00  0.000000e+00
 1.250000e+00  1.500000e+00  0.000000e+00
 1.500000e+00  1.750000e+00  0.000000e+00
 1.750000e+00  2.000000e+00  0.000000e+00
 2.000000e+00  2.250000e+00  0.000000e+00
 2.250000e+00  2.500000e+00  0.000000e+00
 2.500000e+00  2.750000e+00  0.000000e+00
 2.750000e+00  3.000000e+00  0.000000e+00
 3.000000e+00  3.250000e+00  3.728459e-03
 3.250000e+00  3.500000e+00  1.959224e-02
 3.500000e+00  3.750000e+00  2.288688e-02
 3.750000e+00  4.000000e+00  1.187490e-02
 4.000000e+00  4.250000e+00  7.175883e-03
 4.250000e+00  4.500000e+00  4.495866e-03
 4.500000e+00  4.750000e+00  2.835859e-03
 4.750000e+00  5.000000e+00  1.854805e-03
 5.000000e+00  5.250000e+00  1.238025e-03
 5.250000e+00  5.500000e+00  8.562369e-04
 5.500000e+00  5.750000e+00  6.191610e-04
 5.750000e+00  6.000000e+00  4.712135e-04
 6.000000e+00  6.250000e+00  3.413915e-04
 6.250000e+00  6.500000e+00  2.613398e-04
 6.500000e+00  6.750000e+00  2.052527e-04
 6.750000e+00  7.000000e+00  1.677834e-04
 7.000000e+00  7.250000e+00  1.275427e-04
 7.250000e+00  7.500000e+00  1.013632e-04
 7.500000e+00  7.750000e+00  7.843036e-05
 7.750000e+00  8.000000e+00  5.684360e-05
 8.000000e+00  8.250000e+00  4.379411e-05
 8.250000e+00  8.500000e+00  3.346832e-05
 8.500000e+00  8.750000e+00  2.647572e-05
 8.750000e+00  9.000000e+00  2.117307e-05
 9.000000e+00  9.250000e+00  1.686906e-05
 9.250000e+00  9.500000e+00  1.154669e-05
 9.500000e+00  9.750000e+00  9.923034e-06
 9.750000e+00  1.000000e+01  7.586791e-06
