 0.000000e+00  2.500000e-01  1.315640e-04
 2.500000e-01  5.000000e-01  4.050889e-04
 5.000000e-01  7.500000e-01  8.852084e-04
 7.500000e-01  1.000000e+00  1.015731e-03
 1.000000e+00  1.250000e+00  1.395022e-03
 1.250000e+00  1.500000e+00  1.775075e-03
 1.500000e+00  1.750000e+00  2.301477e-03
 1.750000e+00  2.000000e+00  2.982471e-03
 2.000000e+00  2.250000e+00  4.156056e-03
 2.250000e+00  2.500000e+00  5.977477e-03
 2.500000e+00  2.750000e+00  1.019882e-02
 2.750000e+00  3.000000e+00  2.279081e-02
 3.000000e+00  3.250000e+00  8.709608e-03
 3.250000e+00  3.500000e+00 -6.710637e-03
 3.500000e+00  3.750000e+00  6.677514e-03
 3.750000e+00  4.000000e+00  2.067985e-03
 4.000000e+00  4.250000e+00  2.837146e-03
 4.250000e+00  4.500000e+00  1.096749e-03
 4.500000e+00  4.750000e+00  1.162779e-03
 4.750000e+00  5.000000e+00  6.211357e-04
 5.000000e+00  5.250000e+00  6.938338e-04
 5.250000e+00  5.500000e+00 -1.531051e-04
 5.500000e+00  5.750000e+00  4.441302e-04
 5.750000e+00  6.000000e+00  3.048464e-04
 6.000000e+00  6.250000e+00  3.878489e-04
 6.250000e+00  6.500000e+00  3.148266e-04
 6.500000e+00  6.750000e+00  1.566875e-04
 6.750000e+00  7.000000e+00  1.137703e-03
 7.000000e+00  7.250000e+00 -8.382824e-04
 7.250000e+00  7.500000e+00  1.371821e-04
 7.500000e+00  7.750000e+00  4.663742e-05
 7.750000e+00  8.000000e+00  4.148632e-05
 8.000000e+00  8.250000e+00  4.112241e-05
 8.250000e+00  8.500000e+00  1.786141e-05
 8.500000e+00  8.750000e+00  3.413755e-05
 8.750000e+00  9.000000e+00  4.202808e-05
 9.000000e+00  9.250000e+00  2.541327e-04
 9.250000e+00  9.500000e+00  5.178628e-06
 9.500000e+00  9.750000e+00  1.427810e-04
 9.750000e+00  1.000000e+01 -1.291331e-04
