 0.000000e+00  5.000000e-01 -7.729194e-02
 5.000000e-01  1.000000e+00  9.266443e-02
 1.000000e+00  1.500000e+00  4.267376e-02
 1.500000e+00  2.000000e+00  2.460970e-02
 2.000000e+00  2.500000e+00  1.573207e-02
 2.500000e+00  3.000000e+00  1.061866e-02
 3.000000e+00  3.500000e+00  7.525853e-03
 3.500000e+00  4.000000e+00  5.334638e-03
 4.000000e+00  4.500000e+00  3.839737e-03
 4.500000e+00  5.000000e+00  2.890300e-03
 5.000000e+00  5.500000e+00  2.206775e-03
 5.500000e+00  6.000000e+00  1.659102e-03
 6.000000e+00  6.500000e+00  1.284872e-03
 6.500000e+00  7.000000e+00  1.018452e-03
 7.000000e+00  7.500000e+00  7.733375e-04
 7.500000e+00  8.000000e+00  6.373917e-04
 8.000000e+00  8.500000e+00  4.955703e-04
 8.500000e+00  9.000000e+00  4.113373e-04
 9.000000e+00  9.500000e+00  3.270103e-04
 9.500000e+00  1.000000e+01  2.528987e-04
 1.000000e+01  1.050000e+01  2.185449e-04
 1.050000e+01  1.100000e+01  1.796058e-04
 1.100000e+01  1.150000e+01  1.463491e-04
 1.150000e+01  1.200000e+01  1.220607e-04
 1.200000e+01  1.250000e+01  1.056411e-04
 1.250000e+01  1.300000e+01  8.737741e-05
 1.300000e+01  1.350000e+01  7.213357e-05
 1.350000e+01  1.400000e+01  6.207261e-05
 1.400000e+01  1.450000e+01  5.166450e-05
 1.450000e+01  1.500000e+01  4.389034e-05
 1.500000e+01  1.550000e+01  3.809269e-05
 1.550000e+01  1.600000e+01  3.120504e-05
 1.600000e+01  1.650000e+01  2.895181e-05
 1.650000e+01  1.700000e+01  2.352345e-05
 1.700000e+01  1.750000e+01  2.197469e-05
 1.750000e+01  1.800000e+01  1.819769e-05
 1.800000e+01  1.850000e+01  1.539958e-05
 1.850000e+01  1.900000e+01  1.335683e-05
 1.900000e+01  1.950000e+01  1.181251e-05
 1.950000e+01  2.000000e+01  1.013671e-05
