 0.000000e+00  8.000000e-02  1.883768e-07
 8.000000e-02  1.600000e-01  1.904809e-07
 1.600000e-01  2.400000e-01  1.883741e-07
 2.400000e-01  3.200000e-01  1.977213e-07
 3.200000e-01  4.000000e-01  1.932548e-07
 4.000000e-01  4.800000e-01  1.971925e-07
 4.800000e-01  5.600000e-01  2.177097e-07
 5.600000e-01  6.400000e-01  2.186464e-07
 6.400000e-01  7.200000e-01  2.184125e-07
 7.200000e-01  8.000000e-01  2.281213e-07
 8.000000e-01  8.800000e-01  2.428622e-07
 8.800000e-01  9.600000e-01  2.585788e-07
 9.600000e-01  1.040000e+00  2.703537e-07
 1.040000e+00  1.120000e+00  2.834377e-07
 1.120000e+00  1.200000e+00  3.089326e-07
 1.200000e+00  1.280000e+00  3.204841e-07
 1.280000e+00  1.360000e+00  3.548230e-07
 1.360000e+00  1.440000e+00  3.801358e-07
 1.440000e+00  1.520000e+00  4.223974e-07
 1.520000e+00  1.600000e+00  4.629166e-07
 1.600000e+00  1.680000e+00  5.260741e-07
 1.680000e+00  1.760000e+00  5.605010e-07
 1.760000e+00  1.840000e+00  6.387235e-07
 1.840000e+00  1.920000e+00  7.176013e-07
 1.920000e+00  2.000000e+00  8.267958e-07
 2.000000e+00  2.080000e+00  9.497688e-07
 2.080000e+00  2.160000e+00  1.113004e-06
 2.160000e+00  2.240000e+00  1.318379e-06
 2.240000e+00  2.320000e+00  1.578692e-06
 2.320000e+00  2.400000e+00  1.920827e-06
 2.400000e+00  2.480000e+00  2.370225e-06
 2.480000e+00  2.560000e+00  2.966295e-06
 2.560000e+00  2.640000e+00  3.799811e-06
 2.640000e+00  2.720000e+00  5.115415e-06
 2.720000e+00  2.800000e+00  7.157257e-06
 2.800000e+00  2.880000e+00  1.059344e-05
 2.880000e+00  2.960000e+00  1.727439e-05
 2.960000e+00  3.040000e+00  3.416802e-05
 3.040000e+00  3.120000e+00  1.313168e-04
 3.120000e+00  3.200000e+00 -1.100830e-04
