 0.000000e+00  2.500000e-01  2.193581e-08
 2.500000e-01  5.000000e-01  6.813560e-08
 5.000000e-01  7.500000e-01  1.239227e-07
 7.500000e-01  1.000000e+00  1.970361e-07
 1.000000e+00  1.250000e+00  2.903149e-07
 1.250000e+00  1.500000e+00  4.132335e-07
 1.500000e+00  1.750000e+00  6.091011e-07
 1.750000e+00  2.000000e+00  9.137854e-07
 2.000000e+00  2.250000e+00  1.483271e-06
 2.250000e+00  2.500000e+00  2.673359e-06
 2.500000e+00  2.750000e+00  5.757797e-06
 2.750000e+00  3.000000e+00  1.838912e-05
 3.000000e+00  3.250000e+00  1.879896e-05
 3.250000e+00  3.500000e+00  2.361752e-05
 3.500000e+00  3.750000e+00  9.828295e-06
 3.750000e+00  4.000000e+00  1.871109e-06
 4.000000e+00  4.250000e+00  7.461428e-07
 4.250000e+00  4.500000e+00  3.705557e-07
 4.500000e+00  4.750000e+00  1.901606e-07
 4.750000e+00  5.000000e+00  1.229229e-07
 5.000000e+00  5.250000e+00  6.906562e-08
 5.250000e+00  5.500000e+00  4.131468e-08
 5.500000e+00  5.750000e+00  3.246512e-08
 5.750000e+00  6.000000e+00  2.191324e-08
 6.000000e+00  6.250000e+00  1.240900e-08
 6.250000e+00  6.500000e+00  1.045267e-08
 6.500000e+00  6.750000e+00  5.866898e-09
 6.750000e+00  7.000000e+00  4.648468e-09
 7.000000e+00  7.250000e+00  2.342609e-09
 7.250000e+00  7.500000e+00  1.346713e-09
 7.500000e+00  7.750000e+00  1.630404e-09
 7.750000e+00  8.000000e+00  3.179206e-10
 8.000000e+00  8.250000e+00  4.590041e-10
 8.250000e+00  8.500000e+00  5.664844e-10
 8.500000e+00  8.750000e+00  6.915218e-11
 8.750000e+00  9.000000e+00  6.288179e-11
 9.000000e+00  9.250000e+00  2.665663e-11
 9.250000e+00  9.500000e+00  7.292184e-11
 9.500000e+00  9.750000e+00  1.172857e-10
 9.750000e+00  1.000000e+01  2.908479e-10
