 0.000000e+00  8.000000e-02  3.879502e-06
 8.000000e-02  1.600000e-01  4.038401e-06
 1.600000e-01  2.400000e-01  3.872884e-06
 2.400000e-01  3.200000e-01  4.070041e-06
 3.200000e-01  4.000000e-01  4.007232e-06
 4.000000e-01  4.800000e-01  4.110406e-06
 4.800000e-01  5.600000e-01  4.140986e-06
 5.600000e-01  6.400000e-01  4.298927e-06
 6.400000e-01  7.200000e-01  4.552799e-06
 7.200000e-01  8.000000e-01  4.533486e-06
 8.000000e-01  8.800000e-01  4.924135e-06
 8.800000e-01  9.600000e-01  5.113831e-06
 9.600000e-01  1.040000e+00  5.483481e-06
 1.040000e+00  1.120000e+00  6.115140e-06
 1.120000e+00  1.200000e+00  5.811647e-06
 1.200000e+00  1.280000e+00  6.441600e-06
 1.280000e+00  1.360000e+00  6.908253e-06
 1.360000e+00  1.440000e+00  7.713099e-06
 1.440000e+00  1.520000e+00  7.904061e-06
 1.520000e+00  1.600000e+00  9.168192e-06
 1.600000e+00  1.680000e+00  9.838136e-06
 1.680000e+00  1.760000e+00  1.095633e-05
 1.760000e+00  1.840000e+00  1.189112e-05
 1.840000e+00  1.920000e+00  1.376455e-05
 1.920000e+00  2.000000e+00  1.551963e-05
 2.000000e+00  2.080000e+00  1.784232e-05
 2.080000e+00  2.160000e+00  2.174834e-05
 2.160000e+00  2.240000e+00  2.409405e-05
 2.240000e+00  2.320000e+00  2.903650e-05
 2.320000e+00  2.400000e+00  3.370280e-05
 2.400000e+00  2.480000e+00  4.306276e-05
 2.480000e+00  2.560000e+00  5.286606e-05
 2.560000e+00  2.640000e+00  6.766577e-05
 2.640000e+00  2.720000e+00  9.123546e-05
 2.720000e+00  2.800000e+00  1.237363e-04
 2.800000e+00  2.880000e+00  1.830614e-04
 2.880000e+00  2.960000e+00  2.945465e-04
 2.960000e+00  3.040000e+00  5.826570e-04
 3.040000e+00  3.120000e+00  2.222918e-03
 3.120000e+00  3.200000e+00 -2.180906e-03
