 0.000000e+00  2.500000e-01  0.000000e+00
 2.500000e-01  5.000000e-01  0.000000e+00
 5.000000e-01  7.500000e-01  0.000000e+00
 7.500000e-01  1.000000e+00  0.000000e+00
 1.000000e+00  1.250000e+00  0.000000e+00
 1.250000e+00  1.500000e+00  0.000000e+00
 1.500000e+00  1.750000e+00  0.000000e+00
 1.750000e+00  2.000000e+00  0.000000e+00
 2.000000e+00  2.250000e+00  0.000000e+00
 2.250000e+00  2.500000e+00  0.000000e+00
 2.500000e+00  2.750000e+00  0.000000e+00
 2.750000e+00  3.000000e+00  0.000000e+00
 3.000000e+00  3.250000e+00  7.132056e-06
 3.250000e+00  3.500000e+00  4.035307e-05
 3.500000e+00  3.750000e+00  1.227174e-05
 3.750000e+00  4.000000e+00  1.747207e-06
 4.000000e+00  4.250000e+00  4.542785e-07
 4.250000e+00  4.500000e+00  1.547672e-07
 4.500000e+00  4.750000e+00  6.066414e-08
 4.750000e+00  5.000000e+00  2.741595e-08
 5.000000e+00  5.250000e+00  1.297176e-08
 5.250000e+00  5.500000e+00  7.046725e-09
 5.500000e+00  5.750000e+00  3.487498e-09
 5.750000e+00  6.000000e+00  1.974058e-09
 6.000000e+00  6.250000e+00  1.127425e-09
 6.250000e+00  6.500000e+00  5.262370e-10
 6.500000e+00  6.750000e+00  2.823065e-10
 6.750000e+00  7.000000e+00  1.605505e-10
 7.000000e+00  7.250000e+00  8.810447e-11
 7.250000e+00  7.500000e+00  6.191377e-11
 7.500000e+00  7.750000e+00  3.529297e-11
 7.750000e+00  8.000000e+00  1.721139e-11
 8.000000e+00  8.250000e+00  6.060209e-12
 8.250000e+00  8.500000e+00  9.705031e-12
 8.500000e+00  8.750000e+00  3.453015e-12
 8.750000e+00  9.000000e+00  2.956437e-12
 9.000000e+00  9.250000e+00  1.592313e-12
 9.250000e+00  9.500000e+00  8.809106e-13
 9.500000e+00  9.750000e+00  4.885279e-13
 9.750000e+00  1.000000e+01  2.080636e-13
