 0.000000e+00  2.500000e-01  1.463196e-08
 2.500000e-01  5.000000e-01  4.594830e-08
 5.000000e-01  7.500000e-01  8.032342e-08
 7.500000e-01  1.000000e+00  1.258796e-07
 1.000000e+00  1.250000e+00  1.811170e-07
 1.250000e+00  1.500000e+00  2.629146e-07
 1.500000e+00  1.750000e+00  3.820604e-07
 1.750000e+00  2.000000e+00  5.727388e-07
 2.000000e+00  2.250000e+00  9.348227e-07
 2.250000e+00  2.500000e+00  1.690953e-06
 2.500000e+00  2.750000e+00  3.665167e-06
 2.750000e+00  3.000000e+00  1.177092e-05
 3.000000e+00  3.250000e+00  1.504809e-05
 3.250000e+00  3.500000e+00  1.718290e-05
 3.500000e+00  3.750000e+00  7.241143e-06
 3.750000e+00  4.000000e+00  1.380669e-06
 4.000000e+00  4.250000e+00  5.468917e-07
 4.250000e+00  4.500000e+00  2.747315e-07
 4.500000e+00  4.750000e+00  1.467448e-07
 4.750000e+00  5.000000e+00  9.742922e-08
 5.000000e+00  5.250000e+00  5.602490e-08
 5.250000e+00  5.500000e+00  3.397391e-08
 5.500000e+00  5.750000e+00  2.549894e-08
 5.750000e+00  6.000000e+00  1.628384e-08
 6.000000e+00  6.250000e+00  1.025736e-08
 6.250000e+00  6.500000e+00  6.634232e-09
 6.500000e+00  6.750000e+00  3.920081e-09
 6.750000e+00  7.000000e+00  2.740994e-09
 7.000000e+00  7.250000e+00  2.090316e-09
 7.250000e+00  7.500000e+00  1.223014e-09
 7.500000e+00  7.750000e+00  6.780414e-10
 7.750000e+00  8.000000e+00  4.877131e-10
 8.000000e+00  8.250000e+00  1.674003e-10
 8.250000e+00  8.500000e+00  2.724750e-10
 8.500000e+00  8.750000e+00  9.538375e-11
 8.750000e+00  9.000000e+00  5.324730e-11
 9.000000e+00  9.250000e+00  2.195273e-10
 9.250000e+00  9.500000e+00  5.459764e-11
 9.500000e+00  9.750000e+00  3.968666e-11
 9.750000e+00  1.000000e+01  4.498529e-12
