 0.000000e+00  8.000000e-02  1.138739e-07
 8.000000e-02  1.600000e-01  1.157670e-07
 1.600000e-01  2.400000e-01  1.129807e-07
 2.400000e-01  3.200000e-01  1.121264e-07
 3.200000e-01  4.000000e-01  1.218661e-07
 4.000000e-01  4.800000e-01  1.189008e-07
 4.800000e-01  5.600000e-01  1.246319e-07
 5.600000e-01  6.400000e-01  1.308333e-07
 6.400000e-01  7.200000e-01  1.333102e-07
 7.200000e-01  8.000000e-01  1.428344e-07
 8.000000e-01  8.800000e-01  1.456086e-07
 8.800000e-01  9.600000e-01  1.542205e-07
 9.600000e-01  1.040000e+00  1.641370e-07
 1.040000e+00  1.120000e+00  1.706804e-07
 1.120000e+00  1.200000e+00  1.849972e-07
 1.200000e+00  1.280000e+00  1.961528e-07
 1.280000e+00  1.360000e+00  2.092344e-07
 1.360000e+00  1.440000e+00  2.371458e-07
 1.440000e+00  1.520000e+00  2.464828e-07
 1.520000e+00  1.600000e+00  2.768812e-07
 1.600000e+00  1.680000e+00  3.065740e-07
 1.680000e+00  1.760000e+00  3.533157e-07
 1.760000e+00  1.840000e+00  3.872208e-07
 1.840000e+00  1.920000e+00  4.483664e-07
 1.920000e+00  2.000000e+00  5.202241e-07
 2.000000e+00  2.080000e+00  5.855567e-07
 2.080000e+00  2.160000e+00  6.793292e-07
 2.160000e+00  2.240000e+00  8.149461e-07
 2.240000e+00  2.320000e+00  9.557796e-07
 2.320000e+00  2.400000e+00  1.175745e-06
 2.400000e+00  2.480000e+00  1.472430e-06
 2.480000e+00  2.560000e+00  1.876813e-06
 2.560000e+00  2.640000e+00  2.432873e-06
 2.640000e+00  2.720000e+00  3.258870e-06
 2.720000e+00  2.800000e+00  4.505548e-06
 2.800000e+00  2.880000e+00  6.751697e-06
 2.880000e+00  2.960000e+00  1.115171e-05
 2.960000e+00  3.040000e+00  2.209624e-05
 3.040000e+00  3.120000e+00  8.612320e-05
 3.120000e+00  3.200000e+00 -6.241697e-05
