1.000000e-03	2.388734e-02	7.593660e-07	2.299089e-02	4.253815e-03	1.224924e-07	5.070605e-03
1.148154e-03	2.504579e-02	9.155031e-07	2.407630e-02	4.558355e-03	1.506257e-07	5.431529e-03
1.318257e-03	2.624800e-02	1.103228e-06	2.519848e-02	4.884747e-03	1.852073e-07	5.817871e-03
1.513561e-03	2.749470e-02	1.328787e-06	2.635725e-02	5.234569e-03	2.277096e-07	6.231358e-03
1.737801e-03	2.878576e-02	1.599621e-06	2.755158e-02	5.609515e-03	2.799391e-07	6.673819e-03
1.995262e-03	3.012151e-02	1.924586e-06	2.878065e-02	6.011407e-03	3.441113e-07	7.147190e-03
2.290868e-03	3.150209e-02	2.314165e-06	3.004327e-02	6.442201e-03	4.229416e-07	7.653514e-03
2.630268e-03	3.292680e-02	2.780855e-06	3.133731e-02	6.903998e-03	5.197565e-07	8.194941e-03
3.019952e-03	3.439521e-02	3.339441e-06	3.266060e-02	7.399059e-03	6.386289e-07	8.773729e-03
3.467369e-03	3.590639e-02	4.007281e-06	3.401021e-02	7.929814e-03	7.845411e-07	9.392239e-03
3.981072e-03	3.745985e-02	4.804976e-06	3.538339e-02	8.498878e-03	9.635837e-07	1.005293e-02
4.570882e-03	3.905351e-02	5.756594e-06	3.677544e-02	9.109065e-03	1.183194e-06	1.075836e-02
5.248075e-03	4.068580e-02	6.890477e-06	3.818174e-02	9.763408e-03	1.452445e-06	1.151114e-02
6.025596e-03	4.235460e-02	8.239528e-06	3.959665e-02	1.046517e-02	1.782389e-06	1.231398e-02
6.918310e-03	4.405661e-02	9.842193e-06	4.101285e-02	1.121787e-02	2.186471e-06	1.316959e-02
7.943282e-03	4.578850e-02	1.174353e-05	4.242244e-02	1.202531e-02	2.681018e-06	1.408070e-02
9.120108e-03	4.754827e-02	1.399440e-05	4.381817e-02	1.289157e-02	3.285819e-06	1.505000e-02
1.047129e-02	4.933090e-02	1.665417e-05	4.518849e-02	1.382107e-02	4.024802e-06	1.608011e-02
1.202264e-02	5.113084e-02	1.978950e-05	4.652200e-02	1.481856e-02	4.926824e-06	1.717347e-02
1.380384e-02	5.294379e-02	2.347647e-05	4.780640e-02	1.588919e-02	6.026580e-06	1.833230e-02
1.584893e-02	5.476136e-02	2.779942e-05	4.902468e-02	1.703846e-02	7.365636e-06	1.955849e-02
1.819701e-02	5.657605e-02	3.285308e-05	5.015890e-02	1.827233e-02	8.993581e-06	2.085347e-02
2.089296e-02	5.838140e-02	3.874067e-05	5.119255e-02	1.959718e-02	1.096929e-05	2.221805e-02
2.398833e-02	6.017070e-02	4.557246e-05	5.210842e-02	2.101985e-02	1.336226e-05	2.365229e-02
2.754229e-02	6.192966e-02	5.346506e-05	5.287716e-02	2.254761e-02	1.625399e-05	2.515524e-02
3.162278e-02	6.364696e-02	6.254468e-05	5.347872e-02	2.418818e-02	1.973929e-05	2.672469e-02
3.630781e-02	6.530982e-02	7.291849e-05	5.388236e-02	2.594968e-02	2.392741e-05	2.835693e-02
4.168694e-02	6.690071e-02	8.470339e-05	5.406261e-02	2.784051e-02	2.894284e-05	3.004641e-02
4.786301e-02	6.840768e-02	9.798697e-05	5.398608e-02	2.986930e-02	3.492547e-05	3.178533e-02
5.495409e-02	6.979936e-02	1.128286e-04	5.362461e-02	3.204465e-02	4.202986e-05	3.356332e-02
6.309573e-02	7.105474e-02	1.292591e-04	5.293645e-02	3.437489e-02	5.042321e-05	3.536695e-02
7.244360e-02	7.215411e-02	1.472358e-04	5.190169e-02	3.686768e-02	6.028145e-05	3.717933e-02
8.317638e-02	7.306113e-02	1.666470e-04	5.048598e-02	3.952949e-02	7.178306e-05	3.897972e-02
9.549926e-02	7.374420e-02	1.872734e-04	4.866060e-02	4.236491e-02	8.509990e-05	4.074309e-02
1.096478e-01	7.415499e-02	2.087640e-04	4.640491e-02	4.537578e-02	1.003846e-04	4.243991e-02
1.258925e-01	7.424195e-02	2.306256e-04	4.369733e-02	4.856014e-02	1.177541e-04	4.403598e-02
1.445440e-01	7.395649e-02	2.522303e-04	4.052232e-02	5.191094e-02	1.372695e-04	4.549253e-02
1.659587e-01	7.323699e-02	2.727480e-04	3.689060e-02	5.541464e-02	1.589121e-04	4.676657e-02
1.905461e-01	7.202129e-02	2.911856e-04	3.281053e-02	5.904964e-02	1.825581e-04	4.781165e-02
2.187762e-01	7.023222e-02	3.063797e-04	2.831038e-02	6.278484e-02	2.079523e-04	4.857904e-02
2.511886e-01	6.780582e-02	3.171369e-04	2.343516e-02	6.657825e-02	2.346865e-04	4.901937e-02
2.884032e-01	6.465256e-02	3.221379e-04	1.824428e-02	7.037615e-02	2.621842e-04	4.908482e-02
3.311311e-01	6.075914e-02	3.207039e-04	1.281173e-02	7.411283e-02	2.896983e-04	4.873175e-02
3.801894e-01	5.604060e-02	3.103813e-04	7.230878e-03	7.771135e-02	3.163266e-04	4.792372e-02
4.365158e-01	5.048633e-02	2.917488e-04	1.622227e-03	8.108543e-02	3.410469e-04	4.663460e-02
5.011872e-01	4.421232e-02	2.642012e-04	-3.918593e-03	8.414272e-02	3.627751e-04	4.485167e-02
5.754399e-01	3.699026e-02	2.277588e-04	-9.241407e-03	8.678932e-02	3.804427e-04	4.257828e-02
6.606934e-01	2.898838e-02	1.833413e-04	-1.424407e-02	8.893531e-02	3.930872e-04	3.983562e-02
7.585776e-01	2.012247e-02	1.320543e-04	-1.879431e-02	9.050088e-02	3.999452e-04	3.666355e-02
8.709636e-01	1.084028e-02	7.569110e-05	-2.278146e-02	9.142235e-02	4.005351e-04	3.311993e-02
1.000000e+00	1.193237e-03	1.720636e-05	-2.611677e-02	9.165730e-02	3.947154e-04	2.927860e-02
1.148154e+00	-8.688793e-03	-4.367981e-05	-2.874007e-02	9.118818e-02	3.827089e-04	2.522594e-02
1.318257e+00	-1.865558e-02	-1.022173e-04	-3.063059e-02	9.002386e-02	3.650870e-04	2.105639e-02
1.513561e+00	-2.856963e-02	-1.574936e-04	-3.174431e-02	8.819882e-02	3.427154e-04	1.686725e-02
1.737801e+00	-3.827282e-02	-2.076794e-04	-3.211315e-02	8.577025e-02	3.166711e-04	1.275339e-02
1.995262e+00	-4.767097e-02	-2.519693e-04	-3.180561e-02	8.281342e-02	2.881410e-04	8.802288e-03
2.290868e+00	-5.663717e-02	-2.897899e-04	-3.082044e-02	7.941596e-02	2.583198e-04	5.089914e-03
2.630268e+00	-6.514623e-02	-3.203388e-04	-2.929506e-02	7.567190e-02	2.283194e-04	1.677803e-03
3.019952e+00	-7.314574e-02	-3.452591e-04	-2.728880e-02	7.167596e-02	1.990995e-04	-1.388608e-03
3.467369e+00	-8.062013e-02	-3.649969e-04	-2.492416e-02	6.751878e-02	1.714251e-04	-4.080343e-03
3.981072e+00	-8.760461e-02	-3.790886e-04	-2.231325e-02	6.328327e-02	1.458498e-04	-6.384128e-03
4.570882e+00	-9.410729e-02	-3.896457e-04	-1.952067e-02	5.904225e-02	1.227222e-04	-8.300751e-03
5.248075e+00	-1.002643e-01	-3.971303e-04	-1.663954e-02	5.485720e-02	1.022082e-04	-9.842844e-03
6.025596e+00	-1.057971e-01	-4.023841e-04	-1.372852e-02	5.077802e-02	8.432348e-05	-1.103237e-02
6.918310e+00	-1.110811e-01	-4.060258e-04	-1.089221e-02	4.684352e-02	6.896924e-05	-1.189808e-02
7.943282e+00	-1.160327e-01	-4.089460e-04	-8.153679e-03	4.308240e-02	5.596762e-05	-1.247309e-02
9.120108e+00	-1.207708e-01	-4.110891e-04	-5.591617e-03	3.951452e-02	4.509269e-05	-1.279276e-02
1.047129e+01	-1.249862e-01	-4.129179e-04	-3.217764e-03	3.615221e-02	3.609591e-05	-1.289295e-02
1.202264e+01	-1.290967e-01	-4.145416e-04	-1.047995e-03	3.300165e-02	2.872545e-05	-1.280860e-02
1.380384e+01	-1.330780e-01	-4.164336e-04	8.837958e-04	3.006406e-02	2.273982e-05	-1.257276e-02
1.584893e+01	-1.366713e-01	-4.184351e-04	2.581525e-03	2.733686e-02	1.791647e-05	-1.221580e-02
1.819701e+01	-1.400271e-01	-4.205894e-04	4.047161e-03	2.481454e-02	1.405649e-05	-1.176511e-02
2.089296e+01	-1.432552e-01	-4.228546e-04	5.292025e-03	2.248950e-02	1.098639e-05	-1.124483e-02
2.398833e+01	-1.462766e-01	-4.252379e-04	6.321601e-03	2.035268e-02	8.557832e-06	-1.067588e-02
2.754229e+01	-1.491385e-01	-4.276935e-04	7.150211e-03	1.839404e-02	6.646032e-06	-1.007605e-02
3.162278e+01	-1.518284e-01	-4.301845e-04	7.798594e-03	1.660302e-02	5.147483e-06	-9.460206e-03
3.630781e+01	-1.543084e-01	-4.326525e-04	8.289419e-03	1.496882e-02	3.977319e-06	-8.840569e-03
4.168694e+01	-1.566501e-01	-4.350357e-04	8.610872e-03	1.348065e-02	3.066652e-06	-8.226960e-03
4.786301e+01	-1.588285e-01	-4.373532e-04	8.812765e-03	1.212790e-02	2.360049e-06	-7.627105e-03
5.495409e+01	-1.608613e-01	-4.395805e-04	8.917057e-03	1.090030e-02	1.813227e-06	-7.046918e-03
6.309573e+01	-1.627502e-01	-4.416564e-04	8.912886e-03	9.787975e-03	1.391043e-06	-6.490764e-03
7.244360e+01	-1.645173e-01	-4.436085e-04	8.789296e-03	8.781539e-03	1.065760e-06	-5.961707e-03
8.317638e+01	-1.661566e-01	-4.454419e-04	8.622864e-03	7.872119e-03	8.155941e-07	-5.461735e-03
9.549926e+01	-1.676699e-01	-4.471161e-04	8.400867e-03	7.051385e-03	6.235089e-07	-4.991950e-03
1.096478e+02	-1.690627e-01	-4.486456e-04	8.132147e-03	6.311546e-03	4.762299e-07	-4.552747e-03
1.258925e+02	-1.703240e-01	-4.500461e-04	7.830550e-03	5.645358e-03	3.634474e-07	-4.143957e-03
1.445440e+02	-1.715144e-01	-4.513325e-04	7.502045e-03	5.046103e-03	2.771775e-07	-3.764977e-03
1.659587e+02	-1.726064e-01	-4.525031e-04	7.153882e-03	4.507580e-03	2.112525e-07	-3.414875e-03
1.905461e+02	-1.736274e-01	-4.535177e-04	6.821984e-03	4.024074e-03	1.609181e-07	-3.092477e-03
2.187762e+02	-1.745467e-01	-4.544128e-04	6.430465e-03	3.590341e-03	1.225167e-07	-2.796444e-03
2.511886e+02	-1.754039e-01	-4.552866e-04	6.064150e-03	3.201576e-03	9.323899e-08	-2.525325e-03
2.884032e+02	-1.761664e-01	-4.558627e-04	5.701708e-03	2.853388e-03	7.093068e-08	-2.277613e-03
3.311311e+02	-1.768896e-01	-4.564913e-04	5.346743e-03	2.541770e-03	5.394166e-08	-2.051777e-03
3.801894e+02	-1.775539e-01	-4.570808e-04	4.998707e-03	2.263079e-03	4.100958e-08	-1.846293e-03
4.365158e+02	-1.781400e-01	-4.575503e-04	4.661929e-03	2.014001e-03	3.116968e-08	-1.659667e-03
5.011872e+02	-1.786765e-01	-4.580096e-04	4.337662e-03	1.791532e-03	2.368529e-08	-1.490456e-03
5.754399e+02	-1.791642e-01	-4.584679e-04	4.028361e-03	1.592949e-03	1.799436e-08	-1.337271e-03
6.606934e+02	-1.796040e-01	-4.588328e-04	3.732088e-03	1.415791e-03	1.366834e-08	-1.198796e-03
7.585776e+02	-1.800177e-01	-4.591877e-04	3.460123e-03	1.257833e-03	1.038069e-08	-1.073785e-03
8.709636e+02	-1.803760e-01	-4.594677e-04	3.186884e-03	1.117070e-03	7.882717e-09	-9.610704e-04
1.000000e+03	-1.807134e-01	-4.597172e-04	2.936448e-03	9.916929e-04	5.985107e-09	-8.595608e-04
