1.000000e-03	4.253815e-03	1.224924e-07	4.242751e-03
1.148154e-03	4.558355e-03	1.506257e-07	4.544749e-03
1.318257e-03	4.884747e-03	1.852073e-07	4.868015e-03
1.513561e-03	5.234569e-03	2.277096e-07	5.213993e-03
1.737801e-03	5.609515e-03	2.799391e-07	5.584216e-03
1.995262e-03	6.011407e-03	3.441113e-07	5.980302e-03
2.290868e-03	6.442201e-03	4.229416e-07	6.403961e-03
2.630268e-03	6.903998e-03	5.197565e-07	6.856991e-03
3.019952e-03	7.399059e-03	6.386289e-07	7.341283e-03
3.467369e-03	7.929814e-03	7.845411e-07	7.858812e-03
3.981072e-03	8.498878e-03	9.635837e-07	8.411637e-03
4.570882e-03	9.109065e-03	1.183194e-06	9.001891e-03
5.248075e-03	9.763408e-03	1.452445e-06	9.631774e-03
6.025596e-03	1.046517e-02	1.782389e-06	1.030353e-02
6.918310e-03	1.121787e-02	2.186471e-06	1.101945e-02
7.943282e-03	1.202531e-02	2.681018e-06	1.178181e-02
9.120108e-03	1.289157e-02	3.285819e-06	1.259286e-02
1.047129e-02	1.382107e-02	4.024802e-06	1.345478e-02
1.202264e-02	1.481856e-02	4.926824e-06	1.436964e-02
1.380384e-02	1.588919e-02	6.026580e-06	1.533927e-02
1.584893e-02	1.703846e-02	7.365636e-06	1.636527e-02
1.819701e-02	1.827233e-02	8.993581e-06	1.744882e-02
2.089296e-02	1.959718e-02	1.096929e-05	1.859062e-02
2.398833e-02	2.101985e-02	1.336226e-05	1.979070e-02
2.754229e-02	2.254761e-02	1.625399e-05	2.104826e-02
3.162278e-02	2.418818e-02	1.973929e-05	2.236147e-02
3.630781e-02	2.594968e-02	2.392741e-05	2.372723e-02
4.168694e-02	2.784051e-02	2.894284e-05	2.514087e-02
4.786301e-02	2.986930e-02	3.492547e-05	2.659589e-02
5.495409e-02	3.204465e-02	4.202986e-05	2.808359e-02
6.309573e-02	3.437489e-02	5.042321e-05	2.959275e-02
7.244360e-02	3.686768e-02	6.028145e-05	3.110924e-02
8.317638e-02	3.952949e-02	7.178306e-05	3.261568e-02
9.549926e-02	4.236491e-02	8.509990e-05	3.409116e-02
1.096478e-01	4.537578e-02	1.003846e-04	3.551095e-02
1.258925e-01	4.856014e-02	1.177541e-04	3.684644e-02
1.445440e-01	5.191094e-02	1.372695e-04	3.806518e-02
1.659587e-01	5.541464e-02	1.589121e-04	3.913121e-02
1.905461e-01	5.904964e-02	1.825581e-04	4.000567e-02
2.187762e-01	6.278484e-02	2.079523e-04	4.064777e-02
2.511886e-01	6.657825e-02	2.346865e-04	4.101620e-02
2.884032e-01	7.037615e-02	2.621842e-04	4.107097e-02
3.311311e-01	7.411283e-02	2.896983e-04	4.077555e-02
3.801894e-01	7.771135e-02	3.163266e-04	4.009944e-02
4.365158e-01	8.108543e-02	3.410469e-04	3.902078e-02
5.011872e-01	8.414272e-02	3.627751e-04	3.752895e-02
5.754399e-01	8.678932e-02	3.804427e-04	3.562672e-02
6.606934e-01	8.893531e-02	3.930872e-04	3.333185e-02
7.585776e-01	9.050088e-02	3.999452e-04	3.067766e-02
8.709636e-01	9.142235e-02	4.005351e-04	2.771259e-02
1.000000e+00	9.165730e-02	3.947154e-04	2.449842e-02
1.148154e+00	9.118818e-02	3.827089e-04	2.110742e-02
1.318257e+00	9.002386e-02	3.650870e-04	1.761861e-02
1.513561e+00	8.819882e-02	3.427154e-04	1.411341e-02
1.737801e+00	8.577025e-02	3.166711e-04	1.067121e-02
1.995262e+00	8.281342e-02	2.881410e-04	7.365180e-03
2.290868e+00	7.941596e-02	2.583198e-04	4.258907e-03
2.630268e+00	7.567190e-02	2.283194e-04	1.403876e-03
3.019952e+00	7.167596e-02	1.990995e-04	-1.161896e-03
3.467369e+00	6.751878e-02	1.714251e-04	-3.414165e-03
3.981072e+00	6.328327e-02	1.458498e-04	-5.341822e-03
4.570882e+00	5.904225e-02	1.227222e-04	-6.945526e-03
5.248075e+00	5.485720e-02	1.022082e-04	-8.235849e-03
6.025596e+00	5.077802e-02	8.432348e-05	-9.231169e-03
6.918310e+00	4.684352e-02	6.896924e-05	-9.955538e-03
7.943282e+00	4.308240e-02	5.596762e-05	-1.043666e-02
9.120108e+00	3.951452e-02	4.509269e-05	-1.070414e-02
1.047129e+01	3.615221e-02	3.609591e-05	-1.078797e-02
1.202264e+01	3.300165e-02	2.872545e-05	-1.071740e-02
1.380384e+01	3.006406e-02	2.273982e-05	-1.052006e-02
1.584893e+01	2.733686e-02	1.791647e-05	-1.022139e-02
1.819701e+01	2.481454e-02	1.405649e-05	-9.844278e-03
2.089296e+01	2.248950e-02	1.098639e-05	-9.408943e-03
2.398833e+01	2.035268e-02	8.557832e-06	-8.932880e-03
2.754229e+01	1.839404e-02	6.646032e-06	-8.430978e-03
3.162278e+01	1.660302e-02	5.147483e-06	-7.915683e-03
3.630781e+01	1.496882e-02	3.977319e-06	-7.397211e-03
4.168694e+01	1.348065e-02	3.066652e-06	-6.883783e-03
4.786301e+01	1.212790e-02	2.360049e-06	-6.381863e-03
5.495409e+01	1.090030e-02	1.813227e-06	-5.896401e-03
6.309573e+01	9.787975e-03	1.391043e-06	-5.431047e-03
7.244360e+01	8.781539e-03	1.065760e-06	-4.988367e-03
8.317638e+01	7.872119e-03	8.155941e-07	-4.570023e-03
9.549926e+01	7.051385e-03	6.235089e-07	-4.176938e-03
1.096478e+02	6.311546e-03	4.762299e-07	-3.809441e-03
1.258925e+02	5.645358e-03	3.634474e-07	-3.467392e-03
1.445440e+02	5.046103e-03	2.771775e-07	-3.150287e-03
1.659587e+02	4.507580e-03	2.112525e-07	-2.857344e-03
1.905461e+02	4.024074e-03	1.609181e-07	-2.587583e-03
2.187762e+02	3.590341e-03	1.225167e-07	-2.339881e-03
2.511886e+02	3.201576e-03	9.323899e-08	-2.113027e-03
2.884032e+02	2.853388e-03	7.093068e-08	-1.905758e-03
3.311311e+02	2.541770e-03	5.394166e-08	-1.716793e-03
3.801894e+02	2.263079e-03	4.100958e-08	-1.544857e-03
4.365158e+02	2.014001e-03	3.116968e-08	-1.388701e-03
5.011872e+02	1.791532e-03	2.368529e-08	-1.247116e-03
5.754399e+02	1.592949e-03	1.799436e-08	-1.118941e-03
6.606934e+02	1.415791e-03	1.366834e-08	-1.003074e-03
7.585776e+02	1.257833e-03	1.038069e-08	-8.984732e-04
8.709636e+02	1.117070e-03	7.882717e-09	-8.041609e-04
1.000000e+03	9.916929e-04	5.985107e-09	-7.192243e-04
