1.000000e-03	2.281205e-02	5.984657e-06	2.275800e-02
1.148154e-03	2.394207e-02	7.221645e-06	2.387684e-02
1.318257e-03	2.511727e-02	8.710566e-06	2.503858e-02
1.513561e-03	2.633837e-02	1.050170e-05	2.624349e-02
1.737801e-03	2.760599e-02	1.265505e-05	2.749163e-02
1.995262e-03	2.892061e-02	1.524219e-05	2.878284e-02
2.290868e-03	3.028255e-02	1.834831e-05	3.011665e-02
2.630268e-03	3.169193e-02	2.207470e-05	3.149228e-02
3.019952e-03	3.314872e-02	2.654157e-05	3.290859e-02
3.467369e-03	3.465262e-02	3.189136e-05	3.436398e-02
3.981072e-03	3.620310e-02	3.829249e-05	3.585636e-02
4.570882e-03	3.779932e-02	4.594364e-05	3.738309e-02
5.248075e-03	3.944013e-02	5.507862e-05	3.894086e-02
6.025596e-03	4.112405e-02	6.597179e-05	4.052563e-02
6.918310e-03	4.284918e-02	7.894404e-05	4.213254e-02
7.943282e-03	4.461319e-02	9.436937e-05	4.375576e-02
9.120108e-03	4.641329e-02	1.126818e-04	4.538842e-02
1.047129e-02	4.824617e-02	1.343828e-04	4.702247e-02
1.202264e-02	5.010792e-02	1.600481e-04	4.864852e-02
1.380384e-02	5.199401e-02	1.903352e-04	5.025570e-02
1.584893e-02	5.389920e-02	2.259887e-04	5.183151e-02
1.819701e-02	5.581750e-02	2.678445e-04	5.336169e-02
2.089296e-02	5.774204e-02	3.168314e-04	5.483007e-02
2.398833e-02	5.966499e-02	3.739677e-04	5.621841e-02
2.754229e-02	6.157742e-02	4.403520e-04	5.750618e-02
3.162278e-02	6.346922e-02	5.171459e-04	5.867060e-02
3.630781e-02	6.532881e-02	6.055448e-04	5.968649e-02
4.168694e-02	6.714304e-02	7.067349e-04	6.052638e-02
4.786301e-02	6.889692e-02	8.218318e-04	6.116040e-02
5.495409e-02	7.057322e-02	9.517973e-04	6.155621e-02
6.309573e-02	7.215210e-02	1.097331e-03	6.168000e-02
7.244360e-02	7.361074e-02	1.258734e-03	6.149673e-02
8.317638e-02	7.492285e-02	1.435745e-03	6.097042e-02
9.549926e-02	7.605798e-02	1.627346e-03	6.006536e-02
1.096478e-01	7.698139e-02	1.831556e-03	5.874763e-02
1.258925e-01	7.765270e-02	2.045206e-03	5.698577e-02
1.445440e-01	7.802613e-02	2.263743e-03	5.475371e-02
1.659587e-01	7.805008e-02	2.481052e-03	5.203177e-02
1.905461e-01	7.766778e-02	2.689403e-03	4.880978e-02
2.187762e-01	7.681740e-02	2.879476e-03	4.508717e-02
2.511886e-01	7.543402e-02	3.040591e-03	4.087984e-02
2.884032e-01	7.345198e-02	3.161125e-03	3.621703e-02
3.311311e-01	7.080730e-02	3.229011e-03	3.114634e-02
3.801894e-01	6.744434e-02	3.233285e-03	2.573394e-02
4.365158e-01	6.331775e-02	3.164505e-03	2.006376e-02
5.011872e-01	5.839992e-02	3.015102e-03	1.423690e-02
5.754399e-01	5.268261e-02	2.782682e-03	8.366085e-03
6.606934e-01	4.619238e-02	2.468701e-03	2.573880e-03
7.585776e-01	3.897088e-02	2.080136e-03	-3.016693e-03
8.709636e-01	3.110286e-02	1.628729e-03	-8.239174e-03
1.000000e+00	2.268896e-02	1.130133e-03	-1.302429e-02
1.148154e+00	1.385575e-02	6.026029e-04	-1.727130e-02
1.318257e+00	4.737852e-03	6.664984e-05	-2.082345e-02
1.513561e+00	-4.519452e-03	-4.587772e-04	-2.372295e-02
1.737801e+00	-1.378018e-02	-9.565907e-04	-2.584128e-02
1.995262e+00	-2.291186e-02	-1.413341e-03	-2.723598e-02
2.290868e+00	-3.182553e-02	-1.819262e-03	-2.791676e-02
2.630268e+00	-4.043019e-02	-2.169780e-03	-2.791354e-02
3.019952e+00	-4.867101e-02	-2.463888e-03	-2.729893e-02
3.467369e+00	-5.651370e-02	-2.703750e-03	-2.615061e-02
3.981072e+00	-6.395432e-02	-2.896057e-03	-2.455619e-02
4.570882e+00	-7.094684e-02	-3.045530e-03	-2.259793e-02
5.248075e+00	-7.752920e-02	-3.159967e-03	-2.040409e-02
6.025596e+00	-8.371707e-02	-3.246831e-03	-1.804230e-02
6.918310e+00	-8.953382e-02	-3.312648e-03	-1.559410e-02
7.943282e+00	-9.500129e-02	-3.363137e-03	-1.312972e-02
9.120108e+00	-1.001380e-01	-3.403001e-03	-1.071024e-02
1.047129e+01	-1.049666e-01	-3.434834e-03	-8.385517e-03
1.202264e+01	-1.094592e-01	-3.464686e-03	-6.186028e-03
1.380384e+01	-1.137262e-01	-3.490951e-03	-4.149495e-03
1.584893e+01	-1.177891e-01	-3.516033e-03	-2.309810e-03
1.819701e+01	-1.215154e-01	-3.540627e-03	-6.495740e-04
2.089296e+01	-1.250591e-01	-3.565061e-03	8.164449e-04
2.398833e+01	-1.283806e-01	-3.589423e-03	2.089082e-03
2.754229e+01	-1.314976e-01	-3.611238e-03	3.174397e-03
3.162278e+01	-1.344112e-01	-3.635015e-03	4.081813e-03
3.630781e+01	-1.371287e-01	-3.658257e-03	4.822285e-03
4.168694e+01	-1.396654e-01	-3.680732e-03	5.409295e-03
4.786301e+01	-1.420959e-01	-3.702280e-03	5.857218e-03
5.495409e+01	-1.442828e-01	-3.722756e-03	6.180757e-03
6.309573e+01	-1.463304e-01	-3.742061e-03	6.394255e-03
7.244360e+01	-1.482291e-01	-3.760040e-03	6.512006e-03
8.317638e+01	-1.499338e-01	-3.776794e-03	6.547352e-03
9.549926e+01	-1.515632e-01	-3.792210e-03	6.512922e-03
1.096478e+02	-1.530699e-01	-3.806251e-03	6.419982e-03
1.258925e+02	-1.544563e-01	-3.819028e-03	6.279695e-03
1.445440e+02	-1.557366e-01	-3.830800e-03	6.098406e-03
1.659587e+02	-1.569079e-01	-3.841410e-03	5.888076e-03
1.905461e+02	-1.580068e-01	-3.850881e-03	5.653048e-03
2.187762e+02	-1.589906e-01	-3.859358e-03	5.401596e-03
2.511886e+02	-1.598929e-01	-3.867110e-03	5.138997e-03
2.884032e+02	-1.607165e-01	-3.874113e-03	4.869786e-03
3.311311e+02	-1.614666e-01	-3.880166e-03	4.598269e-03
3.801894e+02	-1.621562e-01	-3.885309e-03	4.328012e-03
4.365158e+02	-1.627817e-01	-3.890317e-03	4.062238e-03
5.011872e+02	-1.633516e-01	-3.894540e-03	3.801317e-03
5.754399e+02	-1.638699e-01	-3.897682e-03	3.547981e-03
6.606934e+02	-1.643501e-01	-3.903583e-03	3.303597e-03
7.585776e+02	-1.647783e-01	-3.906564e-03	3.069278e-03
8.709636e+02	-1.651663e-01	-3.909105e-03	2.845605e-03
1.000000e+03	-1.655234e-01	-3.911396e-03	2.633064e-03
