1.000000e-03	-6.339021e-06	-9.605409e-10	-6.782787e-06
1.148154e-03	-7.644429e-06	-1.330914e-09	-8.188891e-06
1.318257e-03	-9.214882e-06	-1.843321e-09	-9.882654e-06
1.513561e-03	-1.110322e-05	-2.551869e-09	-1.192191e-05
1.737801e-03	-1.337255e-05	-3.531114e-09	-1.437582e-05
1.995262e-03	-1.609820e-05	-4.883700e-09	-1.732705e-05
2.290868e-03	-1.936999e-05	-6.750826e-09	-2.087428e-05
2.630268e-03	-2.329486e-05	-9.326553e-09	-2.513518e-05
3.019952e-03	-2.800010e-05	-1.287733e-08	-3.024988e-05
3.467369e-03	-3.363692e-05	-1.776861e-08	-3.638505e-05
3.981072e-03	-4.038485e-05	-2.450105e-08	-4.373864e-05
4.570882e-03	-4.845663e-05	-3.375966e-08	-5.254537e-05
5.248075e-03	-5.810409e-05	-4.648037e-08	-6.308305e-05
6.025596e-03	-6.962483e-05	-6.394003e-08	-7.567987e-05
6.918310e-03	-8.336994e-05	-8.787764e-08	-9.072267e-05
7.943282e-03	-9.975289e-05	-1.206573e-07	-1.086664e-04
9.120108e-03	-1.192596e-04	-1.654860e-07	-1.300445e-04
1.047129e-02	-1.424600e-04	-2.267050e-07	-1.554810e-04
1.202264e-02	-1.700209e-04	-3.101753e-07	-1.857028e-04
1.380384e-02	-2.027205e-04	-4.237875e-07	-2.215538e-04
1.584893e-02	-2.414644e-04	-5.781317e-07	-2.640096e-04
1.819701e-02	-2.873032e-04	-7.873700e-07	-3.141920e-04
2.089296e-02	-3.414512e-04	-1.070366e-06	-3.733843e-04
2.398833e-02	-4.053070e-04	-1.452135e-06	-4.430439e-04
2.754229e-02	-4.804736e-04	-1.965677e-06	-5.248142e-04
3.162278e-02	-5.687800e-04	-2.654280e-06	-6.205310e-04
3.630781e-02	-6.723005e-04	-3.574353e-06	-7.322231e-04
4.168694e-02	-7.933727e-04	-4.798856e-06	-8.621032e-04
4.786301e-02	-9.346107e-04	-6.421344e-06	-1.012547e-03
5.495409e-02	-1.098911e-03	-8.560605e-06	-1.186051e-03
6.309573e-02	-1.289450e-03	-1.136574e-05	-1.385177e-03
7.244360e-02	-1.509665e-03	-1.502142e-05	-1.612452e-03
8.317638e-02	-1.763215e-03	-1.975276e-05	-1.870250e-03
9.549926e-02	-2.053915e-03	-2.582911e-05	-2.160620e-03
1.096478e-01	-2.385638e-03	-3.356547e-05	-2.485073e-03
1.258925e-01	-2.762167e-03	-4.332012e-05	-2.844317e-03
1.445440e-01	-3.187004e-03	-5.548635e-05	-3.237939e-03
1.659587e-01	-3.663099e-03	-7.047600e-05	-3.664040e-03
1.905461e-01	-4.192524e-03	-8.869278e-05	-4.118847e-03
2.187762e-01	-4.776067e-03	-1.104928e-04	-4.596622e-03
2.511886e-01	-5.412748e-03	-1.361317e-04	-5.088058e-03
2.884032e-01	-6.099272e-03	-1.656992e-04	-5.581807e-03
3.311311e-01	-6.830229e-03	-1.990441e-04	-6.062297e-03
3.801894e-01	-7.594443e-03	-2.356993e-04	-6.513520e-03
4.365158e-01	-8.378017e-03	-2.748148e-04	-6.914509e-03
5.011872e-01	-9.164432e-03	-3.151156e-04	-7.241883e-03
5.754399e-01	-9.929808e-03	-3.548929e-04	-7.472441e-03
6.606934e-01	-1.064575e-02	-3.920421e-04	-7.583802e-03
7.585776e-01	-1.128208e-02	-4.241666e-04	-7.554763e-03
8.709636e-01	-1.180180e-02	-4.487246e-04	-7.368112e-03
1.000000e+00	-1.216532e-02	-4.632084e-04	-7.013325e-03
1.148154e+00	-1.233231e-02	-4.653818e-04	-6.487044e-03
1.318257e+00	-1.226200e-02	-4.534470e-04	-5.794550e-03
1.513561e+00	-1.191486e-02	-4.260130e-04	-4.949839e-03
1.737801e+00	-1.125419e-02	-3.825428e-04	-3.975284e-03
1.995262e+00	-1.025179e-02	-3.230962e-04	-2.902354e-03
2.290868e+00	-8.873984e-03	-2.483362e-04	-1.766355e-03
2.630268e+00	-7.104656e-03	-1.594072e-04	-6.077471e-04
3.019952e+00	-4.932978e-03	-5.783744e-05	5.358390e-04
3.467369e+00	-2.356071e-03	5.463882e-05	1.625641e-03
3.981072e+00	6.198010e-04	1.766354e-04	2.628079e-03
4.570882e+00	3.979928e-03	3.053320e-04	3.515160e-03
5.248075e+00	7.712701e-03	4.394023e-04	4.266669e-03
6.025596e+00	1.177034e-02	5.770181e-04	4.869223e-03
6.918310e+00	1.610756e-02	7.166450e-04	5.316453e-03
7.943282e+00	2.071916e-02	8.568287e-04	5.608611e-03
9.120108e+00	2.554770e-02	9.962087e-04	5.752864e-03
1.047129e+01	3.054885e-02	1.133993e-03	5.759607e-03
1.202264e+01	3.569159e-02	1.268606e-03	5.642372e-03
1.380384e+01	4.090663e-02	1.398550e-03	5.419488e-03
1.584893e+01	4.616537e-02	1.524571e-03	5.107837e-03
1.819701e+01	5.143080e-02	1.646284e-03	4.725591e-03
2.089296e+01	5.666514e-02	1.761389e-03	4.290442e-03
2.398833e+01	6.183913e-02	1.870417e-03	3.826257e-03
2.754229e+01	6.691595e-02	1.973113e-03	3.332768e-03
3.162278e+01	7.187573e-02	2.068629e-03	2.831015e-03
3.630781e+01	7.669817e-02	2.158553e-03	2.332407e-03
4.168694e+01	8.136555e-02	2.242098e-03	1.846483e-03
4.786301e+01	8.586394e-02	2.318378e-03	1.380962e-03
5.495409e+01	9.021375e-02	2.389956e-03	9.418507e-04
6.309573e+01	9.434919e-02	2.456768e-03	5.335256e-04
7.244360e+01	9.829301e-02	2.517110e-03	1.590350e-04
8.317638e+01	1.020431e-01	2.572104e-03	-1.802407e-04
9.549926e+01	1.055990e-01	2.622202e-03	-4.836079e-04
1.096478e+02	1.089613e-01	2.667739e-03	-7.487935e-04
1.258925e+02	1.121331e-01	2.709014e-03	-9.796457e-04
1.445440e+02	1.151180e-01	2.746359e-03	-1.175727e-03
1.659587e+02	1.179212e-01	2.780116e-03	-1.340043e-03
1.905461e+02	1.205483e-01	2.810554e-03	-1.474288e-03
2.187762e+02	1.230045e-01	2.835803e-03	-1.580651e-03
2.511886e+02	1.252994e-01	2.860402e-03	-1.661649e-03
2.884032e+02	1.274384e-01	2.882492e-03	-1.719274e-03
3.311311e+02	1.294288e-01	2.902235e-03	-1.756051e-03
3.801894e+02	1.312786e-01	2.919872e-03	-1.774233e-03
4.365158e+02	1.329942e-01	2.935677e-03	-1.776247e-03
5.011872e+02	1.345835e-01	2.949927e-03	-1.764813e-03
5.754399e+02	1.360255e-01	2.962570e-03	-1.740773e-03
6.606934e+02	1.373848e-01	2.973778e-03	-1.706559e-03
7.585776e+02	1.386247e-01	2.983835e-03	-1.663777e-03
8.709636e+02	1.397805e-01	2.992688e-03	-1.614184e-03
1.000000e+03	1.408451e-01	3.000646e-03	-1.559107e-03
