1.000000e-03	-7.820737e-06	-1.461326e-12	-8.365564e-06
1.148154e-03	-9.431430e-06	-2.024710e-12	-1.009947e-05
1.318257e-03	-1.136921e-05	-2.804093e-12	-1.218797e-05
1.513561e-03	-1.369931e-05	-3.881732e-12	-1.470231e-05
1.737801e-03	-1.649965e-05	-5.370946e-12	-1.772767e-05
1.995262e-03	-1.986324e-05	-7.427726e-12	-2.136585e-05
2.290868e-03	-2.390100e-05	-1.026661e-11	-2.573830e-05
2.630268e-03	-2.874504e-05	-1.418237e-11	-3.098981e-05
3.019952e-03	-3.455259e-05	-1.957965e-11	-3.729276e-05
3.467369e-03	-4.151055e-05	-2.701324e-11	-4.485208e-05
3.981072e-03	-4.984078e-05	-3.724294e-11	-5.391100e-05
4.570882e-03	-5.980633e-05	-5.130784e-11	-6.475777e-05
5.248075e-03	-7.171868e-05	-7.062703e-11	-7.773334e-05
6.025596e-03	-8.594603e-05	-9.713542e-11	-9.324011e-05
6.918310e-03	-1.029230e-04	-1.334665e-10	-1.117520e-04
7.943282e-03	-1.231616e-04	-1.831979e-10	-1.338257e-04
9.120108e-03	-1.472640e-04	-2.511786e-10	-1.601131e-04
1.047129e-02	-1.759370e-04	-3.439662e-10	-1.913754e-04
1.202264e-02	-2.100079e-04	-4.704037e-10	-2.284981e-04
1.380384e-02	-2.504432e-04	-6.423814e-10	-2.725069e-04
1.584893e-02	-2.983686e-04	-8.758331e-10	-3.245841e-04
1.819701e-02	-3.550913e-04	-1.192030e-09	-3.860858e-04
2.089296e-02	-4.221243e-04	-1.619250e-09	-4.585571e-04
2.398833e-02	-5.012117e-04	-2.194901e-09	-5.437456e-04
2.754229e-02	-5.943558e-04	-2.968205e-09	-6.436115e-04
3.162278e-02	-7.038438e-04	-4.003526e-09	-7.603305e-04
3.630781e-02	-8.322741e-04	-5.384436e-09	-8.962880e-04
4.168694e-02	-9.825788e-04	-7.218574e-09	-1.054060e-03
4.786301e-02	-1.158041e-03	-9.643291e-09	-1.236378e-03
5.495409e-02	-1.362305e-03	-1.283199e-08	-1.446064e-03
6.309573e-02	-1.599368e-03	-1.700085e-08	-1.685946e-03
7.244360e-02	-1.873559e-03	-2.241553e-08	-1.958727e-03
8.317638e-02	-2.189482e-03	-2.939680e-08	-2.266813e-03
9.549926e-02	-2.551932e-03	-3.832411e-08	-2.612088e-03
1.096478e-01	-2.965755e-03	-4.963509e-08	-2.995637e-03
1.258925e-01	-3.435648e-03	-6.381887e-08	-3.417409e-03
1.445440e-01	-3.965893e-03	-8.140036e-08	-3.875821e-03
1.659587e-01	-4.559993e-03	-1.029125e-07	-4.367327e-03
1.905461e-01	-5.220224e-03	-1.288540e-07	-4.885965e-03
2.187762e-01	-5.947093e-03	-1.596305e-07	-5.423281e-03
2.511886e-01	-6.738691e-03	-1.954785e-07	-5.966591e-03
2.884032e-01	-7.589991e-03	-2.363762e-07	-6.500795e-03
3.311311e-01	-8.492118e-03	-2.819472e-07	-7.006197e-03
3.801894e-01	-9.431655e-03	-3.313727e-07	-7.462613e-03
4.365158e-01	-1.039004e-02	-3.833210e-07	-7.845075e-03
5.011872e-01	-1.134318e-02	-4.359206e-07	-8.126521e-03
5.754399e-01	-1.226134e-02	-4.867836e-07	-8.281743e-03
6.606934e-01	-1.310942e-02	-5.330944e-07	-8.286842e-03
7.585776e-01	-1.384664e-02	-5.717769e-07	-8.121587e-03
8.709636e-01	-1.443178e-02	-5.997066e-07	-7.771439e-03
1.000000e+00	-1.481773e-02	-6.139431e-07	-7.230380e-03
1.148154e+00	-1.495714e-02	-6.119863e-07	-6.501446e-03
1.318257e+00	-1.480511e-02	-5.920715e-07	-5.597467e-03
1.513561e+00	-1.431937e-02	-5.529273e-07	-4.540260e-03
1.737801e+00	-1.346240e-02	-4.943724e-07	-3.362289e-03
1.995262e+00	-1.220714e-02	-4.168922e-07	-2.100992e-03
2.290868e+00	-1.052299e-02	-3.216793e-07	-7.999138e-04
2.630268e+00	-8.392546e-03	-2.104157e-07	4.987800e-04
3.019952e+00	-5.827833e-03	-8.513012e-08	1.751539e-03
3.467369e+00	-2.816160e-03	5.196821e-08	2.919657e-03
3.981072e+00	6.240231e-04	1.992298e-07	3.970081e-03
4.570882e+00	4.470143e-03	3.531964e-07	4.877283e-03
5.248075e+00	8.692546e-03	5.123263e-07	5.624020e-03
6.025596e+00	1.325502e-02	6.746215e-07	6.200361e-03
6.918310e+00	1.811521e-02	8.382287e-07	6.603812e-03
7.943282e+00	2.322338e-02	1.001553e-06	6.839872e-03
9.120108e+00	2.853897e-02	1.163435e-06	6.917970e-03
1.047129e+01	3.401091e-02	1.322159e-06	6.851317e-03
1.202264e+01	3.959406e-02	1.476083e-06	6.659330e-03
1.380384e+01	4.524975e-02	1.625408e-06	6.359854e-03
1.584893e+01	5.091663e-02	1.768874e-06	5.972686e-03
1.819701e+01	5.656550e-02	1.907208e-06	5.517446e-03
2.089296e+01	6.215719e-02	2.035834e-06	5.021448e-03
2.398833e+01	6.766088e-02	2.158547e-06	4.483643e-03
2.754229e+01	7.304631e-02	2.274666e-06	3.928773e-03
3.162278e+01	7.828976e-02	2.382698e-06	3.370174e-03
3.630781e+01	8.334988e-02	2.483281e-06	2.819281e-03
4.168694e+01	8.830461e-02	2.576559e-06	2.285504e-03
4.786301e+01	9.302128e-02	2.663303e-06	1.776384e-03
5.495409e+01	9.753926e-02	2.740657e-06	1.297621e-03
6.309573e+01	1.018524e-01	2.814876e-06	8.534032e-04
7.244360e+01	1.059574e-01	2.881501e-06	4.457492e-04
8.317638e+01	1.098531e-01	2.942464e-06	7.690293e-05
9.549926e+01	1.135398e-01	2.997731e-06	-2.517364e-04
1.096478e+02	1.170197e-01	3.047887e-06	-5.410652e-04
1.258925e+02	1.202968e-01	3.093313e-06	-7.926324e-04
1.445440e+02	1.233764e-01	3.134389e-06	-1.008110e-03
1.659587e+02	1.262641e-01	3.171460e-06	-1.189802e-03
1.905461e+02	1.289663e-01	3.202505e-06	-1.339598e-03
2.187762e+02	1.314918e-01	3.232534e-06	-1.460007e-03
2.511886e+02	1.338467e-01	3.259448e-06	-1.553527e-03
2.884032e+02	1.360400e-01	3.283584e-06	-1.622302e-03
3.311311e+02	1.380784e-01	3.305340e-06	-1.669182e-03
3.801894e+02	1.399695e-01	3.324744e-06	-1.696566e-03
4.365158e+02	1.417240e-01	3.344772e-06	-1.706653e-03
5.011872e+02	1.433488e-01	3.360238e-06	-1.702706e-03
5.754399e+02	1.448488e-01	3.371200e-06	-1.685217e-03
6.606934e+02	1.462353e-01	3.383484e-06	-1.656868e-03
7.585776e+02	1.475149e-01	3.394355e-06	-1.620023e-03
8.709636e+02	1.486934e-01	3.407138e-06	-1.574479e-03
1.000000e+03	1.497792e-01	3.415778e-06	-1.523648e-03
