1.000000e-03	-4.530260e-07	-6.495188e-11	-4.524395e-07
1.148154e-03	-5.573103e-07	-9.170914e-11	-5.564820e-07
1.318257e-03	-6.855943e-07	-1.294813e-10	-6.844246e-07
1.513561e-03	-8.433984e-07	-1.827978e-10	-8.417468e-07
1.737801e-03	-1.037512e-06	-2.580477e-10	-1.035180e-06
1.995262e-03	-1.276286e-06	-3.642412e-10	-1.272993e-06
2.290868e-03	-1.569986e-06	-5.140816e-10	-1.565338e-06
2.630268e-03	-1.931238e-06	-7.254748e-10	-1.924677e-06
3.019952e-03	-2.375564e-06	-1.023651e-09	-2.366304e-06
3.467369e-03	-2.922050e-06	-1.444150e-09	-2.908980e-06
3.981072e-03	-3.594153e-06	-2.037009e-09	-3.575709e-06
4.570882e-03	-4.420707e-06	-2.872647e-09	-4.394685e-06
5.248075e-03	-5.437149e-06	-4.050110e-09	-5.400439e-06
6.025596e-03	-6.687020e-06	-5.708620e-09	-6.635243e-06
6.918310e-03	-8.223810e-06	-8.043736e-09	-8.150798e-06
7.943282e-03	-1.011322e-05	-1.132992e-08	-1.001029e-05
9.120108e-03	-1.243592e-05	-1.595198e-08	-1.229085e-05
1.047129e-02	-1.529094e-05	-2.244892e-08	-1.508655e-05
1.202264e-02	-1.879980e-05	-3.157470e-08	-1.851195e-05
1.380384e-02	-2.311155e-05	-4.438247e-08	-2.270634e-05
1.584893e-02	-2.840895e-05	-6.234091e-08	-2.783879e-05
1.819701e-02	-3.491591e-05	-8.749429e-08	-3.411413e-05
2.089296e-02	-4.290664e-05	-1.226819e-07	-4.177986e-05
2.398833e-02	-5.271662e-05	-1.718375e-07	-5.113430e-05
2.754229e-02	-6.475599e-05	-2.403956e-07	-6.253582e-05
3.162278e-02	-7.952554e-05	-3.358400e-07	-7.641339e-05
3.630781e-02	-9.763603e-05	-4.684376e-07	-9.327832e-05
4.168694e-02	-1.198312e-04	-6.522141e-07	-1.137370e-04
4.786301e-02	-1.470149e-04	-9.062365e-07	-1.385044e-04
5.495409e-02	-1.802837e-04	-1.256281e-06	-1.684178e-04
6.309573e-02	-2.209640e-04	-1.736971e-06	-2.044498e-04
7.244360e-02	-2.706558e-04	-2.394477e-06	-2.477194e-04
8.317638e-02	-3.312821e-04	-3.289858e-06	-2.994998e-04
9.549926e-02	-4.051441e-04	-4.503092e-06	-3.612194e-04
1.096478e-01	-4.949821e-04	-6.137809e-06	-4.344541e-04
1.258925e-01	-6.040396e-04	-8.326623e-06	-5.209064e-04
1.445440e-01	-7.361293e-04	-1.123685e-05	-6.223666e-04
1.659587e-01	-8.956953e-04	-1.507617e-05	-7.406521e-04
1.905461e-01	-1.087868e-03	-2.009764e-05	-8.775171e-04
2.187762e-01	-1.318503e-03	-2.660301e-05	-1.034426e-03
2.511886e-01	-1.594197e-03	-3.494341e-05	-1.212792e-03
2.884032e-01	-1.922271e-03	-4.551571e-05	-1.413232e-03
3.311311e-01	-2.310702e-03	-5.875364e-05	-1.635944e-03
3.801894e-01	-2.768011e-03	-7.511228e-05	-1.879468e-03
4.365158e-01	-3.303076e-03	-9.504572e-05	-2.141743e-03
5.011872e-01	-3.924903e-03	-1.189785e-04	-2.419096e-03
5.754399e-01	-4.642318e-03	-1.472726e-04	-2.706292e-03
6.606934e-01	-5.463025e-03	-1.801692e-04	-2.996496e-03
7.585776e-01	-6.395457e-03	-2.178518e-04	-3.280592e-03
8.709636e-01	-7.445319e-03	-2.602886e-04	-3.550334e-03
1.000000e+00	-8.617698e-03	-3.073076e-04	-3.794773e-03
1.148154e+00	-9.914232e-03	-3.585811e-04	-4.003221e-03
1.318257e+00	-1.133611e-02	-4.136414e-04	-4.165575e-03
1.513561e+00	-1.288164e-02	-4.720108e-04	-4.272556e-03
1.737801e+00	-1.454959e-02	-5.328680e-04	-4.317003e-03
1.995262e+00	-1.632900e-02	-5.956033e-04	-4.294261e-03
2.290868e+00	-1.821368e-02	-6.595318e-04	-4.202356e-03
2.630268e+00	-2.019331e-02	-7.239960e-04	-4.043197e-03
3.019952e+00	-2.225579e-02	-7.883851e-04	-3.818977e-03
3.467369e+00	-2.437902e-02	-8.521445e-04	-3.537013e-03
3.981072e+00	-2.656456e-02	-9.147867e-04	-3.205984e-03
4.570882e+00	-2.878963e-02	-9.758844e-04	-2.836048e-03
5.248075e+00	-3.103863e-02	-1.035069e-03	-2.438866e-03
6.025596e+00	-3.329607e-02	-1.092032e-03	-2.024049e-03
6.918310e+00	-3.554677e-02	-1.146521e-03	-1.603102e-03
7.943282e+00	-3.777644e-02	-1.198333e-03	-1.185982e-03
9.120108e+00	-3.998795e-02	-1.247316e-03	-7.814416e-04
1.047129e+01	-4.213769e-02	-1.293362e-03	-3.984468e-04
1.202264e+01	-4.423045e-02	-1.336403e-03	-4.000893e-05
1.380384e+01	-4.625721e-02	-1.376429e-03	2.891418e-04
1.584893e+01	-4.820996e-02	-1.412583e-03	5.842719e-04
1.819701e+01	-5.008368e-02	-1.446657e-03	8.446050e-04
2.089296e+01	-5.187340e-02	-1.477889e-03	1.069646e-03
2.398833e+01	-5.357618e-02	-1.506406e-03	1.259788e-03
2.754229e+01	-5.519012e-02	-1.532315e-03	1.416280e-03
3.162278e+01	-5.671462e-02	-1.555790e-03	1.540927e-03
3.630781e+01	-5.814977e-02	-1.576973e-03	1.635951e-03
4.168694e+01	-5.949686e-02	-1.596043e-03	1.703845e-03
4.786301e+01	-6.075778e-02	-1.613146e-03	1.747232e-03
5.495409e+01	-6.193477e-02	-1.628450e-03	1.768808e-03
6.309573e+01	-6.303074e-02	-1.642100e-03	1.771004e-03
7.244360e+01	-6.404869e-02	-1.654239e-03	1.757092e-03
8.317638e+01	-6.499244e-02	-1.665032e-03	1.731021e-03
9.549926e+01	-6.586562e-02	-1.674593e-03	1.691429e-03
1.096478e+02	-6.667194e-02	-1.683024e-03	1.642345e-03
1.258925e+02	-6.741534e-02	-1.690518e-03	1.585721e-03
1.445440e+02	-6.807491e-02	-1.697159e-03	1.523301e-03
1.659587e+02	-6.870346e-02	-1.703002e-03	1.455783e-03
1.905461e+02	-6.928004e-02	-1.708100e-03	1.386376e-03
2.187762e+02	-6.980842e-02	-1.712589e-03	1.315226e-03
2.511886e+02	-7.029189e-02	-1.716606e-03	1.243377e-03
2.884032e+02	-7.073411e-02	-1.720151e-03	1.171659e-03
3.311311e+02	-7.113799e-02	-1.723222e-03	1.100770e-03
3.801894e+02	-7.150757e-02	-1.725769e-03	1.031328e-03
4.365158e+02	-7.184155e-02	-1.728227e-03	9.637966e-04
5.011872e+02	-7.214607e-02	-1.730335e-03	8.985448e-04
5.754399e+02	-7.242338e-02	-1.733022e-03	8.358420e-04
6.606934e+02	-7.267551e-02	-1.733650e-03	7.756747e-04
7.585776e+02	-7.290133e-02	-1.735121e-03	7.186141e-04
8.709636e+02	-7.311077e-02	-1.736378e-03	6.645218e-04
1.000000e+03	-7.330023e-02	-1.738218e-03	6.134365e-04
