1.000000e-03	2.672919e-12	1.145764e-12	-2.481858e-12
1.148154e-03	4.328964e-12	1.856396e-12	-4.019251e-12
1.318257e-03	7.009605e-12	3.007348e-12	-6.507591e-12
1.513561e-03	1.134754e-11	4.871074e-12	-1.053389e-11
1.737801e-03	1.836510e-11	7.888301e-12	-1.704650e-11
1.995262e-03	2.971336e-11	1.277167e-11	-2.757666e-11
2.290868e-03	4.805712e-11	2.067301e-11	-4.459517e-11
2.630268e-03	7.769427e-11	3.345305e-11	-7.208594e-11
3.019952e-03	1.255511e-10	5.411597e-11	-1.164671e-10
3.467369e-03	2.027793e-10	8.750896e-11	-1.880686e-10
3.981072e-03	3.273148e-10	1.414468e-10	-3.034971e-10
4.570882e-03	5.279704e-10	2.285182e-10	-4.894174e-10
5.248075e-03	8.509681e-10	3.689812e-10	-7.885812e-10
6.025596e-03	1.370342e-09	5.954001e-10	-1.269420e-09
6.918310e-03	2.204463e-09	9.600522e-10	-2.041264e-09
7.943282e-03	3.542205e-09	1.546739e-09	-3.278412e-09
9.120108e-03	5.684249e-09	2.489569e-09	-5.258066e-09
1.047129e-02	9.108019e-09	4.002747e-09	-8.419864e-09
1.202264e-02	1.456934e-08	6.427665e-09	-1.345888e-08
1.380384e-02	2.326078e-08	1.030707e-08	-2.147018e-08
1.584893e-02	3.705697e-08	1.650140e-08	-3.417205e-08
1.819701e-02	5.889225e-08	2.637037e-08	-5.424859e-08
2.089296e-02	9.333781e-08	4.205482e-08	-8.587126e-08
2.398833e-02	1.474769e-07	6.691166e-08	-1.354862e-07
2.754229e-02	2.322204e-07	1.061802e-07	-2.129909e-07
3.162278e-02	3.642635e-07	1.679944e-07	-3.334741e-07
3.630781e-02	5.689644e-07	2.649077e-07	-5.197545e-07
4.168694e-02	8.845258e-07	4.161648e-07	-8.060347e-07
4.786301e-02	1.367984e-06	6.510461e-07	-1.243076e-06
5.495409e-02	2.103645e-06	1.013723e-06	-1.905385e-06
6.309573e-02	3.214770e-06	1.570201e-06	-2.901000e-06
7.244360e-02	4.879410e-06	2.418056e-06	-4.384457e-06
8.317638e-02	7.351392e-06	3.699812e-06	-6.573501e-06
9.549926e-02	1.098738e-05	5.620843e-06	-9.769825e-06
1.096478e-01	1.628064e-05	8.472591e-06	-1.438368e-05
1.258925e-01	2.390164e-05	1.266159e-05	-2.096128e-05
1.445440e-01	3.474449e-05	1.874401e-05	-3.021271e-05
1.659587e-01	4.997674e-05	2.746407e-05	-4.303607e-05
1.905461e-01	7.108790e-05	3.979276e-05	-6.053154e-05
2.187762e-01	9.992968e-05	5.696049e-05	-8.399648e-05
2.511886e-01	1.387379e-04	8.047414e-05	-1.148902e-04
2.884032e-01	1.901243e-04	1.121058e-04	-1.547565e-04
3.311311e-01	2.570243e-04	1.538376e-04	-2.050916e-04
3.801894e-01	3.425903e-04	2.077494e-04	-2.671522e-04
4.365158e-01	4.500223e-04	2.758382e-04	-3.417053e-04
5.011872e-01	5.823365e-04	3.597684e-04	-4.287320e-04
5.754399e-01	7.420859e-04	4.605710e-04	-5.271208e-04
6.606934e-01	9.310550e-04	5.783211e-04	-6.343991e-04
7.585776e-01	1.149968e-03	7.118509e-04	-7.465560e-04
8.709636e-01	1.398249e-03	8.585540e-04	-8.580235e-04
1.000000e+00	1.673880e-03	1.014352e-03	-9.618677e-04
1.148154e+00	1.973385e-03	1.173853e-03	-1.050196e-03
1.318257e+00	2.291936e-03	1.330712e-03	-1.114779e-03
1.513561e+00	2.623589e-03	1.478162e-03	-1.147791e-03
1.737801e+00	2.962025e-03	1.609642e-03	-1.142582e-03
1.995262e+00	3.299287e-03	1.719403e-03	-1.094438e-03
2.290868e+00	3.628744e-03	1.803400e-03	-1.001095e-03
2.630268e+00	3.943140e-03	1.858186e-03	-8.629898e-04
3.019952e+00	4.236327e-03	1.883153e-03	-6.832398e-04
3.467369e+00	4.502778e-03	1.879075e-03	-4.672742e-04
3.981072e+00	4.737902e-03	1.848178e-03	-2.227025e-04
4.570882e+00	4.938139e-03	1.793795e-03	4.207885e-05
5.248075e+00	5.100984e-03	1.719966e-03	3.177522e-04
6.025596e+00	5.225008e-03	1.631035e-03	5.951952e-04
6.918310e+00	5.309762e-03	1.531312e-03	8.661561e-04
7.943282e+00	5.355553e-03	1.424595e-03	1.123251e-03
9.120108e+00	5.363926e-03	1.314922e-03	1.360355e-03
1.047129e+01	5.336741e-03	1.204941e-03	1.573957e-03
1.202264e+01	5.276635e-03	1.097171e-03	1.758914e-03
1.380384e+01	5.186647e-03	9.934159e-04	1.914343e-03
1.584893e+01	5.070127e-03	8.950021e-04	2.039548e-03
1.819701e+01	4.930605e-03	8.028140e-04	2.134997e-03
2.089296e+01	4.771630e-03	7.173605e-04	2.201936e-03
2.398833e+01	4.596694e-03	6.388439e-04	2.242208e-03
2.754229e+01	4.409196e-03	5.672504e-04	2.256992e-03
3.162278e+01	4.212338e-03	5.023926e-04	2.251455e-03
3.630781e+01	4.009091e-03	4.439584e-04	2.226431e-03
4.168694e+01	3.802155e-03	3.915589e-04	2.184945e-03
4.786301e+01	3.593981e-03	3.448146e-04	2.129626e-03
5.495409e+01	3.386579e-03	3.031596e-04	2.062971e-03
6.309573e+01	3.181835e-03	2.661975e-04	1.987346e-03
7.244360e+01	2.981282e-03	2.334844e-04	1.904890e-03
8.317638e+01	2.786201e-03	2.045964e-04	1.817509e-03
9.549926e+01	2.597601e-03	1.791350e-04	1.726892e-03
1.096478e+02	2.416264e-03	1.567304e-04	1.634509e-03
1.258925e+02	2.242789e-03	1.370434e-04	1.541620e-03
1.445440e+02	2.077579e-03	1.197656e-04	1.449296e-03
1.659587e+02	1.920886e-03	1.046179e-04	1.358417e-03
1.905461e+02	1.772825e-03	9.134969e-05	1.269686e-03
2.187762e+02	1.633404e-03	7.973681e-05	1.183683e-03
2.511886e+02	1.502535e-03	6.957941e-05	1.100861e-03
2.884032e+02	1.380056e-03	6.070015e-05	1.021547e-03
3.311311e+02	1.265739e-03	5.294211e-05	9.459516e-04
3.801894e+02	1.159313e-03	4.616690e-05	8.742373e-04
4.365158e+02	1.060459e-03	4.025139e-05	8.064740e-04
5.011872e+02	9.688415e-04	3.508883e-05	7.426856e-04
5.754399e+02	8.841098e-04	3.058462e-05	6.828241e-04
6.606934e+02	8.058914e-04	2.665572e-05	6.268269e-04
7.585776e+02	7.338125e-04	2.322933e-05	5.745925e-04
8.709636e+02	6.675021e-04	2.024177e-05	5.259945e-04
1.000000e+03	6.065946e-04	1.763722e-05	4.808812e-04
