 2.500000e-02	 8.457874e-05
 7.500000e-02	 2.607294e-04
 1.250000e-01	 4.370491e-04
 1.750000e-01	 6.098059e-04
 2.250000e-01	 7.763195e-04
 2.750000e-01	 9.343632e-04
 3.250000e-01	 1.082017e-03
 3.750000e-01	 1.217660e-03
 4.250000e-01	 1.339963e-03
 4.750000e-01	 1.447893e-03
 5.250000e-01	 1.540714e-03
 5.750000e-01	 1.617927e-03
 6.250000e-01	 1.679477e-03
 6.750000e-01	 1.725406e-03
 7.250000e-01	 1.756057e-03
 7.750000e-01	 1.771990e-03
 8.250000e-01	 1.773959e-03
 8.750000e-01	 1.762877e-03
 9.250000e-01	 1.739794e-03
 9.750000e-01	 1.705931e-03
 1.025000e+00	 1.662433e-03
 1.075000e+00	 1.610596e-03
 1.125000e+00	 1.551625e-03
 1.175000e+00	 1.486839e-03
 1.225000e+00	 1.417445e-03
 1.275000e+00	 1.344637e-03
 1.325000e+00	 1.269525e-03
 1.375000e+00	 1.193086e-03
 1.425000e+00	 1.116209e-03
 1.475000e+00	 1.039710e-03
 1.525000e+00	 9.643580e-04
 1.575000e+00	 8.908242e-04
 1.625000e+00	 8.195441e-04
 1.675000e+00	 7.509326e-04
 1.725000e+00	 6.854289e-04
 1.775000e+00	 6.232515e-04
 1.825000e+00	 5.645258e-04
 1.875000e+00	 5.093998e-04
 1.925000e+00	 4.579861e-04
 1.975000e+00	 4.102133e-04
 2.025000e+00	 3.660265e-04
 2.075000e+00	 3.254296e-04
 2.125000e+00	 2.882450e-04
 2.175000e+00	 2.542682e-04
 2.225000e+00	 2.234203e-04
 2.275000e+00	 1.957836e-04
 2.325000e+00	 1.711075e-04
 2.375000e+00	 1.487996e-04
 2.425000e+00	 1.287395e-04
 2.475000e+00	 1.108239e-04
 2.525000e+00	 9.494184e-05
 2.575000e+00	 8.099654e-05
 2.625000e+00	 6.887930e-05
 2.675000e+00	 5.834617e-05
 2.725000e+00	 4.917069e-05
 2.775000e+00	 4.116311e-05
 2.825000e+00	 3.426104e-05
 2.875000e+00	 2.841528e-05
 2.925000e+00	 2.344401e-05
 2.975000e+00	 1.919338e-05
 3.025000e+00	 1.557244e-05
 3.075000e+00	 1.258384e-05
 3.125000e+00	 1.011178e-05
 3.175000e+00	 8.046144e-06
 3.225000e+00	 6.321160e-06
 3.275000e+00	 4.943296e-06
 3.325000e+00	 3.839163e-06
 3.375000e+00	 2.938153e-06
 3.425000e+00	 2.210320e-06
 3.475000e+00	 1.656467e-06
 3.525000e+00	 1.227552e-06
 3.575000e+00	 8.845474e-07
 3.625000e+00	 6.280333e-07
 3.675000e+00	 4.439250e-07
 3.725000e+00	 3.049119e-07
 3.775000e+00	 1.996964e-07
 3.825000e+00	 1.311294e-07
 3.875000e+00	 8.420977e-08
 3.925000e+00	 4.898161e-08
 3.975000e+00	 2.832526e-08
 4.025000e+00	 1.647825e-08
 4.075000e+00	 7.775631e-09
 4.125000e+00	 3.385190e-09
 4.175000e+00	 1.729800e-09
 4.225000e+00	 4.537240e-10
 4.275000e+00	-2.991618e-11
 4.325000e+00	 2.203378e-11
 4.375000e+00	-2.802688e-11
 4.425000e+00	-3.867031e-11
 4.475000e+00	-4.811810e-12
 4.525000e+00	 0.000000e+00
 4.575000e+00	 0.000000e+00
 4.625000e+00	 0.000000e+00
 4.675000e+00	 0.000000e+00
 4.725000e+00	 0.000000e+00
 4.775000e+00	 0.000000e+00
 4.825000e+00	 0.000000e+00
 4.875000e+00	 0.000000e+00
 4.925000e+00	 0.000000e+00
