 0.000000e+00  5.000000e-02  3.054572e-06
 5.000000e-02  1.000000e-01  9.098951e-06
 1.000000e-01  1.500000e-01  1.503023e-05
 1.500000e-01  2.000000e-01  2.095703e-05
 2.000000e-01  2.500000e-01  2.632972e-05
 2.500000e-01  3.000000e-01  3.169220e-05
 3.000000e-01  3.500000e-01  3.635402e-05
 3.500000e-01  4.000000e-01  4.063648e-05
 4.000000e-01  4.500000e-01  4.462303e-05
 4.500000e-01  5.000000e-01  4.771430e-05
 5.000000e-01  5.500000e-01  5.065641e-05
 5.500000e-01  6.000000e-01  5.282874e-05
 6.000000e-01  6.500000e-01  5.453168e-05
 6.500000e-01  7.000000e-01  5.577029e-05
 7.000000e-01  7.500000e-01  5.620340e-05
 7.500000e-01  8.000000e-01  5.678481e-05
 8.000000e-01  8.500000e-01  5.615140e-05
 8.500000e-01  9.000000e-01  5.574017e-05
 9.000000e-01  9.500000e-01  5.453484e-05
 9.500000e-01  1.000000e+00  5.297689e-05
 1.000000e+00  1.050000e+00  5.125751e-05
 1.050000e+00  1.100000e+00  4.924967e-05
 1.100000e+00  1.150000e+00  4.715813e-05
 1.150000e+00  1.200000e+00  4.477497e-05
 1.200000e+00  1.250000e+00  4.251239e-05
 1.250000e+00  1.300000e+00  3.979608e-05
 1.300000e+00  1.350000e+00  3.740637e-05
 1.350000e+00  1.400000e+00  3.461919e-05
 1.400000e+00  1.450000e+00  3.225671e-05
 1.450000e+00  1.500000e+00  2.985327e-05
 1.500000e+00  1.550000e+00  2.723340e-05
 1.550000e+00  1.600000e+00  2.499586e-05
 1.600000e+00  1.650000e+00  2.281342e-05
 1.650000e+00  1.700000e+00  2.062962e-05
 1.700000e+00  1.750000e+00  1.869403e-05
 1.750000e+00  1.800000e+00  1.669485e-05
 1.800000e+00  1.850000e+00  1.509013e-05
 1.850000e+00  1.900000e+00  1.345435e-05
 1.900000e+00  1.950000e+00  1.196783e-05
 1.950000e+00  2.000000e+00  1.061270e-05
 2.000000e+00  2.050000e+00  9.407704e-06
 2.050000e+00  2.100000e+00  8.235255e-06
 2.100000e+00  2.150000e+00  7.189581e-06
 2.150000e+00  2.200000e+00  6.309452e-06
 2.200000e+00  2.250000e+00  5.458224e-06
 2.250000e+00  2.300000e+00  4.769364e-06
 2.300000e+00  2.350000e+00  4.073192e-06
 2.350000e+00  2.400000e+00  3.520759e-06
 2.400000e+00  2.450000e+00  2.986957e-06
 2.450000e+00  2.500000e+00  2.533073e-06
 2.500000e+00  2.550000e+00  2.171090e-06
 2.550000e+00  2.600000e+00  1.838951e-06
 2.600000e+00  2.650000e+00  1.527816e-06
 2.650000e+00  2.700000e+00  1.269032e-06
 2.700000e+00  2.750000e+00  1.084155e-06
 2.750000e+00  2.800000e+00  8.685781e-07
 2.800000e+00  2.850000e+00  7.371001e-07
 2.850000e+00  2.900000e+00  5.992366e-07
 2.900000e+00  2.950000e+00  4.806546e-07
 2.950000e+00  3.000000e+00  4.009964e-07
 3.000000e+00  3.050000e+00  3.052996e-07
 3.050000e+00  3.100000e+00  2.528836e-07
 3.100000e+00  3.150000e+00  2.006961e-07
 3.150000e+00  3.200000e+00  1.561457e-07
 3.200000e+00  3.250000e+00  1.182847e-07
 3.250000e+00  3.300000e+00  9.280519e-08
 3.300000e+00  3.350000e+00  6.816645e-08
 3.350000e+00  3.400000e+00  5.599089e-08
 3.400000e+00  3.450000e+00  4.167390e-08
 3.450000e+00  3.500000e+00  3.071089e-08
 3.500000e+00  3.550000e+00  2.097720e-08
 3.550000e+00  3.600000e+00  1.539364e-08
 3.600000e+00  3.650000e+00  1.063218e-08
 3.650000e+00  3.700000e+00  7.401571e-09
 3.700000e+00  3.750000e+00  4.710866e-09
 3.750000e+00  3.800000e+00  3.217826e-09
 3.800000e+00  3.850000e+00  2.214495e-09
 3.850000e+00  3.900000e+00  1.334100e-09
 3.900000e+00  3.950000e+00  7.780267e-10
 3.950000e+00  4.000000e+00  4.504141e-10
 4.000000e+00  4.050000e+00  2.226976e-10
 4.050000e+00  4.100000e+00  1.145143e-10
 4.100000e+00  4.150000e+00  5.327559e-11
 4.150000e+00  4.200000e+00  2.311617e-11
 4.200000e+00  4.250000e+00  5.977479e-12
 4.250000e+00  4.300000e+00  5.354969e-13
 4.300000e+00  4.350000e+00  9.057484e-14
 4.350000e+00  4.400000e+00 -5.290480e-13
 4.400000e+00  4.450000e+00 -3.757239e-13
 4.450000e+00  4.500000e+00 -4.375068e-14
 4.500000e+00  4.550000e+00  0.000000e+00
 4.550000e+00  4.600000e+00  0.000000e+00
 4.600000e+00  4.650000e+00  0.000000e+00
 4.650000e+00  4.700000e+00  0.000000e+00
 4.700000e+00  4.750000e+00  0.000000e+00
 4.750000e+00  4.800000e+00  0.000000e+00
 4.800000e+00  4.850000e+00  0.000000e+00
 4.850000e+00  4.900000e+00  0.000000e+00
 4.900000e+00  4.950000e+00  0.000000e+00
 4.950000e+00  5.000000e+00  0.000000e+00
