 0.000000e+00  1.500000e-01  6.026523e-04
 1.500000e-01  3.000000e-01  1.772146e-03
 3.000000e-01  4.500000e-01  2.813190e-03
 4.500000e-01  6.000000e-01  3.686146e-03
 6.000000e-01  7.500000e-01  4.338245e-03
 7.500000e-01  9.000000e-01  4.771233e-03
 9.000000e-01  1.050000e+00  5.003828e-03
 1.050000e+00  1.200000e+00  5.066196e-03
 1.200000e+00  1.350000e+00  4.966524e-03
 1.350000e+00  1.500000e+00  4.768589e-03
 1.500000e+00  1.650000e+00  4.480748e-03
 1.650000e+00  1.800000e+00  4.154936e-03
 1.800000e+00  1.950000e+00  3.813440e-03
 1.950000e+00  2.100000e+00  3.479326e-03
 2.100000e+00  2.250000e+00  3.136652e-03
 2.250000e+00  2.400000e+00  2.815316e-03
 2.400000e+00  2.550000e+00  2.510406e-03
 2.550000e+00  2.700000e+00  2.238487e-03
 2.700000e+00  2.850000e+00  1.995181e-03
 2.850000e+00  3.000000e+00  1.757306e-03
 3.000000e+00  3.150000e+00  1.566810e-03
 3.150000e+00  3.300000e+00  1.397098e-03
 3.300000e+00  3.450000e+00  1.235292e-03
 3.450000e+00  3.600000e+00  1.101714e-03
 3.600000e+00  3.750000e+00  9.742430e-04
 3.750000e+00  3.900000e+00  8.604744e-04
 3.900000e+00  4.050000e+00  7.679249e-04
 4.050000e+00  4.200000e+00  6.886619e-04
 4.200000e+00  4.350000e+00  6.143745e-04
 4.350000e+00  4.500000e+00  5.432377e-04
 4.500000e+00  4.650000e+00  4.843239e-04
 4.650000e+00  4.800000e+00  4.382521e-04
 4.800000e+00  4.950000e+00  3.931280e-04
 4.950000e+00  5.100000e+00  3.511760e-04
 5.100000e+00  5.250000e+00  3.168524e-04
 5.250000e+00  5.400000e+00  2.841142e-04
 5.400000e+00  5.550000e+00  2.592116e-04
 5.550000e+00  5.700000e+00  2.328279e-04
 5.700000e+00  5.850000e+00  2.129099e-04
 5.850000e+00  6.000000e+00  1.913729e-04
 6.000000e+00  6.150000e+00  1.737853e-04
 6.150000e+00  6.300000e+00  1.583982e-04
 6.300000e+00  6.450000e+00  1.448699e-04
 6.450000e+00  6.600000e+00  1.306470e-04
 6.600000e+00  6.750000e+00  1.172123e-04
 6.750000e+00  6.900000e+00  1.066330e-04
 6.900000e+00  7.050000e+00  9.872327e-05
 7.050000e+00  7.200000e+00  8.867920e-05
 7.200000e+00  7.350000e+00  8.391571e-05
 7.350000e+00  7.500000e+00  7.467404e-05
 7.500000e+00  7.650000e+00  7.027881e-05
 7.650000e+00  7.800000e+00  6.416814e-05
 7.800000e+00  7.950000e+00  5.930659e-05
 7.950000e+00  8.100000e+00  5.447901e-05
 8.100000e+00  8.250000e+00  5.046582e-05
 8.250000e+00  8.400000e+00  4.669127e-05
 8.400000e+00  8.550000e+00  4.176982e-05
 8.550000e+00  8.700000e+00  3.882135e-05
 8.700000e+00  8.850000e+00  3.618863e-05
 8.850000e+00  9.000000e+00  3.341077e-05
 9.000000e+00  9.150000e+00  3.120751e-05
 9.150000e+00  9.300000e+00  2.888809e-05
 9.300000e+00  9.450000e+00  2.647410e-05
 9.450000e+00  9.600000e+00  2.441906e-05
 9.600000e+00  9.750000e+00  2.283509e-05
 9.750000e+00  9.900000e+00  2.115498e-05
 9.900000e+00  1.005000e+01  1.916586e-05
 1.005000e+01  1.020000e+01  1.813144e-05
 1.020000e+01  1.035000e+01  1.675042e-05
 1.035000e+01  1.050000e+01  1.489168e-05
 1.050000e+01  1.065000e+01  1.423751e-05
 1.065000e+01  1.080000e+01  1.376275e-05
 1.080000e+01  1.095000e+01  1.280212e-05
 1.095000e+01  1.110000e+01  1.190912e-05
 1.110000e+01  1.125000e+01  1.112602e-05
 1.125000e+01  1.140000e+01  1.052424e-05
 1.140000e+01  1.155000e+01  9.475290e-06
 1.155000e+01  1.170000e+01  9.117938e-06
 1.170000e+01  1.185000e+01  8.406690e-06
 1.185000e+01  1.200000e+01  7.717310e-06
 1.200000e+01  1.215000e+01  7.439991e-06
 1.215000e+01  1.230000e+01  6.584094e-06
 1.230000e+01  1.245000e+01  6.602548e-06
 1.245000e+01  1.260000e+01  6.086861e-06
 1.260000e+01  1.275000e+01  5.586601e-06
 1.275000e+01  1.290000e+01  5.261198e-06
 1.290000e+01  1.305000e+01  4.857750e-06
 1.305000e+01  1.320000e+01  4.523625e-06
 1.320000e+01  1.335000e+01  4.233522e-06
 1.335000e+01  1.350000e+01  4.077024e-06
 1.350000e+01  1.365000e+01  3.853187e-06
 1.365000e+01  1.380000e+01  3.536731e-06
 1.380000e+01  1.395000e+01  3.249530e-06
 1.395000e+01  1.410000e+01  3.067576e-06
 1.410000e+01  1.425000e+01  2.881563e-06
 1.425000e+01  1.440000e+01  2.836721e-06
 1.440000e+01  1.455000e+01  2.539409e-06
 1.455000e+01  1.470000e+01  2.416470e-06
 1.470000e+01  1.485000e+01  2.393856e-06
 1.485000e+01  1.500000e+01  2.353254e-06
