 2.500000e-02	 6.125256e-05
 7.500000e-02	 1.830141e-04
 1.250000e-01	 3.025609e-04
 1.750000e-01	 4.184695e-04
 2.250000e-01	 5.293941e-04
 2.750000e-01	 6.340942e-04
 3.250000e-01	 7.314585e-04
 3.750000e-01	 8.205251e-04
 4.250000e-01	 9.004971e-04
 4.750000e-01	 9.707534e-04
 5.250000e-01	 1.030855e-03
 5.750000e-01	 1.080546e-03
 6.250000e-01	 1.119747e-03
 6.750000e-01	 1.148552e-03
 7.250000e-01	 1.167211e-03
 7.750000e-01	 1.176118e-03
 8.250000e-01	 1.175796e-03
 8.750000e-01	 1.166873e-03
 9.250000e-01	 1.150065e-03
 9.750000e-01	 1.126160e-03
 1.025000e+00	 1.095983e-03
 1.075000e+00	 1.060380e-03
 1.125000e+00	 1.020199e-03
 1.175000e+00	 9.762806e-04
 1.225000e+00	 9.294424e-04
 1.275000e+00	 8.804734e-04
 1.325000e+00	 8.300979e-04
 1.375000e+00	 7.789748e-04
 1.425000e+00	 7.277048e-04
 1.475000e+00	 6.768331e-04
 1.525000e+00	 6.268466e-04
 1.575000e+00	 5.781368e-04
 1.625000e+00	 5.310301e-04
 1.675000e+00	 4.858037e-04
 1.725000e+00	 4.426943e-04
 1.775000e+00	 4.018452e-04
 1.825000e+00	 3.633560e-04
 1.875000e+00	 3.273073e-04
 1.925000e+00	 2.937287e-04
 1.975000e+00	 2.625950e-04
 2.025000e+00	 2.338749e-04
 2.075000e+00	 2.075197e-04
 2.125000e+00	 1.834300e-04
 2.175000e+00	 1.615035e-04
 2.225000e+00	 1.416697e-04
 2.275000e+00	 1.238528e-04
 2.325000e+00	 1.078603e-04
 2.375000e+00	 9.348870e-05
 2.425000e+00	 8.064949e-05
 2.475000e+00	 6.925175e-05
 2.525000e+00	 5.919961e-05
 2.575000e+00	 5.039691e-05
 2.625000e+00	 4.272977e-05
 2.675000e+00	 3.605957e-05
 2.725000e+00	 3.026589e-05
 2.775000e+00	 2.525152e-05
 2.825000e+00	 2.095744e-05
 2.875000e+00	 1.730746e-05
 2.925000e+00	 1.420473e-05
 2.975000e+00	 1.157157e-05
 3.025000e+00	 9.357858e-06
 3.075000e+00	 7.524469e-06
 3.125000e+00	 6.005327e-06
 3.175000e+00	 4.746371e-06
 3.225000e+00	 3.714251e-06
 3.275000e+00	 2.886309e-06
 3.325000e+00	 2.220875e-06
 3.375000e+00	 1.685041e-06
 3.425000e+00	 1.262159e-06
 3.475000e+00	 9.370025e-07
 3.525000e+00	 6.849790e-07
 3.575000e+00	 4.895758e-07
 3.625000e+00	 3.453007e-07
 3.675000e+00	 2.399880e-07
 3.725000e+00	 1.617530e-07
 3.775000e+00	 1.056478e-07
 3.825000e+00	 6.816780e-08
 3.875000e+00	 4.231997e-08
 3.925000e+00	 2.451101e-08
 3.975000e+00	 1.401005e-08
 4.025000e+00	 7.665256e-09
 4.075000e+00	 3.543318e-09
 4.125000e+00	 1.578482e-09
 4.175000e+00	 6.979934e-10
 4.225000e+00	 1.465280e-10
 4.275000e+00	-4.504517e-12
 4.325000e+00	 9.181294e-13
 4.375000e+00	-1.950111e-11
 4.425000e+00	-1.299152e-11
 4.475000e+00	-9.668414e-13
 4.525000e+00	 0.000000e+00
 4.575000e+00	 0.000000e+00
 4.625000e+00	 0.000000e+00
 4.675000e+00	 0.000000e+00
 4.725000e+00	 0.000000e+00
 4.775000e+00	 0.000000e+00
 4.825000e+00	 0.000000e+00
 4.875000e+00	 0.000000e+00
 4.925000e+00	 0.000000e+00
