 0.000000e+00  1.500000e-01  4.830064e-04
 1.500000e-01  3.000000e-01  1.585465e-03
 3.000000e-01  4.500000e-01  2.822025e-03
 4.500000e-01  6.000000e-01  3.841907e-03
 6.000000e-01  7.500000e-01  4.658696e-03
 7.500000e-01  9.000000e-01  5.151108e-03
 9.000000e-01  1.050000e+00  5.384999e-03
 1.050000e+00  1.200000e+00  5.351615e-03
 1.200000e+00  1.350000e+00  5.074385e-03
 1.350000e+00  1.500000e+00  4.693563e-03
 1.500000e+00  1.650000e+00  4.378354e-03
 1.650000e+00  1.800000e+00  3.925856e-03
 1.800000e+00  1.950000e+00  3.324941e-03
 1.950000e+00  2.100000e+00  3.089259e-03
 2.100000e+00  2.250000e+00  2.903301e-03
 2.250000e+00  2.400000e+00  2.431854e-03
 2.400000e+00  2.550000e+00  2.114783e-03
 2.550000e+00  2.700000e+00  1.931453e-03
 2.700000e+00  2.850000e+00  1.760872e-03
 2.850000e+00  3.000000e+00  1.487782e-03
 3.000000e+00  3.150000e+00  1.496855e-03
 3.150000e+00  3.300000e+00  1.113909e-03
 3.300000e+00  3.450000e+00  9.573664e-04
 3.450000e+00  3.600000e+00  9.242154e-04
 3.600000e+00  3.750000e+00  8.210504e-04
 3.750000e+00  3.900000e+00  7.718201e-04
 3.900000e+00  4.050000e+00  6.337889e-04
 4.050000e+00  4.200000e+00  5.944963e-04
 4.200000e+00  4.350000e+00  5.406972e-04
 4.350000e+00  4.500000e+00  4.546051e-04
 4.500000e+00  4.650000e+00  4.287203e-04
 4.650000e+00  4.800000e+00  3.485281e-04
 4.800000e+00  4.950000e+00  3.691163e-04
 4.950000e+00  5.100000e+00  3.019132e-04
 5.100000e+00  5.250000e+00  2.728649e-04
 5.250000e+00  5.400000e+00  2.472393e-04
 5.400000e+00  5.550000e+00  2.143235e-04
 5.550000e+00  5.700000e+00  2.107970e-04
 5.700000e+00  5.850000e+00  1.705953e-04
 5.850000e+00  6.000000e+00  1.732476e-04
 6.000000e+00  6.150000e+00  1.476057e-04
 6.150000e+00  6.300000e+00  1.399662e-04
 6.300000e+00  6.450000e+00  1.220420e-04
 6.450000e+00  6.600000e+00  1.134552e-04
 6.600000e+00  6.750000e+00  8.582918e-05
 6.750000e+00  6.900000e+00  9.816672e-05
 6.900000e+00  7.050000e+00  8.361253e-05
 7.050000e+00  7.200000e+00  7.383345e-05
 7.200000e+00  7.350000e+00  6.535729e-05
 7.350000e+00  7.500000e+00  5.933074e-05
 7.500000e+00  7.650000e+00  6.050571e-05
 7.650000e+00  7.800000e+00  5.649594e-05
 7.800000e+00  7.950000e+00  4.993314e-05
 7.950000e+00  8.100000e+00  4.248734e-05
 8.100000e+00  8.250000e+00  4.144110e-05
 8.250000e+00  8.400000e+00  3.966753e-05
 8.400000e+00  8.550000e+00  2.814360e-05
 8.550000e+00  8.700000e+00  3.264361e-05
 8.700000e+00  8.850000e+00  2.906622e-05
 8.850000e+00  9.000000e+00  2.647528e-05
 9.000000e+00  9.150000e+00  2.623866e-05
 9.150000e+00  9.300000e+00  2.195560e-05
 9.300000e+00  9.450000e+00  2.362813e-05
 9.450000e+00  9.600000e+00  1.983300e-05
 9.600000e+00  9.750000e+00  1.767228e-05
 9.750000e+00  9.900000e+00  1.649434e-05
 9.900000e+00  1.005000e+01  1.493332e-05
 1.005000e+01  1.020000e+01  1.602114e-05
 1.020000e+01  1.035000e+01  1.151312e-05
 1.035000e+01  1.050000e+01  1.279491e-05
 1.050000e+01  1.065000e+01  9.058432e-06
 1.065000e+01  1.080000e+01  8.771118e-06
 1.080000e+01  1.095000e+01  1.049022e-05
 1.095000e+01  1.110000e+01  8.612576e-06
 1.110000e+01  1.125000e+01  7.042681e-06
 1.125000e+01  1.140000e+01  6.674652e-06
 1.140000e+01  1.155000e+01  8.401057e-06
 1.155000e+01  1.170000e+01  7.953151e-06
 1.170000e+01  1.185000e+01  6.128074e-06
 1.185000e+01  1.200000e+01  5.582710e-06
 1.200000e+01  1.215000e+01  4.872215e-06
 1.215000e+01  1.230000e+01  5.119233e-06
 1.230000e+01  1.245000e+01  4.108853e-06
 1.245000e+01  1.260000e+01  4.169009e-06
 1.260000e+01  1.275000e+01  4.104183e-06
 1.275000e+01  1.290000e+01  2.981801e-06
 1.290000e+01  1.305000e+01  4.026081e-06
 1.305000e+01  1.320000e+01  3.192593e-06
 1.320000e+01  1.335000e+01  3.665496e-06
 1.335000e+01  1.350000e+01  2.300226e-06
 1.350000e+01  1.365000e+01  2.490102e-06
 1.365000e+01  1.380000e+01  2.225361e-06
 1.380000e+01  1.395000e+01  3.351666e-06
 1.395000e+01  1.410000e+01  1.968832e-06
 1.410000e+01  1.425000e+01  2.017298e-06
 1.425000e+01  1.440000e+01  2.215974e-06
 1.440000e+01  1.455000e+01  1.783128e-06
 1.455000e+01  1.470000e+01  1.584544e-06
 1.470000e+01  1.485000e+01  1.959924e-06
 1.485000e+01  1.500000e+01  1.185741e-06
