-2.000000e+00 -1.960000e+00  0.000000e+00
-1.960000e+00 -1.920000e+00  0.000000e+00
-1.920000e+00 -1.880000e+00  0.000000e+00
-1.880000e+00 -1.840000e+00  0.000000e+00
-1.840000e+00 -1.800000e+00  2.317745e-09
-1.800000e+00 -1.760000e+00  7.198712e-07
-1.760000e+00 -1.720000e+00  4.668011e-06
-1.720000e+00 -1.680000e+00  1.088156e-05
-1.680000e+00 -1.640000e+00  1.741284e-05
-1.640000e+00 -1.600000e+00  2.327253e-05
-1.600000e+00 -1.560000e+00  2.842165e-05
-1.560000e+00 -1.520000e+00  3.257085e-05
-1.520000e+00 -1.480000e+00  3.611860e-05
-1.480000e+00 -1.440000e+00  3.877570e-05
-1.440000e+00 -1.400000e+00  4.102152e-05
-1.400000e+00 -1.360000e+00  4.282069e-05
-1.360000e+00 -1.320000e+00  4.368521e-05
-1.320000e+00 -1.280000e+00  4.501329e-05
-1.280000e+00 -1.240000e+00  4.569437e-05
-1.240000e+00 -1.200000e+00  4.629214e-05
-1.200000e+00 -1.160000e+00  4.638409e-05
-1.160000e+00 -1.120000e+00  4.628883e-05
-1.120000e+00 -1.080000e+00  4.641935e-05
-1.080000e+00 -1.040000e+00  4.614924e-05
-1.040000e+00 -1.000000e+00  4.548389e-05
-1.000000e+00 -9.600000e-01  4.498744e-05
-9.600000e-01 -9.200000e-01  4.439004e-05
-9.200000e-01 -8.800000e-01  4.366640e-05
-8.800000e-01 -8.400000e-01  4.262169e-05
-8.400000e-01 -8.000000e-01  4.203096e-05
-8.000000e-01 -7.600000e-01  4.078763e-05
-7.600000e-01 -7.200000e-01  3.965055e-05
-7.200000e-01 -6.800000e-01  3.843288e-05
-6.800000e-01 -6.400000e-01  3.719058e-05
-6.400000e-01 -6.000000e-01  3.583454e-05
-6.000000e-01 -5.600000e-01  3.451795e-05
-5.600000e-01 -5.200000e-01  3.314859e-05
-5.200000e-01 -4.800000e-01  3.174799e-05
-4.800000e-01 -4.400000e-01  3.027508e-05
-4.400000e-01 -4.000000e-01  2.879360e-05
-4.000000e-01 -3.600000e-01  2.749070e-05
-3.600000e-01 -3.200000e-01  2.598013e-05
-3.200000e-01 -2.800000e-01  2.457991e-05
-2.800000e-01 -2.400000e-01  2.308474e-05
-2.400000e-01 -2.000000e-01  2.173977e-05
-2.000000e-01 -1.600000e-01  2.041847e-05
-1.600000e-01 -1.200000e-01  1.903359e-05
-1.200000e-01 -8.000000e-02  1.779173e-05
-8.000000e-02 -4.000000e-02  1.649463e-05
-4.000000e-02  0.000000e+00  1.517852e-05
 0.000000e+00  4.000000e-02  1.407901e-05
 4.000000e-02  8.000000e-02  1.285629e-05
 8.000000e-02  1.200000e-01  1.188300e-05
 1.200000e-01  1.600000e-01  1.081768e-05
 1.600000e-01  2.000000e-01  9.825640e-06
 2.000000e-01  2.400000e-01  8.820017e-06
 2.400000e-01  2.800000e-01  7.951421e-06
 2.800000e-01  3.200000e-01  7.185787e-06
 3.200000e-01  3.600000e-01  6.387637e-06
 3.600000e-01  4.000000e-01  5.627014e-06
 4.000000e-01  4.400000e-01  5.049832e-06
 4.400000e-01  4.800000e-01  4.452646e-06
 4.800000e-01  5.200000e-01  3.811644e-06
 5.200000e-01  5.600000e-01  3.356608e-06
 5.600000e-01  6.000000e-01  2.854076e-06
 6.000000e-01  6.400000e-01  2.508896e-06
 6.400000e-01  6.800000e-01  2.095981e-06
 6.800000e-01  7.200000e-01  1.791628e-06
 7.200000e-01  7.600000e-01  1.462565e-06
 7.600000e-01  8.000000e-01  1.224506e-06
 8.000000e-01  8.400000e-01  1.029156e-06
 8.400000e-01  8.800000e-01  8.619576e-07
 8.800000e-01  9.200000e-01  6.643324e-07
 9.200000e-01  9.600000e-01  5.338305e-07
 9.600000e-01  1.000000e+00  4.007890e-07
 1.000000e+00  1.040000e+00  2.956055e-07
 1.040000e+00  1.080000e+00  2.414868e-07
 1.080000e+00  1.120000e+00  1.785403e-07
 1.120000e+00  1.160000e+00  1.210688e-07
 1.160000e+00  1.200000e+00  9.693347e-08
 1.200000e+00  1.240000e+00  6.034973e-08
 1.240000e+00  1.280000e+00  3.880089e-08
 1.280000e+00  1.320000e+00  2.047578e-08
 1.320000e+00  1.360000e+00  1.922027e-08
 1.360000e+00  1.400000e+00  9.658803e-09
 1.400000e+00  1.440000e+00  5.519902e-09
 1.440000e+00  1.480000e+00  3.663598e-09
 1.480000e+00  1.520000e+00  1.409348e-09
 1.520000e+00  1.560000e+00  7.927893e-10
 1.560000e+00  1.600000e+00  1.659114e-10
 1.600000e+00  1.640000e+00  8.096495e-11
 1.640000e+00  1.680000e+00  2.390590e-11
 1.680000e+00  1.720000e+00  2.598182e-12
 1.720000e+00  1.760000e+00 -1.642769e-13
 1.760000e+00  1.800000e+00 -1.187624e-13
 1.800000e+00  1.840000e+00 -1.267516e-14
 1.840000e+00  1.880000e+00  0.000000e+00
 1.880000e+00  1.920000e+00  0.000000e+00
 1.920000e+00  1.960000e+00  0.000000e+00
 1.960000e+00  2.000000e+00  0.000000e+00
