 2.500000e-02	 6.123633e-05
 7.500000e-02	 1.825790e-04
 1.250000e-01	 3.005741e-04
 1.750000e-01	 4.131288e-04
 2.250000e-01	 5.183488e-04
 2.750000e-01	 6.146015e-04
 3.250000e-01	 7.005620e-04
 3.750000e-01	 7.752428e-04
 4.250000e-01	 8.380057e-04
 4.750000e-01	 8.885565e-04
 5.250000e-01	 9.269250e-04
 5.750000e-01	 9.534326e-04
 6.250000e-01	 9.686502e-04
 6.750000e-01	 9.733518e-04
 7.250000e-01	 9.684658e-04
 7.750000e-01	 9.550270e-04
 8.250000e-01	 9.341315e-04
 8.750000e-01	 9.068970e-04
 9.250000e-01	 8.744277e-04
 9.750000e-01	 8.377883e-04
 1.025000e+00	 7.979761e-04
 1.075000e+00	 7.559041e-04
 1.125000e+00	 7.123948e-04
 1.175000e+00	 6.681771e-04
 1.225000e+00	 6.238852e-04
 1.275000e+00	 5.800645e-04
 1.325000e+00	 5.371605e-04
 1.375000e+00	 4.955302e-04
 1.425000e+00	 4.554571e-04
 1.475000e+00	 4.171614e-04
 1.525000e+00	 3.808073e-04
 1.575000e+00	 3.464916e-04
 1.625000e+00	 3.142670e-04
 1.675000e+00	 2.841564e-04
 1.725000e+00	 2.561577e-04
 1.775000e+00	 2.302274e-04
 1.825000e+00	 2.063036e-04
 1.875000e+00	 1.843213e-04
 1.925000e+00	 1.641985e-04
 1.975000e+00	 1.458351e-04
 2.025000e+00	 1.291362e-04
 2.075000e+00	 1.140069e-04
 2.125000e+00	 1.003367e-04
 2.175000e+00	 8.802129e-05
 2.225000e+00	 7.697863e-05
 2.275000e+00	 6.713026e-05
 2.325000e+00	 5.834860e-05
 2.375000e+00	 5.050695e-05
 2.425000e+00	 4.353781e-05
 2.475000e+00	 3.737640e-05
 2.525000e+00	 3.195878e-05
 2.575000e+00	 2.722380e-05
 2.625000e+00	 2.310421e-05
 2.675000e+00	 1.952285e-05
 2.725000e+00	 1.641342e-05
 2.775000e+00	 1.372213e-05
 2.825000e+00	 1.141508e-05
 2.875000e+00	 9.450690e-06
 2.925000e+00	 7.777812e-06
 2.975000e+00	 6.355393e-06
 3.025000e+00	 5.156598e-06
 3.075000e+00	 4.160368e-06
 3.125000e+00	 3.332129e-06
 3.175000e+00	 2.643526e-06
 3.225000e+00	 2.076956e-06
 3.275000e+00	 1.620400e-06
 3.325000e+00	 1.251861e-06
 3.375000e+00	 9.538954e-07
 3.425000e+00	 7.176780e-07
 3.475000e+00	 5.350809e-07
 3.525000e+00	 3.928678e-07
 3.575000e+00	 2.821146e-07
 3.625000e+00	 1.998939e-07
 3.675000e+00	 1.395403e-07
 3.725000e+00	 9.448851e-08
 3.775000e+00	 6.201950e-08
 3.825000e+00	 4.019478e-08
 3.875000e+00	 2.506381e-08
 3.925000e+00	 1.459116e-08
 3.975000e+00	 8.377721e-09
 4.025000e+00	 4.601186e-09
 4.075000e+00	 2.137820e-09
 4.125000e+00	 9.566680e-10
 4.175000e+00	 4.237634e-10
 4.225000e+00	 8.893005e-11
 4.275000e+00	-3.025743e-12
 4.325000e+00	 3.136789e-13
 4.375000e+00	-1.224941e-11
 4.425000e+00	-8.134092e-12
 4.475000e+00	-6.064986e-13
 4.525000e+00	 0.000000e+00
 4.575000e+00	 0.000000e+00
 4.625000e+00	 0.000000e+00
 4.675000e+00	 0.000000e+00
 4.725000e+00	 0.000000e+00
 4.775000e+00	 0.000000e+00
 4.825000e+00	 0.000000e+00
 4.875000e+00	 0.000000e+00
 4.925000e+00	 0.000000e+00
