 7.500000e-02	 4.035345e-03
 2.250000e-01	 1.167582e-02
 3.750000e-01	 1.813709e-02
 5.250000e-01	 2.295351e-02
 6.750000e-01	 2.599676e-02
 8.250000e-01	 2.741710e-02
 9.750000e-01	 2.752788e-02
 1.125000e+00	 2.669251e-02
 1.275000e+00	 2.524660e-02
 1.425000e+00	 2.346041e-02
 1.575000e+00	 2.153093e-02
 1.725000e+00	 1.959048e-02
 1.875000e+00	 1.772103e-02
 2.025000e+00	 1.596852e-02
 2.175000e+00	 1.435484e-02
 2.325000e+00	 1.288670e-02
 2.475000e+00	 1.156168e-02
 2.625000e+00	 1.037225e-02
 2.775000e+00	 9.308323e-03
 2.925000e+00	 8.358753e-03
 3.075000e+00	 7.512333e-03
 3.225000e+00	 6.758336e-03
 3.375000e+00	 6.086776e-03
 3.525000e+00	 5.488524e-03
 3.675000e+00	 4.955374e-03
 3.825000e+00	 4.479774e-03
 3.975000e+00	 4.055228e-03
 4.125000e+00	 3.675851e-03
 4.275000e+00	 3.336461e-03
 4.425000e+00	 3.032486e-03
 4.575000e+00	 2.759899e-03
 4.725000e+00	 2.515158e-03
 4.875000e+00	 2.295179e-03
 5.025000e+00	 2.097095e-03
 5.175000e+00	 1.918531e-03
 5.325000e+00	 1.757348e-03
 5.475000e+00	 1.611661e-03
 5.625000e+00	 1.479810e-03
 5.775000e+00	 1.360325e-03
 5.925000e+00	 1.251904e-03
 6.075000e+00	 1.153394e-03
 6.225000e+00	 1.063775e-03
 6.375000e+00	 9.821430e-04
 6.525000e+00	 9.076950e-04
 6.675000e+00	 8.397172e-04
 6.825000e+00	 7.775766e-04
 6.975000e+00	 7.207081e-04
 7.125000e+00	 6.686052e-04
 7.275000e+00	 6.208154e-04
 7.425000e+00	 5.769341e-04
 7.575000e+00	 5.365988e-04
 7.725000e+00	 4.994847e-04
 7.875000e+00	 4.653002e-04
 8.025000e+00	 4.337831e-04
 8.175000e+00	 4.046977e-04
 8.325000e+00	 3.778313e-04
 8.475000e+00	 3.529922e-04
 8.625000e+00	 3.300075e-04
 8.775000e+00	 3.087204e-04
 8.925000e+00	 2.889893e-04
 9.075000e+00	 2.706856e-04
 9.225000e+00	 2.536924e-04
 9.375000e+00	 2.379038e-04
 9.525000e+00	 2.232232e-04
 9.675000e+00	 2.095627e-04
 9.825000e+00	 1.968422e-04
 9.975000e+00	 1.849887e-04
 1.012500e+01	 1.739354e-04
 1.027500e+01	 1.636214e-04
 1.042500e+01	 1.539907e-04
 1.057500e+01	 1.449920e-04
 1.072500e+01	 1.365788e-04
 1.087500e+01	 1.287084e-04
 1.102500e+01	 1.213419e-04
 1.117500e+01	 1.144430e-04
 1.132500e+01	 1.079786e-04
 1.147500e+01	 1.019182e-04
 1.162500e+01	 9.623347e-05
 1.177500e+01	 9.089844e-05
 1.192500e+01	 8.588901e-05
 1.207500e+01	 8.118286e-05
 1.222500e+01	 7.675926e-05
 1.237500e+01	 7.259933e-05
 1.252500e+01	 6.868569e-05
 1.267500e+01	 6.500223e-05
 1.282500e+01	 6.153397e-05
 1.297500e+01	 5.826704e-05
 1.312500e+01	 5.518852e-05
 1.327500e+01	 5.228642e-05
 1.342500e+01	 4.954957e-05
 1.357500e+01	 4.696760e-05
 1.372500e+01	 4.453082e-05
 1.387500e+01	 4.223020e-05
 1.402500e+01	 4.005729e-05
 1.417500e+01	 3.800416e-05
 1.432500e+01	 3.606363e-05
 1.447500e+01	 3.422900e-05
 1.462500e+01	 3.249400e-05
 1.477500e+01	 3.085276e-05
