-2.000000e+00 -1.960000e+00  0.000000e+00
-1.960000e+00 -1.920000e+00  0.000000e+00
-1.920000e+00 -1.880000e+00  0.000000e+00
-1.880000e+00 -1.840000e+00  0.000000e+00
-1.840000e+00 -1.800000e+00  2.325698e-09
-1.800000e+00 -1.760000e+00  5.053865e-07
-1.760000e+00 -1.720000e+00  3.001686e-06
-1.720000e+00 -1.680000e+00  6.931597e-06
-1.680000e+00 -1.640000e+00  1.093433e-05
-1.640000e+00 -1.600000e+00  1.458436e-05
-1.600000e+00 -1.560000e+00  1.730652e-05
-1.560000e+00 -1.520000e+00  1.929185e-05
-1.520000e+00 -1.480000e+00  2.125951e-05
-1.480000e+00 -1.440000e+00  2.154266e-05
-1.440000e+00 -1.400000e+00  2.226620e-05
-1.400000e+00 -1.360000e+00  2.255712e-05
-1.360000e+00 -1.320000e+00  2.263665e-05
-1.320000e+00 -1.280000e+00  2.216821e-05
-1.280000e+00 -1.240000e+00  2.088936e-05
-1.240000e+00 -1.200000e+00  2.160134e-05
-1.200000e+00 -1.160000e+00  2.063053e-05
-1.160000e+00 -1.120000e+00  2.014823e-05
-1.120000e+00 -1.080000e+00  2.047791e-05
-1.080000e+00 -1.040000e+00  2.132912e-05
-1.040000e+00 -1.000000e+00  2.381011e-05
-1.000000e+00 -9.600000e-01  2.610485e-05
-9.600000e-01 -9.200000e-01  2.691937e-05
-9.200000e-01 -8.800000e-01  2.964199e-05
-8.800000e-01 -8.400000e-01  3.264995e-05
-8.400000e-01 -8.000000e-01  3.412620e-05
-8.000000e-01 -7.600000e-01  3.773583e-05
-7.600000e-01 -7.200000e-01  3.803029e-05
-7.200000e-01 -6.800000e-01  4.165604e-05
-6.800000e-01 -6.400000e-01  4.343994e-05
-6.400000e-01 -6.000000e-01  4.408518e-05
-6.000000e-01 -5.600000e-01  4.599293e-05
-5.600000e-01 -5.200000e-01  4.706284e-05
-5.200000e-01 -4.800000e-01  4.793179e-05
-4.800000e-01 -4.400000e-01  4.878550e-05
-4.400000e-01 -4.000000e-01  4.932048e-05
-4.000000e-01 -3.600000e-01  4.962462e-05
-3.600000e-01 -3.200000e-01  4.846953e-05
-3.200000e-01 -2.800000e-01  4.873516e-05
-2.800000e-01 -2.400000e-01  4.835068e-05
-2.400000e-01 -2.000000e-01  4.726380e-05
-2.000000e-01 -1.600000e-01  4.624892e-05
-1.600000e-01 -1.200000e-01  4.503756e-05
-1.200000e-01 -8.000000e-02  4.338308e-05
-8.000000e-02 -4.000000e-02  4.130773e-05
-4.000000e-02  0.000000e+00  3.979820e-05
 0.000000e+00  4.000000e-02  3.746526e-05
 4.000000e-02  8.000000e-02  3.520318e-05
 8.000000e-02  1.200000e-01  3.291860e-05
 1.200000e-01  1.600000e-01  3.082750e-05
 1.600000e-01  2.000000e-01  2.826824e-05
 2.000000e-01  2.400000e-01  2.638508e-05
 2.400000e-01  2.800000e-01  2.363868e-05
 2.800000e-01  3.200000e-01  2.136752e-05
 3.200000e-01  3.600000e-01  1.941413e-05
 3.600000e-01  4.000000e-01  1.699044e-05
 4.000000e-01  4.400000e-01  1.522521e-05
 4.400000e-01  4.800000e-01  1.316972e-05
 4.800000e-01  5.200000e-01  1.153261e-05
 5.200000e-01  5.600000e-01  1.009380e-05
 5.600000e-01  6.000000e-01  8.694586e-06
 6.000000e-01  6.400000e-01  7.376978e-06
 6.400000e-01  6.800000e-01  6.451631e-06
 6.800000e-01  7.200000e-01  5.312615e-06
 7.200000e-01  7.600000e-01  4.525555e-06
 7.600000e-01  8.000000e-01  3.690304e-06
 8.000000e-01  8.400000e-01  3.075850e-06
 8.400000e-01  8.800000e-01  2.508883e-06
 8.800000e-01  9.200000e-01  2.014407e-06
 9.200000e-01  9.600000e-01  1.614752e-06
 9.600000e-01  1.000000e+00  1.386766e-06
 1.000000e+00  1.040000e+00  1.028630e-06
 1.040000e+00  1.080000e+00  7.893988e-07
 1.080000e+00  1.120000e+00  5.692516e-07
 1.120000e+00  1.160000e+00  4.284544e-07
 1.160000e+00  1.200000e+00  2.992525e-07
 1.200000e+00  1.240000e+00  2.091284e-07
 1.240000e+00  1.280000e+00  1.459938e-07
 1.280000e+00  1.320000e+00  7.493783e-08
 1.320000e+00  1.360000e+00  6.101028e-08
 1.360000e+00  1.400000e+00  4.932403e-08
 1.400000e+00  1.440000e+00  2.062868e-08
 1.440000e+00  1.480000e+00  1.249895e-08
 1.480000e+00  1.520000e+00  6.152115e-09
 1.520000e+00  1.560000e+00  2.349574e-09
 1.560000e+00  1.600000e+00  1.524956e-09
 1.600000e+00  1.640000e+00  2.510846e-10
 1.640000e+00  1.680000e+00  8.168329e-11
 1.680000e+00  1.720000e+00  5.065268e-12
 1.720000e+00  1.760000e+00  1.291447e-12
 1.760000e+00  1.800000e+00 -5.909887e-13
 1.800000e+00  1.840000e+00 -4.408288e-15
 1.840000e+00  1.880000e+00  0.000000e+00
 1.880000e+00  1.920000e+00  0.000000e+00
 1.920000e+00  1.960000e+00  0.000000e+00
 1.960000e+00  2.000000e+00  0.000000e+00
