 0.000000e+00  1.500000e-01  6.491297e-04
 1.500000e-01  3.000000e-01  2.045922e-03
 3.000000e-01  4.500000e-01  3.374203e-03
 4.500000e-01  6.000000e-01  4.393367e-03
 6.000000e-01  7.500000e-01  4.978967e-03
 7.500000e-01  9.000000e-01  5.155795e-03
 9.000000e-01  1.050000e+00  5.064743e-03
 1.050000e+00  1.200000e+00  4.750471e-03
 1.200000e+00  1.350000e+00  4.294642e-03
 1.350000e+00  1.500000e+00  3.863193e-03
 1.500000e+00  1.650000e+00  3.416567e-03
 1.650000e+00  1.800000e+00  2.990692e-03
 1.800000e+00  1.950000e+00  2.598357e-03
 1.950000e+00  2.100000e+00  2.250849e-03
 2.100000e+00  2.250000e+00  1.956416e-03
 2.250000e+00  2.400000e+00  1.721023e-03
 2.400000e+00  2.550000e+00  1.485824e-03
 2.550000e+00  2.700000e+00  1.296378e-03
 2.700000e+00  2.850000e+00  1.116513e-03
 2.850000e+00  3.000000e+00  9.710278e-04
 3.000000e+00  3.150000e+00  8.434397e-04
 3.150000e+00  3.300000e+00  7.342379e-04
 3.300000e+00  3.450000e+00  6.446525e-04
 3.450000e+00  3.600000e+00  5.576801e-04
 3.600000e+00  3.750000e+00  4.901908e-04
 3.750000e+00  3.900000e+00  4.263693e-04
 3.900000e+00  4.050000e+00  3.824239e-04
 4.050000e+00  4.200000e+00  3.357157e-04
 4.200000e+00  4.350000e+00  2.944931e-04
 4.350000e+00  4.500000e+00  2.585886e-04
 4.500000e+00  4.650000e+00  2.305184e-04
 4.650000e+00  4.800000e+00  2.074974e-04
 4.800000e+00  4.950000e+00  1.831785e-04
 4.950000e+00  5.100000e+00  1.622873e-04
 5.100000e+00  5.250000e+00  1.455111e-04
 5.250000e+00  5.400000e+00  1.306388e-04
 5.400000e+00  5.550000e+00  1.130333e-04
 5.550000e+00  5.700000e+00  1.032788e-04
 5.700000e+00  5.850000e+00  9.436166e-05
 5.850000e+00  6.000000e+00  8.388832e-05
 6.000000e+00  6.150000e+00  7.549031e-05
 6.150000e+00  6.300000e+00  6.581985e-05
 6.300000e+00  6.450000e+00  5.887148e-05
 6.450000e+00  6.600000e+00  5.348501e-05
 6.600000e+00  6.750000e+00  4.921312e-05
 6.750000e+00  6.900000e+00  4.473137e-05
 6.900000e+00  7.050000e+00  4.058313e-05
 7.050000e+00  7.200000e+00  3.579500e-05
 7.200000e+00  7.350000e+00  3.306379e-05
 7.350000e+00  7.500000e+00  2.891969e-05
 7.500000e+00  7.650000e+00  2.798861e-05
 7.650000e+00  7.800000e+00  2.454418e-05
 7.800000e+00  7.950000e+00  2.238862e-05
 7.950000e+00  8.100000e+00  2.002852e-05
 8.100000e+00  8.250000e+00  1.913250e-05
 8.250000e+00  8.400000e+00  1.733943e-05
 8.400000e+00  8.550000e+00  1.639327e-05
 8.550000e+00  8.700000e+00  1.478620e-05
 8.700000e+00  8.850000e+00  1.337796e-05
 8.850000e+00  9.000000e+00  1.163020e-05
 9.000000e+00  9.150000e+00  1.069846e-05
 9.150000e+00  9.300000e+00  9.869328e-06
 9.300000e+00  9.450000e+00  8.842004e-06
 9.450000e+00  9.600000e+00  8.458355e-06
 9.600000e+00  9.750000e+00  7.091066e-06
 9.750000e+00  9.900000e+00  6.498698e-06
 9.900000e+00  1.005000e+01  6.194126e-06
 1.005000e+01  1.020000e+01  5.971814e-06
 1.020000e+01  1.035000e+01  5.524268e-06
 1.035000e+01  1.050000e+01  4.724869e-06
 1.050000e+01  1.065000e+01  4.871734e-06
 1.065000e+01  1.080000e+01  4.297675e-06
 1.080000e+01  1.095000e+01  3.595189e-06
 1.095000e+01  1.110000e+01  3.440922e-06
 1.110000e+01  1.125000e+01  3.415393e-06
 1.125000e+01  1.140000e+01  3.200579e-06
 1.140000e+01  1.155000e+01  2.684345e-06
 1.155000e+01  1.170000e+01  2.599827e-06
 1.170000e+01  1.185000e+01  2.928622e-06
 1.185000e+01  1.200000e+01  2.348112e-06
 1.200000e+01  1.215000e+01  1.910787e-06
 1.215000e+01  1.230000e+01  1.884505e-06
 1.230000e+01  1.245000e+01  1.879425e-06
 1.245000e+01  1.260000e+01  1.718218e-06
 1.260000e+01  1.275000e+01  1.426352e-06
 1.275000e+01  1.290000e+01  1.236918e-06
 1.290000e+01  1.305000e+01  1.232300e-06
 1.305000e+01  1.320000e+01  1.375018e-06
 1.320000e+01  1.335000e+01  1.109883e-06
 1.335000e+01  1.350000e+01  9.627039e-07
 1.350000e+01  1.365000e+01  8.326835e-07
 1.365000e+01  1.380000e+01  9.248704e-07
 1.380000e+01  1.395000e+01  6.650009e-07
 1.395000e+01  1.410000e+01  7.975787e-07
 1.410000e+01  1.425000e+01  6.670202e-07
 1.425000e+01  1.440000e+01  6.823149e-07
 1.440000e+01  1.455000e+01  5.896084e-07
 1.455000e+01  1.470000e+01  4.547824e-07
 1.470000e+01  1.485000e+01  3.784299e-07
 1.485000e+01  1.500000e+01  4.871228e-07
