 0.000000e+00  8.333333e-02  2.072528e-07
 8.333333e-02  1.666667e-01  1.698270e-05
 1.666667e-01  2.500000e-01  3.801608e-05
 2.500000e-01  3.333333e-01  6.056251e-05
 3.333333e-01  4.166667e-01  7.941681e-05
 4.166667e-01  5.000000e-01  9.498325e-05
 5.000000e-01  5.833333e-01  1.020372e-04
 5.833333e-01  6.666667e-01  1.132809e-04
 6.666667e-01  7.500000e-01  1.127085e-04
 7.500000e-01  8.333333e-01  1.187501e-04
 8.333333e-01  9.166667e-01  1.125503e-04
 9.166667e-01  1.000000e+00  1.074537e-04
 1.000000e+00  1.083333e+00  9.717951e-05
 1.083333e+00  1.166667e+00  9.132879e-05
 1.166667e+00  1.250000e+00  8.105698e-05
 1.250000e+00  1.333333e+00  7.468055e-05
 1.333333e+00  1.416667e+00  6.138447e-05
 1.416667e+00  1.500000e+00  5.514534e-05
 1.500000e+00  1.583333e+00  4.712540e-05
 1.583333e+00  1.666667e+00  3.900431e-05
 1.666667e+00  1.750000e+00  3.520937e-05
 1.750000e+00  1.833333e+00  2.772898e-05
 1.833333e+00  1.916667e+00  2.348805e-05
 1.916667e+00  2.000000e+00  1.974616e-05
 2.000000e+00  2.083333e+00  1.621228e-05
 2.083333e+00  2.166667e+00  1.254212e-05
 2.166667e+00  2.250000e+00  1.002710e-05
 2.250000e+00  2.333333e+00  7.381929e-06
 2.333333e+00  2.416667e+00  7.080929e-06
 2.416667e+00  2.500000e+00  5.151335e-06
 2.500000e+00  2.583333e+00  4.151736e-06
 2.583333e+00  2.666667e+00  2.870705e-06
 2.666667e+00  2.750000e+00  1.911414e-06
 2.750000e+00  2.833333e+00  1.918831e-06
 2.833333e+00  2.916667e+00  1.344720e-06
 2.916667e+00  3.000000e+00  6.016724e-07
 3.000000e+00  3.083333e+00  5.274368e-07
 3.083333e+00  3.166667e+00  4.794488e-07
 3.166667e+00  3.250000e+00  1.970136e-07
 3.250000e+00  3.333333e+00  2.192502e-07
 3.333333e+00  3.416667e+00  1.040763e-07
 3.416667e+00  3.500000e+00  9.295635e-08
 3.500000e+00  3.583333e+00  5.666567e-08
 3.583333e+00  3.666667e+00  2.359900e-08
 3.666667e+00  3.750000e+00  1.623624e-08
 3.750000e+00  3.833333e+00  7.664578e-09
 3.833333e+00  3.916667e+00  3.189296e-09
 3.916667e+00  4.000000e+00  1.715533e-09
 4.000000e+00  4.083333e+00  4.510719e-10
 4.083333e+00  4.166667e+00  1.112049e-10
 4.166667e+00  4.250000e+00  2.854799e-11
 4.250000e+00  4.333333e+00  3.652850e-12
 4.333333e+00  4.416667e+00 -1.844030e-12
 4.416667e+00  4.500000e+00 -9.137471e-13
 4.500000e+00  4.583333e+00  0.000000e+00
 4.583333e+00  4.666667e+00  0.000000e+00
 4.666667e+00  4.750000e+00  0.000000e+00
 4.750000e+00  4.833333e+00  0.000000e+00
 4.833333e+00  4.916667e+00  0.000000e+00
 4.916667e+00  5.000000e+00  0.000000e+00
