-5.500000e+00 -5.390000e+00  0.000000e+00
-5.390000e+00 -5.280000e+00  5.013292e-04
-5.280000e+00 -5.170000e+00  4.071646e-03
-5.170000e+00 -5.060000e+00  7.539472e-03
-5.060000e+00 -4.950000e+00  1.124198e-02
-4.950000e+00 -4.840000e+00  1.720938e-02
-4.840000e+00 -4.730000e+00  1.004102e-02
-4.730000e+00 -4.620000e+00  6.878082e-03
-4.620000e+00 -4.510000e+00  5.590741e-03
-4.510000e+00 -4.400000e+00  4.703841e-03
-4.400000e+00 -4.290000e+00  4.062790e-03
-4.290000e+00 -4.180000e+00  3.397524e-03
-4.180000e+00 -4.070000e+00  2.873151e-03
-4.070000e+00 -3.960000e+00  2.546637e-03
-3.960000e+00 -3.850000e+00  2.225905e-03
-3.850000e+00 -3.740000e+00  1.907322e-03
-3.740000e+00 -3.630000e+00  1.762683e-03
-3.630000e+00 -3.520000e+00  1.498600e-03
-3.520000e+00 -3.410000e+00  1.459167e-03
-3.410000e+00 -3.300000e+00  1.230090e-03
-3.300000e+00 -3.190000e+00  1.261249e-03
-3.190000e+00 -3.080000e+00  1.101337e-03
-3.080000e+00 -2.970000e+00  1.000519e-03
-2.970000e+00 -2.860000e+00  8.506146e-04
-2.860000e+00 -2.750000e+00  9.927405e-04
-2.750000e+00 -2.640000e+00  8.629190e-04
-2.640000e+00 -2.530000e+00  8.040859e-04
-2.530000e+00 -2.420000e+00  7.411233e-04
-2.420000e+00 -2.310000e+00  6.419962e-04
-2.310000e+00 -2.200000e+00  7.968428e-04
-2.200000e+00 -2.090000e+00  5.526816e-04
-2.090000e+00 -1.980000e+00  5.734556e-04
-1.980000e+00 -1.870000e+00  6.348843e-04
-1.870000e+00 -1.760000e+00  5.269274e-04
-1.760000e+00 -1.650000e+00  5.068724e-04
-1.650000e+00 -1.540000e+00  5.046055e-04
-1.540000e+00 -1.430000e+00  4.327222e-04
-1.430000e+00 -1.320000e+00  4.019516e-04
-1.320000e+00 -1.210000e+00  3.045290e-04
-1.210000e+00 -1.100000e+00  3.870479e-04
-1.100000e+00 -9.900000e-01  3.363014e-04
-9.900000e-01 -8.800000e-01  3.211369e-04
-8.800000e-01 -7.700000e-01  2.585100e-04
-7.700000e-01 -6.600000e-01  2.307918e-04
-6.600000e-01 -5.500000e-01  2.002826e-04
-5.500000e-01 -4.400000e-01  1.436508e-04
-4.400000e-01 -3.300000e-01  2.031914e-04
-3.300000e-01 -2.200000e-01  1.276356e-04
-2.200000e-01 -1.100000e-01  1.151141e-04
-1.100000e-01  0.000000e+00  1.258090e-04
 0.000000e+00  1.100000e-01  1.252342e-04
 1.100000e-01  2.200000e-01  1.008022e-04
 2.200000e-01  3.300000e-01  7.613476e-05
 3.300000e-01  4.400000e-01  6.503600e-05
 4.400000e-01  5.500000e-01  5.227231e-05
 5.500000e-01  6.600000e-01  7.031061e-05
 6.600000e-01  7.700000e-01  5.005758e-05
 7.700000e-01  8.800000e-01  4.634236e-05
 8.800000e-01  9.900000e-01  5.857389e-05
 9.900000e-01  1.100000e+00  2.830688e-05
 1.100000e+00  1.210000e+00  3.765846e-05
 1.210000e+00  1.320000e+00  2.305876e-05
 1.320000e+00  1.430000e+00  3.013898e-05
 1.430000e+00  1.540000e+00  2.531017e-05
 1.540000e+00  1.650000e+00  1.516353e-05
 1.650000e+00  1.760000e+00  1.273023e-05
 1.760000e+00  1.870000e+00  1.892630e-05
 1.870000e+00  1.980000e+00  1.256373e-05
 1.980000e+00  2.090000e+00  9.170657e-08
 2.090000e+00  2.200000e+00  8.312421e-06
 2.200000e+00  2.310000e+00  1.010836e-05
 2.310000e+00  2.420000e+00  5.864550e-06
 2.420000e+00  2.530000e+00  7.475334e-06
 2.530000e+00  2.640000e+00  5.104821e-06
 2.640000e+00  2.750000e+00 -5.890343e-07
 2.750000e+00  2.860000e+00  5.776734e-06
 2.860000e+00  2.970000e+00  2.504738e-06
 2.970000e+00  3.080000e+00  2.125797e-06
 3.080000e+00  3.190000e+00  9.249495e-07
 3.190000e+00  3.300000e+00  1.034955e-06
 3.300000e+00  3.410000e+00  9.510176e-07
 3.410000e+00  3.520000e+00  9.137998e-07
 3.520000e+00  3.630000e+00  7.710775e-07
 3.630000e+00  3.740000e+00  7.549152e-07
 3.740000e+00  3.850000e+00  2.945480e-07
 3.850000e+00  3.960000e+00  2.537346e-08
 3.960000e+00  4.070000e+00  6.327719e-08
 4.070000e+00  4.180000e+00  1.533036e-07
 4.180000e+00  4.290000e+00 -6.242329e-09
 4.290000e+00  4.400000e+00  1.944669e-09
 4.400000e+00  4.510000e+00  2.771937e-08
 4.510000e+00  4.620000e+00 -6.497494e-09
 4.620000e+00  4.730000e+00  5.042636e-09
 4.730000e+00  4.840000e+00  2.128727e-09
 4.840000e+00  4.950000e+00 -3.879344e-10
 4.950000e+00  5.060000e+00  6.586854e-11
 5.060000e+00  5.170000e+00  6.141048e-12
 5.170000e+00  5.280000e+00 -9.599270e-13
 5.280000e+00  5.390000e+00  9.762160e-16
 5.390000e+00  5.500000e+00  0.000000e+00
