-4.500000e+00 -4.410000e+00  0.000000e+00
-4.410000e+00 -4.320000e+00  0.000000e+00
-4.320000e+00 -4.230000e+00  0.000000e+00
-4.230000e+00 -4.140000e+00  3.782794e-04
-4.140000e+00 -4.050000e+00  1.790065e-03
-4.050000e+00 -3.960000e+00  2.513453e-03
-3.960000e+00 -3.870000e+00  2.784308e-03
-3.870000e+00 -3.780000e+00  2.840976e-03
-3.780000e+00 -3.690000e+00  2.778122e-03
-3.690000e+00 -3.600000e+00  2.673079e-03
-3.600000e+00 -3.510000e+00  2.554219e-03
-3.510000e+00 -3.420000e+00  2.423181e-03
-3.420000e+00 -3.330000e+00  2.287712e-03
-3.330000e+00 -3.240000e+00  2.184489e-03
-3.240000e+00 -3.150000e+00  2.075413e-03
-3.150000e+00 -3.060000e+00  1.972953e-03
-3.060000e+00 -2.970000e+00  1.881868e-03
-2.970000e+00 -2.880000e+00  1.813749e-03
-2.880000e+00 -2.790000e+00  1.752203e-03
-2.790000e+00 -2.700000e+00  1.696349e-03
-2.700000e+00 -2.610000e+00  1.652786e-03
-2.610000e+00 -2.520000e+00  1.600417e-03
-2.520000e+00 -2.430000e+00  1.567875e-03
-2.430000e+00 -2.340000e+00  1.519781e-03
-2.340000e+00 -2.250000e+00  1.477404e-03
-2.250000e+00 -2.160000e+00  1.433765e-03
-2.160000e+00 -2.070000e+00  1.387206e-03
-2.070000e+00 -1.980000e+00  1.335177e-03
-1.980000e+00 -1.890000e+00  1.287070e-03
-1.890000e+00 -1.800000e+00  1.238120e-03
-1.800000e+00 -1.710000e+00  1.181761e-03
-1.710000e+00 -1.620000e+00  1.122200e-03
-1.620000e+00 -1.530000e+00  1.063822e-03
-1.530000e+00 -1.440000e+00  1.012083e-03
-1.440000e+00 -1.350000e+00  9.486232e-04
-1.350000e+00 -1.260000e+00  8.961272e-04
-1.260000e+00 -1.170000e+00  8.293423e-04
-1.170000e+00 -1.080000e+00  7.754537e-04
-1.080000e+00 -9.900000e-01  7.164810e-04
-9.900000e-01 -9.000000e-01  6.639212e-04
-9.000000e-01 -8.100000e-01  6.110498e-04
-8.100000e-01 -7.200000e-01  5.628404e-04
-7.200000e-01 -6.300000e-01  5.154067e-04
-6.300000e-01 -5.400000e-01  4.677008e-04
-5.400000e-01 -4.500000e-01  4.220320e-04
-4.500000e-01 -3.600000e-01  3.834087e-04
-3.600000e-01 -2.700000e-01  3.463800e-04
-2.700000e-01 -1.800000e-01  3.137252e-04
-1.800000e-01 -9.000000e-02  2.765266e-04
-9.000000e-02  0.000000e+00  2.515235e-04
 0.000000e+00  9.000000e-02  2.274442e-04
 9.000000e-02  1.800000e-01  1.957753e-04
 1.800000e-01  2.700000e-01  1.764958e-04
 2.700000e-01  3.600000e-01  1.544399e-04
 3.600000e-01  4.500000e-01  1.375167e-04
 4.500000e-01  5.400000e-01  1.222646e-04
 5.400000e-01  6.300000e-01  1.068142e-04
 6.300000e-01  7.200000e-01  9.295397e-05
 7.200000e-01  8.100000e-01  8.064774e-05
 8.100000e-01  9.000000e-01  6.937828e-05
 9.000000e-01  9.900000e-01  5.891546e-05
 9.900000e-01  1.080000e+00  5.407009e-05
 1.080000e+00  1.170000e+00  4.543200e-05
 1.170000e+00  1.260000e+00  3.913266e-05
 1.260000e+00  1.350000e+00  3.169746e-05
 1.350000e+00  1.440000e+00  2.679209e-05
 1.440000e+00  1.530000e+00  2.241358e-05
 1.530000e+00  1.620000e+00  1.827143e-05
 1.620000e+00  1.710000e+00  1.484410e-05
 1.710000e+00  1.800000e+00  1.258410e-05
 1.800000e+00  1.890000e+00  1.026463e-05
 1.890000e+00  1.980000e+00  8.169739e-06
 1.980000e+00  2.070000e+00  7.185797e-06
 2.070000e+00  2.160000e+00  4.554658e-06
 2.160000e+00  2.250000e+00  4.575406e-06
 2.250000e+00  2.340000e+00  3.288139e-06
 2.340000e+00  2.430000e+00  2.547349e-06
 2.430000e+00  2.520000e+00  1.856525e-06
 2.520000e+00  2.610000e+00  1.385092e-06
 2.610000e+00  2.700000e+00  1.160619e-06
 2.700000e+00  2.790000e+00  8.922483e-07
 2.790000e+00  2.880000e+00  4.603186e-07
 2.880000e+00  2.970000e+00  4.144153e-07
 2.970000e+00  3.060000e+00  1.693982e-07
 3.060000e+00  3.150000e+00  2.021839e-07
 3.150000e+00  3.240000e+00  1.629838e-07
 3.240000e+00  3.330000e+00  4.671070e-08
 3.330000e+00  3.420000e+00  1.808815e-08
 3.420000e+00  3.510000e+00  1.348585e-08
 3.510000e+00  3.600000e+00  1.707300e-09
 3.600000e+00  3.690000e+00  2.342701e-09
 3.690000e+00  3.780000e+00  1.278608e-09
 3.780000e+00  3.870000e+00  5.167511e-10
 3.870000e+00  3.960000e+00  4.705948e-11
 3.960000e+00  4.050000e+00  9.128241e-13
 4.050000e+00  4.140000e+00 -2.257964e-15
 4.140000e+00  4.230000e+00  0.000000e+00
 4.230000e+00  4.320000e+00  0.000000e+00
 4.320000e+00  4.410000e+00  0.000000e+00
 4.410000e+00  4.500000e+00  0.000000e+00
