-5.500000e+00 -5.390000e+00  0.000000e+00
-5.390000e+00 -5.280000e+00  9.906299e-04
-5.280000e+00 -5.170000e+00  4.164439e-03
-5.170000e+00 -5.060000e+00  5.394366e-03
-5.060000e+00 -4.950000e+00  5.686569e-03
-4.950000e+00 -4.840000e+00  5.622320e-03
-4.840000e+00 -4.730000e+00  5.371748e-03
-4.730000e+00 -4.620000e+00  5.053988e-03
-4.620000e+00 -4.510000e+00  4.757711e-03
-4.510000e+00 -4.400000e+00  4.442848e-03
-4.400000e+00 -4.290000e+00  4.207563e-03
-4.290000e+00 -4.180000e+00  3.963522e-03
-4.180000e+00 -4.070000e+00  3.757641e-03
-4.070000e+00 -3.960000e+00  3.596813e-03
-3.960000e+00 -3.850000e+00  3.461016e-03
-3.850000e+00 -3.740000e+00  3.341303e-03
-3.740000e+00 -3.630000e+00  3.227003e-03
-3.630000e+00 -3.520000e+00  3.125306e-03
-3.520000e+00 -3.410000e+00  3.013539e-03
-3.410000e+00 -3.300000e+00  2.923843e-03
-3.300000e+00 -3.190000e+00  2.806442e-03
-3.190000e+00 -3.080000e+00  2.688927e-03
-3.080000e+00 -2.970000e+00  2.577220e-03
-2.970000e+00 -2.860000e+00  2.452732e-03
-2.860000e+00 -2.750000e+00  2.316152e-03
-2.750000e+00 -2.640000e+00  2.184673e-03
-2.640000e+00 -2.530000e+00  2.036260e-03
-2.530000e+00 -2.420000e+00  1.913080e-03
-2.420000e+00 -2.310000e+00  1.777272e-03
-2.310000e+00 -2.200000e+00  1.629638e-03
-2.200000e+00 -2.090000e+00  1.505196e-03
-2.090000e+00 -1.980000e+00  1.375220e-03
-1.980000e+00 -1.870000e+00  1.262750e-03
-1.870000e+00 -1.760000e+00  1.149920e-03
-1.760000e+00 -1.650000e+00  1.036798e-03
-1.650000e+00 -1.540000e+00  9.334653e-04
-1.540000e+00 -1.430000e+00  8.476507e-04
-1.430000e+00 -1.320000e+00  7.587880e-04
-1.320000e+00 -1.210000e+00  6.750429e-04
-1.210000e+00 -1.100000e+00  6.016354e-04
-1.100000e+00 -9.900000e-01  5.322953e-04
-9.900000e-01 -8.800000e-01  4.812404e-04
-8.800000e-01 -7.700000e-01  4.166154e-04
-7.700000e-01 -6.600000e-01  3.805155e-04
-6.600000e-01 -5.500000e-01  3.334130e-04
-5.500000e-01 -4.400000e-01  2.929051e-04
-4.400000e-01 -3.300000e-01  2.568623e-04
-3.300000e-01 -2.200000e-01  2.235080e-04
-2.200000e-01 -1.100000e-01  1.911922e-04
-1.100000e-01  0.000000e+00  1.739810e-04
 0.000000e+00  1.100000e-01  1.506508e-04
 1.100000e-01  2.200000e-01  1.311216e-04
 2.200000e-01  3.300000e-01  1.143520e-04
 3.300000e-01  4.400000e-01  9.844309e-05
 4.400000e-01  5.500000e-01  8.475421e-05
 5.500000e-01  6.600000e-01  7.286002e-05
 6.600000e-01  7.700000e-01  6.464123e-05
 7.700000e-01  8.800000e-01  5.410026e-05
 8.800000e-01  9.900000e-01  4.658477e-05
 9.900000e-01  1.100000e+00  4.206858e-05
 1.100000e+00  1.210000e+00  3.400733e-05
 1.210000e+00  1.320000e+00  2.882134e-05
 1.320000e+00  1.430000e+00  2.371441e-05
 1.430000e+00  1.540000e+00  2.069768e-05
 1.540000e+00  1.650000e+00  1.963622e-05
 1.650000e+00  1.760000e+00  1.502604e-05
 1.760000e+00  1.870000e+00  1.110456e-05
 1.870000e+00  1.980000e+00  1.128135e-05
 1.980000e+00  2.090000e+00  1.022993e-05
 2.090000e+00  2.200000e+00  6.945817e-06
 2.200000e+00  2.310000e+00  6.047527e-06
 2.310000e+00  2.420000e+00  4.565066e-06
 2.420000e+00  2.530000e+00  3.497379e-06
 2.530000e+00  2.640000e+00  2.313235e-06
 2.640000e+00  2.750000e+00  2.229946e-06
 2.750000e+00  2.860000e+00  1.310490e-06
 2.860000e+00  2.970000e+00  2.271573e-06
 2.970000e+00  3.080000e+00  8.985712e-07
 3.080000e+00  3.190000e+00  4.070574e-07
 3.190000e+00  3.300000e+00  2.927564e-07
 3.300000e+00  3.410000e+00  5.523291e-07
 3.410000e+00  3.520000e+00  1.997514e-07
 3.520000e+00  3.630000e+00  1.799272e-07
 3.630000e+00  3.740000e+00  4.454980e-08
 3.740000e+00  3.850000e+00  4.591075e-07
 3.850000e+00  3.960000e+00  1.800530e-07
 3.960000e+00  4.070000e+00  8.098245e-08
 4.070000e+00  4.180000e+00  3.743226e-08
 4.180000e+00  4.290000e+00  0.000000e+00
 4.290000e+00  4.400000e+00  0.000000e+00
 4.400000e+00  4.510000e+00  1.029016e-08
 4.510000e+00  4.620000e+00  1.389690e-09
 4.620000e+00  4.730000e+00  4.235576e-10
 4.730000e+00  4.840000e+00  0.000000e+00
 4.840000e+00  4.950000e+00  0.000000e+00
 4.950000e+00  5.060000e+00  0.000000e+00
 5.060000e+00  5.170000e+00  2.330860e-12
 5.170000e+00  5.280000e+00  0.000000e+00
 5.280000e+00  5.390000e+00  0.000000e+00
 5.390000e+00  5.500000e+00  0.000000e+00
