 0.000000e+00  8.333333e-02  8.353073e-09
 8.333333e-02  1.666667e-01  1.269884e-07
 1.666667e-01  2.500000e-01  5.052826e-07
 2.500000e-01  3.333333e-01  1.281217e-06
 3.333333e-01  4.166667e-01  2.491514e-06
 4.166667e-01  5.000000e-01  4.136357e-06
 5.000000e-01  5.833333e-01  6.150751e-06
 5.833333e-01  6.666667e-01  8.165663e-06
 6.666667e-01  7.500000e-01  1.030088e-05
 7.500000e-01  8.333333e-01  1.209956e-05
 8.333333e-01  9.166667e-01  1.380491e-05
 9.166667e-01  1.000000e+00  1.491896e-05
 1.000000e+00  1.083333e+00  1.567647e-05
 1.083333e+00  1.166667e+00  1.587081e-05
 1.166667e+00  1.250000e+00  1.558701e-05
 1.250000e+00  1.333333e+00  1.492481e-05
 1.333333e+00  1.416667e+00  1.407648e-05
 1.416667e+00  1.500000e+00  1.288886e-05
 1.500000e+00  1.583333e+00  1.159894e-05
 1.583333e+00  1.666667e+00  1.038993e-05
 1.666667e+00  1.750000e+00  9.025798e-06
 1.750000e+00  1.833333e+00  7.762808e-06
 1.833333e+00  1.916667e+00  6.525994e-06
 1.916667e+00  2.000000e+00  5.430427e-06
 2.000000e+00  2.083333e+00  4.488004e-06
 2.083333e+00  2.166667e+00  3.601930e-06
 2.166667e+00  2.250000e+00  2.861243e-06
 2.250000e+00  2.333333e+00  2.295259e-06
 2.333333e+00  2.416667e+00  1.796473e-06
 2.416667e+00  2.500000e+00  1.402318e-06
 2.500000e+00  2.583333e+00  1.050876e-06
 2.583333e+00  2.666667e+00  7.928630e-07
 2.666667e+00  2.750000e+00  5.671779e-07
 2.750000e+00  2.833333e+00  4.267124e-07
 2.833333e+00  2.916667e+00  2.969511e-07
 2.916667e+00  3.000000e+00  2.078583e-07
 3.000000e+00  3.083333e+00  1.429731e-07
 3.083333e+00  3.166667e+00  9.927352e-08
 3.166667e+00  3.250000e+00  6.946627e-08
 3.250000e+00  3.333333e+00  4.229290e-08
 3.333333e+00  3.416667e+00  2.509381e-08
 3.416667e+00  3.500000e+00  1.513533e-08
 3.500000e+00  3.583333e+00  9.220406e-09
 3.583333e+00  3.666667e+00  4.931676e-09
 3.666667e+00  3.750000e+00  2.690441e-09
 3.750000e+00  3.833333e+00  1.254362e-09
 3.833333e+00  3.916667e+00  6.040210e-10
 3.916667e+00  4.000000e+00  2.528201e-10
 4.000000e+00  4.083333e+00  9.678046e-11
 4.083333e+00  4.166667e+00  2.319455e-11
 4.166667e+00  4.250000e+00  4.583484e-12
 4.250000e+00  4.333333e+00  1.510554e-13
 4.333333e+00  4.416667e+00 -1.770397e-13
 4.416667e+00  4.500000e+00 -6.711347e-14
 4.500000e+00  4.583333e+00  0.000000e+00
 4.583333e+00  4.666667e+00  0.000000e+00
 4.666667e+00  4.750000e+00  0.000000e+00
 4.750000e+00  4.833333e+00  0.000000e+00
 4.833333e+00  4.916667e+00  0.000000e+00
 4.916667e+00  5.000000e+00  0.000000e+00
