-4.500000e+00 -4.350000e+00  0.000000e+00
-4.350000e+00 -4.200000e+00  0.000000e+00
-4.200000e+00 -4.050000e+00  1.033442e-05
-4.050000e+00 -3.900000e+00  5.646634e-05
-3.900000e+00 -3.750000e+00  2.419211e-04
-3.750000e+00 -3.600000e+00  5.200323e-04
-3.600000e+00 -3.450000e+00  7.433456e-04
-3.450000e+00 -3.300000e+00  1.089850e-03
-3.300000e+00 -3.150000e+00  1.155789e-03
-3.150000e+00 -3.000000e+00  1.195818e-03
-3.000000e+00 -2.850000e+00  1.227206e-03
-2.850000e+00 -2.700000e+00  9.992136e-04
-2.700000e+00 -2.550000e+00  9.710458e-04
-2.550000e+00 -2.400000e+00  8.180656e-04
-2.400000e+00 -2.250000e+00  6.480176e-04
-2.250000e+00 -2.100000e+00  5.984474e-04
-2.100000e+00 -1.950000e+00  4.685085e-04
-1.950000e+00 -1.800000e+00  3.639224e-04
-1.800000e+00 -1.650000e+00  2.728214e-04
-1.650000e+00 -1.500000e+00  2.330695e-04
-1.500000e+00 -1.350000e+00  1.590903e-04
-1.350000e+00 -1.200000e+00  1.056008e-04
-1.200000e+00 -1.050000e+00  8.843945e-05
-1.050000e+00 -9.000000e-01  7.183420e-05
-9.000000e-01 -7.500000e-01  4.348081e-05
-7.500000e-01 -6.000000e-01  3.208589e-05
-6.000000e-01 -4.500000e-01  3.028130e-05
-4.500000e-01 -3.000000e-01  1.735403e-05
-3.000000e-01 -1.500000e-01  1.243023e-05
-1.500000e-01  0.000000e+00  9.293503e-06
 0.000000e+00  1.500000e-01  6.540404e-06
 1.500000e-01  3.000000e-01  5.297111e-06
 3.000000e-01  4.500000e-01  3.952247e-06
 4.500000e-01  6.000000e-01  2.474811e-06
 6.000000e-01  7.500000e-01  2.311967e-06
 7.500000e-01  9.000000e-01  1.602858e-06
 9.000000e-01  1.050000e+00  8.667979e-07
 1.050000e+00  1.200000e+00  9.124133e-07
 1.200000e+00  1.350000e+00  7.023022e-07
 1.350000e+00  1.500000e+00  2.579661e-07
 1.500000e+00  1.650000e+00  3.064397e-07
 1.650000e+00  1.800000e+00  1.114110e-07
 1.800000e+00  1.950000e+00  2.243524e-08
 1.950000e+00  2.100000e+00  3.783212e-08
 2.100000e+00  2.250000e+00  7.954038e-09
 2.250000e+00  2.400000e+00  4.423792e-08
 2.400000e+00  2.550000e+00  6.253980e-09
 2.550000e+00  2.700000e+00  2.608745e-10
 2.700000e+00  2.850000e+00 -3.705705e-11
 2.850000e+00  3.000000e+00  1.408334e-11
 3.000000e+00  3.150000e+00  7.359664e-11
 3.150000e+00  3.300000e+00  4.362317e-13
 3.300000e+00  3.450000e+00  6.098479e-12
 3.450000e+00  3.600000e+00  6.777744e-15
 3.600000e+00  3.750000e+00  5.555421e-14
 3.750000e+00  3.900000e+00  1.589576e-15
 3.900000e+00  4.050000e+00 -1.115534e-16
 4.050000e+00  4.200000e+00  8.582797e-23
 4.200000e+00  4.350000e+00  0.000000e+00
 4.350000e+00  4.500000e+00  0.000000e+00
