-2.000000e+00 -1.960000e+00  0.000000e+00
-1.960000e+00 -1.920000e+00  0.000000e+00
-1.920000e+00 -1.880000e+00  0.000000e+00
-1.880000e+00 -1.840000e+00  0.000000e+00
-1.840000e+00 -1.800000e+00  1.194156e-13
-1.800000e+00 -1.760000e+00  9.752345e-10
-1.760000e+00 -1.720000e+00  2.012030e-08
-1.720000e+00 -1.680000e+00  1.051432e-07
-1.680000e+00 -1.640000e+00  2.964524e-07
-1.640000e+00 -1.600000e+00  6.294565e-07
-1.600000e+00 -1.560000e+00  1.084118e-06
-1.560000e+00 -1.520000e+00  1.657378e-06
-1.520000e+00 -1.480000e+00  2.360335e-06
-1.480000e+00 -1.440000e+00  3.106893e-06
-1.440000e+00 -1.400000e+00  3.878573e-06
-1.400000e+00 -1.360000e+00  4.699910e-06
-1.360000e+00 -1.320000e+00  5.480890e-06
-1.320000e+00 -1.280000e+00  6.255796e-06
-1.280000e+00 -1.240000e+00  6.985443e-06
-1.240000e+00 -1.200000e+00  7.667567e-06
-1.200000e+00 -1.160000e+00  8.210011e-06
-1.160000e+00 -1.120000e+00  8.696341e-06
-1.120000e+00 -1.080000e+00  9.185869e-06
-1.080000e+00 -1.040000e+00  9.492706e-06
-1.040000e+00 -1.000000e+00  9.722385e-06
-1.000000e+00 -9.600000e-01  9.898898e-06
-9.600000e-01 -9.200000e-01  9.953968e-06
-9.200000e-01 -8.800000e-01  9.968358e-06
-8.800000e-01 -8.400000e-01  9.827650e-06
-8.400000e-01 -8.000000e-01  9.697338e-06
-8.000000e-01 -7.600000e-01  9.440238e-06
-7.600000e-01 -7.200000e-01  9.141227e-06
-7.200000e-01 -6.800000e-01  8.822230e-06
-6.800000e-01 -6.400000e-01  8.433249e-06
-6.400000e-01 -6.000000e-01  7.976635e-06
-6.000000e-01 -5.600000e-01  7.581196e-06
-5.600000e-01 -5.200000e-01  7.155227e-06
-5.200000e-01 -4.800000e-01  6.623893e-06
-4.800000e-01 -4.400000e-01  6.206960e-06
-4.400000e-01 -4.000000e-01  5.708865e-06
-4.000000e-01 -3.600000e-01  5.261499e-06
-3.600000e-01 -3.200000e-01  4.799798e-06
-3.200000e-01 -2.800000e-01  4.371194e-06
-2.800000e-01 -2.400000e-01  3.938460e-06
-2.400000e-01 -2.000000e-01  3.550907e-06
-2.000000e-01 -1.600000e-01  3.161357e-06
-1.600000e-01 -1.200000e-01  2.818233e-06
-1.200000e-01 -8.000000e-02  2.521326e-06
-8.000000e-02 -4.000000e-02  2.202474e-06
-4.000000e-02  0.000000e+00  1.921245e-06
 0.000000e+00  4.000000e-02  1.681857e-06
 4.000000e-02  8.000000e-02  1.454414e-06
 8.000000e-02  1.200000e-01  1.238606e-06
 1.200000e-01  1.600000e-01  1.079533e-06
 1.600000e-01  2.000000e-01  9.030406e-07
 2.000000e-01  2.400000e-01  7.710128e-07
 2.400000e-01  2.800000e-01  6.394167e-07
 2.800000e-01  3.200000e-01  5.427782e-07
 3.200000e-01  3.600000e-01  4.519938e-07
 3.600000e-01  4.000000e-01  3.780281e-07
 4.000000e-01  4.400000e-01  2.932996e-07
 4.400000e-01  4.800000e-01  2.438239e-07
 4.800000e-01  5.200000e-01  1.918744e-07
 5.200000e-01  5.600000e-01  1.623573e-07
 5.600000e-01  6.000000e-01  1.182091e-07
 6.000000e-01  6.400000e-01  1.007592e-07
 6.400000e-01  6.800000e-01  7.806060e-08
 6.800000e-01  7.200000e-01  5.827351e-08
 7.200000e-01  7.600000e-01  4.597342e-08
 7.600000e-01  8.000000e-01  3.276506e-08
 8.000000e-01  8.400000e-01  2.755273e-08
 8.400000e-01  8.800000e-01  1.790752e-08
 8.800000e-01  9.200000e-01  1.258097e-08
 9.200000e-01  9.600000e-01  8.209321e-09
 9.600000e-01  1.000000e+00  6.531339e-09
 1.000000e+00  1.040000e+00  3.415666e-09
 1.040000e+00  1.080000e+00  2.743499e-09
 1.080000e+00  1.120000e+00  1.941473e-09
 1.120000e+00  1.160000e+00  1.042530e-09
 1.160000e+00  1.200000e+00  1.043845e-09
 1.200000e+00  1.240000e+00  7.003519e-10
 1.240000e+00  1.280000e+00  3.488359e-10
 1.280000e+00  1.320000e+00  2.128140e-10
 1.320000e+00  1.360000e+00  6.518034e-11
 1.360000e+00  1.400000e+00  3.602237e-11
 1.400000e+00  1.440000e+00  1.393219e-11
 1.440000e+00  1.480000e+00  5.029256e-12
 1.480000e+00  1.520000e+00  4.723378e-12
 1.520000e+00  1.560000e+00  3.333717e-13
 1.560000e+00  1.600000e+00  9.722060e-13
 1.600000e+00  1.640000e+00  4.298081e-13
 1.640000e+00  1.680000e+00  3.129073e-14
 1.680000e+00  1.720000e+00 -8.442758e-17
 1.720000e+00  1.760000e+00 -4.082792e-16
 1.760000e+00  1.800000e+00 -2.984376e-16
 1.800000e+00  1.840000e+00 -3.954394e-18
 1.840000e+00  1.880000e+00  0.000000e+00
 1.880000e+00  1.920000e+00  0.000000e+00
 1.920000e+00  1.960000e+00  0.000000e+00
 1.960000e+00  2.000000e+00  0.000000e+00
