 0.000000e+00  2.000000e-01  2.536149e-04
 2.000000e-01  4.000000e-01  6.867526e-04
 4.000000e-01  6.000000e-01  9.181064e-04
 6.000000e-01  8.000000e-01  1.006716e-03
 8.000000e-01  1.000000e+00  1.003981e-03
 1.000000e+00  1.200000e+00  8.828112e-04
 1.200000e+00  1.400000e+00  1.022709e-03
 1.400000e+00  1.600000e+00  8.551197e-04
 1.600000e+00  1.800000e+00  9.721181e-04
 1.800000e+00  2.000000e+00  1.026426e-03
 2.000000e+00  2.200000e+00  9.461294e-04
 2.200000e+00  2.400000e+00  8.979280e-04
 2.400000e+00  2.600000e+00  1.030906e-03
 2.600000e+00  2.800000e+00  8.581845e-04
 2.800000e+00  3.000000e+00  7.782302e-04
 3.000000e+00  3.200000e+00  6.668362e-04
 3.200000e+00  3.400000e+00  6.323482e-04
 3.400000e+00  3.600000e+00  5.362379e-04
 3.600000e+00  3.800000e+00  4.927946e-04
 3.800000e+00  4.000000e+00  4.060093e-04
 4.000000e+00  4.200000e+00  4.086098e-04
 4.200000e+00  4.400000e+00  3.421081e-04
 4.400000e+00  4.600000e+00  2.773028e-04
 4.600000e+00  4.800000e+00  2.503670e-04
 4.800000e+00  5.000000e+00  2.189147e-04
 5.000000e+00  5.200000e+00  1.976053e-04
 5.200000e+00  5.400000e+00  1.791068e-04
 5.400000e+00  5.600000e+00  1.461242e-04
 5.600000e+00  5.800000e+00  1.416698e-04
 5.800000e+00  6.000000e+00  1.177246e-04
 6.000000e+00  6.200000e+00  1.047862e-04
 6.200000e+00  6.400000e+00  9.447103e-05
 6.400000e+00  6.600000e+00  8.466659e-05
 6.600000e+00  6.800000e+00  6.919303e-05
 6.800000e+00  7.000000e+00  6.714547e-05
 7.000000e+00  7.200000e+00  5.596380e-05
 7.200000e+00  7.400000e+00  5.007062e-05
 7.400000e+00  7.600000e+00  4.530207e-05
 7.600000e+00  7.800000e+00  4.224217e-05
 7.800000e+00  8.000000e+00  3.674497e-05
 8.000000e+00  8.200000e+00  3.284329e-05
 8.200000e+00  8.400000e+00  3.008480e-05
 8.400000e+00  8.600000e+00  2.702686e-05
 8.600000e+00  8.800000e+00  2.571160e-05
 8.800000e+00  9.000000e+00  2.267096e-05
 9.000000e+00  9.200000e+00  1.950501e-05
 9.200000e+00  9.400000e+00  1.812510e-05
 9.400000e+00  9.600000e+00  1.708346e-05
 9.600000e+00  9.800000e+00  1.459685e-05
 9.800000e+00  1.000000e+01  1.285740e-05
 1.000000e+01  1.020000e+01  1.198343e-05
 1.020000e+01  1.040000e+01  1.148572e-05
 1.040000e+01  1.060000e+01  1.091474e-05
 1.060000e+01  1.080000e+01  9.449704e-06
 1.080000e+01  1.100000e+01  9.066237e-06
 1.100000e+01  1.120000e+01  8.604465e-06
 1.120000e+01  1.140000e+01  7.516071e-06
 1.140000e+01  1.160000e+01  7.013956e-06
 1.160000e+01  1.180000e+01  6.407066e-06
 1.180000e+01  1.200000e+01  6.011619e-06
 1.200000e+01  1.220000e+01  5.075354e-06
 1.220000e+01  1.240000e+01  8.020591e-06
 1.240000e+01  1.260000e+01  4.347529e-06
 1.260000e+01  1.280000e+01  4.155076e-06
 1.280000e+01  1.300000e+01  3.678691e-06
 1.300000e+01  1.320000e+01  3.870156e-06
 1.320000e+01  1.340000e+01  3.390787e-06
 1.340000e+01  1.360000e+01  3.733639e-06
 1.360000e+01  1.380000e+01  2.900884e-06
 1.380000e+01  1.400000e+01  2.839914e-06
 1.400000e+01  1.420000e+01  2.608459e-06
 1.420000e+01  1.440000e+01  2.335929e-06
 1.440000e+01  1.460000e+01  2.160427e-06
 1.460000e+01  1.480000e+01  2.171264e-06
 1.480000e+01  1.500000e+01  1.956023e-06
 1.500000e+01  1.520000e+01  1.849542e-06
 1.520000e+01  1.540000e+01  1.696088e-06
 1.540000e+01  1.560000e+01  1.584189e-06
 1.560000e+01  1.580000e+01  1.407402e-06
 1.580000e+01  1.600000e+01  1.402761e-06
 1.600000e+01  1.620000e+01  1.331451e-06
 1.620000e+01  1.640000e+01  1.173035e-06
 1.640000e+01  1.660000e+01  1.149200e-06
 1.660000e+01  1.680000e+01  1.134528e-06
 1.680000e+01  1.700000e+01  1.003246e-06
 1.700000e+01  1.720000e+01  9.280844e-07
 1.720000e+01  1.740000e+01  9.531296e-07
 1.740000e+01  1.760000e+01  7.873087e-07
 1.760000e+01  1.780000e+01  8.538703e-07
 1.780000e+01  1.800000e+01  7.362306e-07
 1.800000e+01  1.820000e+01  7.136590e-07
 1.820000e+01  1.840000e+01  6.476495e-07
 1.840000e+01  1.860000e+01  6.289676e-07
 1.860000e+01  1.880000e+01  5.780244e-07
 1.880000e+01  1.900000e+01  6.177612e-07
 1.900000e+01  1.920000e+01  5.726249e-07
 1.920000e+01  1.940000e+01  4.907171e-07
 1.940000e+01  1.960000e+01  4.933637e-07
 1.960000e+01  1.980000e+01  4.395850e-07
 1.980000e+01  2.000000e+01  3.639165e-07
