-2.000000e+00 -1.933333e+00  0.000000e+00
-1.933333e+00 -1.866667e+00  0.000000e+00
-1.866667e+00 -1.800000e+00  1.562097e-12
-1.800000e+00 -1.733333e+00  1.560248e-08
-1.733333e+00 -1.666667e+00  2.566746e-07
-1.666667e+00 -1.600000e+00  1.129835e-06
-1.600000e+00 -1.533333e+00  2.973716e-06
-1.533333e+00 -1.466667e+00  5.092962e-06
-1.466667e+00 -1.400000e+00  8.768115e-06
-1.400000e+00 -1.333333e+00  1.359864e-05
-1.333333e+00 -1.266667e+00  1.577422e-05
-1.266667e+00 -1.200000e+00  2.143227e-05
-1.200000e+00 -1.133333e+00  1.921437e-05
-1.133333e+00 -1.066667e+00  2.459044e-05
-1.066667e+00 -1.000000e+00  2.557658e-05
-1.000000e+00 -9.333333e-01  2.695007e-05
-9.333333e-01 -8.666667e-01  2.562808e-05
-8.666667e-01 -8.000000e-01  2.658277e-05
-8.000000e-01 -7.333333e-01  2.549703e-05
-7.333333e-01 -6.666667e-01  2.435037e-05
-6.666667e-01 -6.000000e-01  2.444689e-05
-6.000000e-01 -5.333333e-01  2.098302e-05
-5.333333e-01 -4.666667e-01  1.737689e-05
-4.666667e-01 -4.000000e-01  1.742171e-05
-4.000000e-01 -3.333333e-01  1.328567e-05
-3.333333e-01 -2.666667e-01  1.417607e-05
-2.666667e-01 -2.000000e-01  1.010685e-05
-2.000000e-01 -1.333333e-01  9.006733e-06
-1.333333e-01 -6.666667e-02  7.191225e-06
-6.666667e-02  0.000000e+00  6.944024e-06
 0.000000e+00  6.666667e-02  4.612950e-06
 6.666667e-02  1.333333e-01  3.788742e-06
 1.333333e-01  2.000000e-01  3.742975e-06
 2.000000e-01  2.666667e-01  2.193688e-06
 2.666667e-01  3.333333e-01  1.909793e-06
 3.333333e-01  4.000000e-01  1.751124e-06
 4.000000e-01  4.666667e-01  5.487485e-07
 4.666667e-01  5.333333e-01  1.801112e-06
 5.333333e-01  6.000000e-01  5.015134e-07
 6.000000e-01  6.666667e-01  3.945640e-07
 6.666667e-01  7.333333e-01  3.721884e-07
 7.333333e-01  8.000000e-01  1.815318e-07
 8.000000e-01  8.666667e-01  4.838747e-08
 8.666667e-01  9.333333e-01  6.107897e-08
 9.333333e-01  1.000000e+00  4.638212e-08
 1.000000e+00  1.066667e+00  1.751270e-08
 1.066667e+00  1.133333e+00  1.041376e-08
 1.133333e+00  1.200000e+00  4.748065e-09
 1.200000e+00  1.266667e+00  3.471457e-09
 1.266667e+00  1.333333e+00  1.119986e-09
 1.333333e+00  1.400000e+00  9.636187e-11
 1.400000e+00  1.466667e+00  1.189039e-10
 1.466667e+00  1.533333e+00  2.420634e-11
 1.533333e+00  1.600000e+00  1.406683e-11
 1.600000e+00  1.666667e+00  4.277948e-13
 1.666667e+00  1.733333e+00  4.766310e-15
 1.733333e+00  1.800000e+00 -1.188856e-15
 1.800000e+00  1.866667e+00 -9.455592e-21
 1.866667e+00  1.933333e+00  0.000000e+00
 1.933333e+00  2.000000e+00  0.000000e+00
