 0.000000e+00  5.000000e-02  7.128985e-08
 5.000000e-02  1.000000e-01  2.329722e-07
 1.000000e-01  1.500000e-01  4.742644e-07
 1.500000e-01  2.000000e-01  8.496600e-07
 2.000000e-01  2.500000e-01  1.414376e-06
 2.500000e-01  3.000000e-01  2.208432e-06
 3.000000e-01  3.500000e-01  3.319570e-06
 3.500000e-01  4.000000e-01  4.592847e-06
 4.000000e-01  4.500000e-01  6.109789e-06
 4.500000e-01  5.000000e-01  7.685507e-06
 5.000000e-01  5.500000e-01  9.640617e-06
 5.500000e-01  6.000000e-01  1.118464e-05
 6.000000e-01  6.500000e-01  1.298460e-05
 6.500000e-01  7.000000e-01  1.454130e-05
 7.000000e-01  7.500000e-01  1.578778e-05
 7.500000e-01  8.000000e-01  1.690681e-05
 8.000000e-01  8.500000e-01  1.759938e-05
 8.500000e-01  9.000000e-01  1.785263e-05
 9.000000e-01  9.500000e-01  1.795151e-05
 9.500000e-01  1.000000e+00  1.811421e-05
 1.000000e+00  1.050000e+00  1.783376e-05
 1.050000e+00  1.100000e+00  1.744650e-05
 1.100000e+00  1.150000e+00  1.673252e-05
 1.150000e+00  1.200000e+00  1.578428e-05
 1.200000e+00  1.250000e+00  1.521312e-05
 1.250000e+00  1.300000e+00  1.410169e-05
 1.300000e+00  1.350000e+00  1.307792e-05
 1.350000e+00  1.400000e+00  1.213662e-05
 1.400000e+00  1.450000e+00  1.121943e-05
 1.450000e+00  1.500000e+00  1.001170e-05
 1.500000e+00  1.550000e+00  9.707157e-06
 1.550000e+00  1.600000e+00  8.321467e-06
 1.600000e+00  1.650000e+00  7.517834e-06
 1.650000e+00  1.700000e+00  6.921951e-06
 1.700000e+00  1.750000e+00  6.198232e-06
 1.750000e+00  1.800000e+00  5.276356e-06
 1.800000e+00  1.850000e+00  4.794508e-06
 1.850000e+00  1.900000e+00  4.367532e-06
 1.900000e+00  1.950000e+00  3.846374e-06
 1.950000e+00  2.000000e+00  3.317432e-06
 2.000000e+00  2.050000e+00  2.969796e-06
 2.050000e+00  2.100000e+00  2.548687e-06
 2.100000e+00  2.150000e+00  2.212792e-06
 2.150000e+00  2.200000e+00  2.017339e-06
 2.200000e+00  2.250000e+00  1.711439e-06
 2.250000e+00  2.300000e+00  1.308201e-06
 2.300000e+00  2.350000e+00  1.451193e-06
 2.350000e+00  2.400000e+00  1.078993e-06
 2.400000e+00  2.450000e+00  9.185984e-07
 2.450000e+00  2.500000e+00  8.422907e-07
 2.500000e+00  2.550000e+00  7.301674e-07
 2.550000e+00  2.600000e+00  5.522409e-07
 2.600000e+00  2.650000e+00  4.390535e-07
 2.650000e+00  2.700000e+00  4.271712e-07
 2.700000e+00  2.750000e+00  3.513729e-07
 2.750000e+00  2.800000e+00  3.129345e-07
 2.800000e+00  2.850000e+00  2.478530e-07
 2.850000e+00  2.900000e+00  2.176128e-07
 2.900000e+00  2.950000e+00  1.519596e-07
 2.950000e+00  3.000000e+00  1.331577e-07
 3.000000e+00  3.050000e+00  9.933267e-08
 3.050000e+00  3.100000e+00  8.638617e-08
 3.100000e+00  3.150000e+00  7.148813e-08
 3.150000e+00  3.200000e+00  3.887941e-08
 3.200000e+00  3.250000e+00  4.446139e-08
 3.250000e+00  3.300000e+00  3.750832e-08
 3.300000e+00  3.350000e+00  2.289999e-08
 3.350000e+00  3.400000e+00  1.905504e-08
 3.400000e+00  3.450000e+00  1.395563e-08
 3.450000e+00  3.500000e+00  1.249808e-08
 3.500000e+00  3.550000e+00  7.719219e-09
 3.550000e+00  3.600000e+00  5.790445e-09
 3.600000e+00  3.650000e+00  4.661404e-09
 3.650000e+00  3.700000e+00  3.548704e-09
 3.700000e+00  3.750000e+00  1.645695e-09
 3.750000e+00  3.800000e+00  1.759985e-09
 3.800000e+00  3.850000e+00  7.282115e-10
 3.850000e+00  3.900000e+00  4.531892e-10
 3.900000e+00  3.950000e+00  3.031870e-10
 3.950000e+00  4.000000e+00  2.532147e-10
 4.000000e+00  4.050000e+00  1.178059e-10
 4.050000e+00  4.100000e+00  4.737581e-11
 4.100000e+00  4.150000e+00  3.194893e-11
 4.150000e+00  4.200000e+00  1.213657e-11
 4.200000e+00  4.250000e+00  5.026264e-12
 4.250000e+00  4.300000e+00  1.714761e-13
 4.300000e+00  4.350000e+00  2.896453e-13
 4.350000e+00  4.400000e+00 -2.070915e-13
 4.400000e+00  4.450000e+00 -2.416822e-13
 4.450000e+00  4.500000e+00 -6.696091e-14
 4.500000e+00  4.550000e+00  0.000000e+00
 4.550000e+00  4.600000e+00  0.000000e+00
 4.600000e+00  4.650000e+00  0.000000e+00
 4.650000e+00  4.700000e+00  0.000000e+00
 4.700000e+00  4.750000e+00  0.000000e+00
 4.750000e+00  4.800000e+00  0.000000e+00
 4.800000e+00  4.850000e+00  0.000000e+00
 4.850000e+00  4.900000e+00  0.000000e+00
 4.900000e+00  4.950000e+00  0.000000e+00
 4.950000e+00  5.000000e+00  0.000000e+00
