 0.000000e+00  5.000000e-01 -9.981024e-03
 5.000000e-01  1.000000e+00  9.065861e-03
 1.000000e+00  1.500000e+00  4.415030e-03
 1.500000e+00  2.000000e+00  2.766187e-03
 2.000000e+00  2.500000e+00  1.941135e-03
 2.500000e+00  3.000000e+00  1.410098e-03
 3.000000e+00  3.500000e+00  1.095906e-03
 3.500000e+00  4.000000e+00  8.531089e-04
 4.000000e+00  4.500000e+00  6.873789e-04
 4.500000e+00  5.000000e+00  5.615645e-04
 5.000000e+00  5.500000e+00  4.730475e-04
 5.500000e+00  6.000000e+00  3.906673e-04
 6.000000e+00  6.500000e+00  3.329105e-04
 6.500000e+00  7.000000e+00  2.805388e-04
 7.000000e+00  7.500000e+00  2.363695e-04
 7.500000e+00  8.000000e+00  2.166900e-04
 8.000000e+00  8.500000e+00  1.727643e-04
 8.500000e+00  9.000000e+00  1.496538e-04
 9.000000e+00  9.500000e+00  1.284284e-04
 9.500000e+00  1.000000e+01  1.128509e-04
 1.000000e+01  1.050000e+01  9.727429e-05
 1.050000e+01  1.100000e+01  8.486863e-05
 1.100000e+01  1.150000e+01  7.524587e-05
 1.150000e+01  1.200000e+01  6.561406e-05
 1.200000e+01  1.250000e+01  5.661975e-05
 1.250000e+01  1.300000e+01  5.128538e-05
 1.300000e+01  1.350000e+01  4.371055e-05
 1.350000e+01  1.400000e+01  3.896139e-05
 1.400000e+01  1.450000e+01  3.449357e-05
 1.450000e+01  1.500000e+01  3.015162e-05
 1.500000e+01  1.550000e+01  2.687867e-05
 1.550000e+01  1.600000e+01  2.435680e-05
 1.600000e+01  1.650000e+01  2.161677e-05
 1.650000e+01  1.700000e+01  1.943061e-05
 1.700000e+01  1.750000e+01  1.736116e-05
 1.750000e+01  1.800000e+01  1.550244e-05
 1.800000e+01  1.850000e+01  1.397117e-05
 1.850000e+01  1.900000e+01  1.215187e-05
 1.900000e+01  1.950000e+01  1.110334e-05
 1.950000e+01  2.000000e+01  9.885664e-06
