 0.000000e+00  2.500000e-01  0.000000e+00
 2.500000e-01  5.000000e-01  0.000000e+00
 5.000000e-01  7.500000e-01  0.000000e+00
 7.500000e-01  1.000000e+00  0.000000e+00
 1.000000e+00  1.250000e+00  0.000000e+00
 1.250000e+00  1.500000e+00  0.000000e+00
 1.500000e+00  1.750000e+00  0.000000e+00
 1.750000e+00  2.000000e+00  0.000000e+00
 2.000000e+00  2.250000e+00  0.000000e+00
 2.250000e+00  2.500000e+00  0.000000e+00
 2.500000e+00  2.750000e+00  0.000000e+00
 2.750000e+00  3.000000e+00  0.000000e+00
 3.000000e+00  3.250000e+00  1.150468e-03
 3.250000e+00  3.500000e+00  5.884426e-03
 3.500000e+00  3.750000e+00  4.052201e-03
 3.750000e+00  4.000000e+00  1.611422e-03
 4.000000e+00  4.250000e+00  8.473864e-04
 4.250000e+00  4.500000e+00  4.753316e-04
 4.500000e+00  4.750000e+00  2.815598e-04
 4.750000e+00  5.000000e+00  1.733296e-04
 5.000000e+00  5.250000e+00  1.100006e-04
 5.250000e+00  5.500000e+00  7.477576e-05
 5.500000e+00  5.750000e+00  5.455637e-05
 5.750000e+00  6.000000e+00  3.904870e-05
 6.000000e+00  6.250000e+00  2.842351e-05
 6.250000e+00  6.500000e+00  2.157426e-05
 6.500000e+00  6.750000e+00  1.554744e-05
 6.750000e+00  7.000000e+00  1.311030e-05
 7.000000e+00  7.250000e+00  1.000571e-05
 7.250000e+00  7.500000e+00  7.496989e-06
 7.500000e+00  7.750000e+00  6.265381e-06
 7.750000e+00  8.000000e+00  4.752900e-06
 8.000000e+00  8.250000e+00  3.643974e-06
 8.250000e+00  8.500000e+00  2.623584e-06
 8.500000e+00  8.750000e+00  2.100937e-06
 8.750000e+00  9.000000e+00  1.453839e-06
 9.000000e+00  9.250000e+00  1.207938e-06
 9.250000e+00  9.500000e+00  8.829084e-07
 9.500000e+00  9.750000e+00  7.472669e-07
 9.750000e+00  1.000000e+01  7.263675e-07
