 0.000000e+00  2.500000e-01  0.000000e+00
 2.500000e-01  5.000000e-01  0.000000e+00
 5.000000e-01  7.500000e-01  0.000000e+00
 7.500000e-01  1.000000e+00  0.000000e+00
 1.000000e+00  1.250000e+00  0.000000e+00
 1.250000e+00  1.500000e+00  0.000000e+00
 1.500000e+00  1.750000e+00  0.000000e+00
 1.750000e+00  2.000000e+00  0.000000e+00
 2.000000e+00  2.250000e+00  0.000000e+00
 2.250000e+00  2.500000e+00  0.000000e+00
 2.500000e+00  2.750000e+00  0.000000e+00
 2.750000e+00  3.000000e+00  0.000000e+00
 3.000000e+00  3.250000e+00  6.572438e-04
 3.250000e+00  3.500000e+00  2.857438e-03
 3.500000e+00  3.750000e+00  1.710475e-03
 3.750000e+00  4.000000e+00  6.527635e-04
 4.000000e+00  4.250000e+00  3.278123e-04
 4.250000e+00  4.500000e+00  1.791090e-04
 4.500000e+00  4.750000e+00  1.043073e-04
 4.750000e+00  5.000000e+00  6.499902e-05
 5.000000e+00  5.250000e+00  4.283277e-05
 5.250000e+00  5.500000e+00  2.885364e-05
 5.500000e+00  5.750000e+00  2.081511e-05
 5.750000e+00  6.000000e+00  1.550177e-05
 6.000000e+00  6.250000e+00  1.141554e-05
 6.250000e+00  6.500000e+00  8.860168e-06
 6.500000e+00  6.750000e+00  6.704857e-06
 6.750000e+00  7.000000e+00  5.211587e-06
 7.000000e+00  7.250000e+00  3.995304e-06
 7.250000e+00  7.500000e+00  3.082830e-06
 7.500000e+00  7.750000e+00  2.357010e-06
 7.750000e+00  8.000000e+00  1.562367e-06
 8.000000e+00  8.250000e+00  1.315698e-06
 8.250000e+00  8.500000e+00  9.719850e-07
 8.500000e+00  8.750000e+00  7.259296e-07
 8.750000e+00  9.000000e+00  6.757419e-07
 9.000000e+00  9.250000e+00  4.389854e-07
 9.250000e+00  9.500000e+00  3.692623e-07
 9.500000e+00  9.750000e+00  2.551558e-07
 9.750000e+00  1.000000e+01  1.841874e-07
