 0.000000e+00  5.000000e-01 -1.973936e-03
 5.000000e-01  1.000000e+00  2.208824e-03
 1.000000e+00  1.500000e+00  1.070641e-03
 1.500000e+00  2.000000e+00  6.558604e-04
 2.000000e+00  2.500000e+00  4.490086e-04
 2.500000e+00  3.000000e+00  3.263678e-04
 3.000000e+00  3.500000e+00  2.483687e-04
 3.500000e+00  4.000000e+00  1.940813e-04
 4.000000e+00  4.500000e+00  1.528316e-04
 4.500000e+00  5.000000e+00  1.238368e-04
 5.000000e+00  5.500000e+00  9.985663e-05
 5.500000e+00  6.000000e+00  8.240646e-05
 6.000000e+00  6.500000e+00  6.849452e-05
 6.500000e+00  7.000000e+00  5.637284e-05
 7.000000e+00  7.500000e+00  4.729873e-05
 7.500000e+00  8.000000e+00  3.964941e-05
 8.000000e+00  8.500000e+00  3.392517e-05
 8.500000e+00  9.000000e+00  2.804254e-05
 9.000000e+00  9.500000e+00  2.377206e-05
 9.500000e+00  1.000000e+01  2.026602e-05
 1.000000e+01  1.050000e+01  1.726119e-05
 1.050000e+01  1.100000e+01  1.466220e-05
 1.100000e+01  1.150000e+01  1.266808e-05
 1.150000e+01  1.200000e+01  1.078974e-05
 1.200000e+01  1.250000e+01  9.335299e-06
 1.250000e+01  1.300000e+01  8.097890e-06
 1.300000e+01  1.350000e+01  6.885863e-06
 1.350000e+01  1.400000e+01  6.040712e-06
 1.400000e+01  1.450000e+01  5.320802e-06
 1.450000e+01  1.500000e+01  4.528676e-06
 1.500000e+01  1.550000e+01  3.956564e-06
 1.550000e+01  1.600000e+01  3.517855e-06
 1.600000e+01  1.650000e+01  3.081232e-06
 1.650000e+01  1.700000e+01  2.667323e-06
 1.700000e+01  1.750000e+01  2.361755e-06
 1.750000e+01  1.800000e+01  2.070388e-06
 1.800000e+01  1.850000e+01  1.856072e-06
 1.850000e+01  1.900000e+01  1.607926e-06
 1.900000e+01  1.950000e+01  1.406227e-06
 1.950000e+01  2.000000e+01  1.224906e-06
