 0.000000e+00  7.854232e-02  3.024774e-05
 7.854232e-02  1.570846e-01  3.020852e-05
 1.570846e-01  2.356269e-01  2.992175e-05
 2.356269e-01  3.141693e-01  3.037446e-05
 3.141693e-01  3.927116e-01  3.063290e-05
 3.927116e-01  4.712539e-01  3.137134e-05
 4.712539e-01  5.497962e-01  3.175144e-05
 5.497962e-01  6.283385e-01  3.231965e-05
 6.283385e-01  7.068808e-01  3.337278e-05
 7.068808e-01  7.854232e-01  3.446922e-05
 7.854232e-01  8.639655e-01  3.516913e-05
 8.639655e-01  9.425078e-01  3.708181e-05
 9.425078e-01  1.021050e+00  3.901817e-05
 1.021050e+00  1.099592e+00  4.025481e-05
 1.099592e+00  1.178135e+00  4.215078e-05
 1.178135e+00  1.256677e+00  4.460280e-05
 1.256677e+00  1.335219e+00  4.751784e-05
 1.335219e+00  1.413762e+00  4.989667e-05
 1.413762e+00  1.492304e+00  5.416488e-05
 1.492304e+00  1.570846e+00  5.825250e-05
 1.570846e+00  1.649389e+00  6.255844e-05
 1.649389e+00  1.727931e+00  6.772099e-05
 1.727931e+00  1.806473e+00  7.321167e-05
 1.806473e+00  1.885016e+00  8.155373e-05
 1.885016e+00  1.963558e+00  8.987222e-05
 1.963558e+00  2.042100e+00  1.014357e-04
 2.042100e+00  2.120643e+00  1.149106e-04
 2.120643e+00  2.199185e+00  1.314246e-04
 2.199185e+00  2.277727e+00  1.491885e-04
 2.277727e+00  2.356269e+00  1.787982e-04
 2.356269e+00  2.434812e+00  2.087604e-04
 2.434812e+00  2.513354e+00  2.483948e-04
 2.513354e+00  2.591896e+00  3.053131e-04
 2.591896e+00  2.670439e+00  3.889443e-04
 2.670439e+00  2.748981e+00  5.009890e-04
 2.748981e+00  2.827523e+00  6.938007e-04
 2.827523e+00  2.906066e+00  1.019216e-03
 2.906066e+00  2.984608e+00  1.684352e-03
 2.984608e+00  3.063150e+00  3.580444e-03
 3.063150e+00  3.141693e+00 -3.044666e-03
