 0.000000e+00  2.500000e-01  0.000000e+00
 2.500000e-01  5.000000e-01  0.000000e+00
 5.000000e-01  7.500000e-01  0.000000e+00
 7.500000e-01  1.000000e+00  0.000000e+00
 1.000000e+00  1.250000e+00  0.000000e+00
 1.250000e+00  1.500000e+00  0.000000e+00
 1.500000e+00  1.750000e+00  0.000000e+00
 1.750000e+00  2.000000e+00  0.000000e+00
 2.000000e+00  2.250000e+00  0.000000e+00
 2.250000e+00  2.500000e+00  0.000000e+00
 2.500000e+00  2.750000e+00  0.000000e+00
 2.750000e+00  3.000000e+00  0.000000e+00
 3.000000e+00  3.250000e+00  3.996508e-04
 3.250000e+00  3.500000e+00  1.598543e-03
 3.500000e+00  3.750000e+00  9.041851e-04
 3.750000e+00  4.000000e+00  3.433376e-04
 4.000000e+00  4.250000e+00  1.695001e-04
 4.250000e+00  4.500000e+00  9.175137e-05
 4.500000e+00  4.750000e+00  5.385480e-05
 4.750000e+00  5.000000e+00  3.321607e-05
 5.000000e+00  5.250000e+00  2.169366e-05
 5.250000e+00  5.500000e+00  1.484955e-05
 5.500000e+00  5.750000e+00  1.109161e-05
 5.750000e+00  6.000000e+00  7.974797e-06
 6.000000e+00  6.250000e+00  5.832514e-06
 6.250000e+00  6.500000e+00  4.570453e-06
 6.500000e+00  6.750000e+00  3.483879e-06
 6.750000e+00  7.000000e+00  2.498241e-06
 7.000000e+00  7.250000e+00  1.942378e-06
 7.250000e+00  7.500000e+00  1.559195e-06
 7.500000e+00  7.750000e+00  1.093191e-06
 7.750000e+00  8.000000e+00  7.944574e-07
 8.000000e+00  8.250000e+00  7.683048e-07
 8.250000e+00  8.500000e+00  4.606107e-07
 8.500000e+00  8.750000e+00  4.095891e-07
 8.750000e+00  9.000000e+00  3.237370e-07
 9.000000e+00  9.250000e+00  1.814037e-07
 9.250000e+00  9.500000e+00  2.152594e-07
 9.500000e+00  9.750000e+00  1.485111e-07
 9.750000e+00  1.000000e+01  1.247547e-07
