 0.000000e+00  7.854232e-02  9.158625e-04
 7.854232e-02  1.570846e-01  9.136521e-04
 1.570846e-01  2.356269e-01  9.248777e-04
 2.356269e-01  3.141693e-01  9.325542e-04
 3.141693e-01  3.927116e-01  9.453155e-04
 3.927116e-01  4.712539e-01  9.671272e-04
 4.712539e-01  5.497962e-01  9.713916e-04
 5.497962e-01  6.283385e-01  9.999560e-04
 6.283385e-01  7.068808e-01  1.039576e-03
 7.068808e-01  7.854232e-01  1.060690e-03
 7.854232e-01  8.639655e-01  1.100498e-03
 8.639655e-01  9.425078e-01  1.145286e-03
 9.425078e-01  1.021050e+00  1.173229e-03
 1.021050e+00  1.099592e+00  1.211055e-03
 1.099592e+00  1.178135e+00  1.286338e-03
 1.178135e+00  1.256677e+00  1.387703e-03
 1.256677e+00  1.335219e+00  1.429554e-03
 1.335219e+00  1.413762e+00  1.544653e-03
 1.413762e+00  1.492304e+00  1.634752e-03
 1.492304e+00  1.570846e+00  1.727098e-03
 1.570846e+00  1.649389e+00  1.864456e-03
 1.649389e+00  1.727931e+00  2.067781e-03
 1.727931e+00  1.806473e+00  2.232799e-03
 1.806473e+00  1.885016e+00  2.452486e-03
 1.885016e+00  1.963558e+00  2.716894e-03
 1.963558e+00  2.042100e+00  3.010210e-03
 2.042100e+00  2.120643e+00  3.351814e-03
 2.120643e+00  2.199185e+00  3.816025e-03
 2.199185e+00  2.277727e+00  4.381787e-03
 2.277727e+00  2.356269e+00  5.060313e-03
 2.356269e+00  2.434812e+00  5.989846e-03
 2.434812e+00  2.513354e+00  7.198147e-03
 2.513354e+00  2.591896e+00  8.707466e-03
 2.591896e+00  2.670439e+00  1.092942e-02
 2.670439e+00  2.748981e+00  1.417242e-02
 2.748981e+00  2.827523e+00  1.905456e-02
 2.827523e+00  2.906066e+00  2.787747e-02
 2.906066e+00  2.984608e+00  4.515226e-02
 2.984608e+00  3.063150e+00  9.308000e-02
 3.063150e+00  3.141693e+00 -1.563575e-01
