 0.000000e+00  2.500000e-01  2.790916e-04
 2.500000e-01  5.000000e-01  8.670093e-04
 5.000000e-01  7.500000e-01  1.475741e-03
 7.500000e-01  1.000000e+00  2.127651e-03
 1.000000e+00  1.250000e+00  2.923458e-03
 1.250000e+00  1.500000e+00  3.966771e-03
 1.500000e+00  1.750000e+00  5.091665e-03
 1.750000e+00  2.000000e+00  6.831696e-03
 2.000000e+00  2.250000e+00  9.552500e-03
 2.250000e+00  2.500000e+00  1.421981e-02
 2.500000e+00  2.750000e+00  2.438493e-02
 2.750000e+00  3.000000e+00  5.657602e-02
 3.000000e+00  3.250000e+00  1.174555e-02
 3.250000e+00  3.500000e+00 -1.145588e-02
 3.500000e+00  3.750000e+00  1.794089e-02
 3.750000e+00  4.000000e+00  4.305172e-03
 4.000000e+00  4.250000e+00  2.168499e-03
 4.250000e+00  4.500000e+00  1.438784e-03
 4.500000e+00  4.750000e+00  1.371945e-03
 4.750000e+00  5.000000e+00  1.351262e-03
 5.000000e+00  5.250000e+00  1.084257e-03
 5.250000e+00  5.500000e+00  9.357019e-04
 5.500000e+00  5.750000e+00  8.375344e-04
 5.750000e+00  6.000000e+00  5.810893e-04
 6.000000e+00  6.250000e+00  5.402093e-04
 6.250000e+00  6.500000e+00  4.168397e-04
 6.500000e+00  6.750000e+00  2.992321e-04
 6.750000e+00  7.000000e+00  2.862505e-04
 7.000000e+00  7.250000e+00  1.798019e-04
 7.250000e+00  7.500000e+00  1.628524e-04
 7.500000e+00  7.750000e+00  1.173316e-04
 7.750000e+00  8.000000e+00  1.092571e-04
 8.000000e+00  8.250000e+00  6.739534e-05
 8.250000e+00  8.500000e+00  2.813344e-05
 8.500000e+00  8.750000e+00  4.128367e-05
 8.750000e+00  9.000000e+00  2.959722e-05
 9.000000e+00  9.250000e+00  2.569184e-05
 9.250000e+00  9.500000e+00  1.163104e-05
 9.500000e+00  9.750000e+00  1.864387e-06
 9.750000e+00  1.000000e+01  1.129808e-05
