 0.000000e+00  2.500000e-01  0.000000e+00
 2.500000e-01  5.000000e-01  0.000000e+00
 5.000000e-01  7.500000e-01  0.000000e+00
 7.500000e-01  1.000000e+00  0.000000e+00
 1.000000e+00  1.250000e+00  0.000000e+00
 1.250000e+00  1.500000e+00  0.000000e+00
 1.500000e+00  1.750000e+00  0.000000e+00
 1.750000e+00  2.000000e+00  0.000000e+00
 2.000000e+00  2.250000e+00  0.000000e+00
 2.250000e+00  2.500000e+00  0.000000e+00
 2.500000e+00  2.750000e+00  0.000000e+00
 2.750000e+00  3.000000e+00  0.000000e+00
 3.000000e+00  3.250000e+00  4.004059e-03
 3.250000e+00  3.500000e+00  2.765060e-02
 3.500000e+00  3.750000e+00  2.599682e-02
 3.750000e+00  4.000000e+00  1.063301e-02
 4.000000e+00  4.250000e+00  5.941488e-03
 4.250000e+00  4.500000e+00  3.554796e-03
 4.500000e+00  4.750000e+00  2.206313e-03
 4.750000e+00  5.000000e+00  1.413413e-03
 5.000000e+00  5.250000e+00  9.634776e-04
 5.250000e+00  5.500000e+00  6.715374e-04
 5.500000e+00  5.750000e+00  4.886281e-04
 5.750000e+00  6.000000e+00  3.687365e-04
 6.000000e+00  6.250000e+00  2.779580e-04
 6.250000e+00  6.500000e+00  2.142514e-04
 6.500000e+00  6.750000e+00  1.710065e-04
 6.750000e+00  7.000000e+00  1.259217e-04
 7.000000e+00  7.250000e+00  9.630155e-05
 7.250000e+00  7.500000e+00  7.700518e-05
 7.500000e+00  7.750000e+00  5.629591e-05
 7.750000e+00  8.000000e+00  4.447249e-05
 8.000000e+00  8.250000e+00  3.297695e-05
 8.250000e+00  8.500000e+00  2.822060e-05
 8.500000e+00  8.750000e+00  2.145638e-05
 8.750000e+00  9.000000e+00  1.567848e-05
 9.000000e+00  9.250000e+00  1.168835e-05
 9.250000e+00  9.500000e+00  9.153378e-06
 9.500000e+00  9.750000e+00  8.008740e-06
 9.750000e+00  1.000000e+01  5.653696e-06
