 0.000000e+00  7.854232e-02  1.342973e-03
 7.854232e-02  1.570846e-01  1.334660e-03
 1.570846e-01  2.356269e-01  1.349662e-03
 2.356269e-01  3.141693e-01  1.475965e-03
 3.141693e-01  3.927116e-01  1.412565e-03
 3.927116e-01  4.712539e-01  1.404178e-03
 4.712539e-01  5.497962e-01  1.428305e-03
 5.497962e-01  6.283385e-01  1.463715e-03
 6.283385e-01  7.068808e-01  1.521582e-03
 7.068808e-01  7.854232e-01  1.542774e-03
 7.854232e-01  8.639655e-01  1.603754e-03
 8.639655e-01  9.425078e-01  1.653812e-03
 9.425078e-01  1.021050e+00  1.717356e-03
 1.021050e+00  1.099592e+00  1.807910e-03
 1.099592e+00  1.178135e+00  1.859537e-03
 1.178135e+00  1.256677e+00  1.995245e-03
 1.256677e+00  1.335219e+00  2.084321e-03
 1.335219e+00  1.413762e+00  2.226589e-03
 1.413762e+00  1.492304e+00  2.495355e-03
 1.492304e+00  1.570846e+00  2.590976e-03
 1.570846e+00  1.649389e+00  2.697452e-03
 1.649389e+00  1.727931e+00  2.967453e-03
 1.727931e+00  1.806473e+00  3.206030e-03
 1.806473e+00  1.885016e+00  3.542557e-03
 1.885016e+00  1.963558e+00  3.917445e-03
 1.963558e+00  2.042100e+00  4.275186e-03
 2.042100e+00  2.120643e+00  4.854581e-03
 2.120643e+00  2.199185e+00  5.404892e-03
 2.199185e+00  2.277727e+00  6.264755e-03
 2.277727e+00  2.356269e+00  7.279965e-03
 2.356269e+00  2.434812e+00  8.524303e-03
 2.434812e+00  2.513354e+00  1.012195e-02
 2.513354e+00  2.591896e+00  1.224810e-02
 2.591896e+00  2.670439e+00  1.561307e-02
 2.670439e+00  2.748981e+00  1.977234e-02
 2.748981e+00  2.827523e+00  2.665517e-02
 2.827523e+00  2.906066e+00  3.825448e-02
 2.906066e+00  2.984608e+00  6.159146e-02
 2.984608e+00  3.063150e+00  1.260461e-01
 3.063150e+00  3.141693e+00 -2.342611e-01
