 0.000000e+00  2.500000e-01  0.000000e+00
 2.500000e-01  5.000000e-01  0.000000e+00
 5.000000e-01  7.500000e-01  0.000000e+00
 7.500000e-01  1.000000e+00  0.000000e+00
 1.000000e+00  1.250000e+00  0.000000e+00
 1.250000e+00  1.500000e+00  0.000000e+00
 1.500000e+00  1.750000e+00  0.000000e+00
 1.750000e+00  2.000000e+00  0.000000e+00
 2.000000e+00  2.250000e+00  0.000000e+00
 2.250000e+00  2.500000e+00  0.000000e+00
 2.500000e+00  2.750000e+00  0.000000e+00
 2.750000e+00  3.000000e+00  0.000000e+00
 3.000000e+00  3.250000e+00  5.518580e-03
 3.250000e+00  3.500000e+00  5.221777e-02
 3.500000e+00  3.750000e+00  7.347220e-02
 3.750000e+00  4.000000e+00  3.211645e-02
 4.000000e+00  4.250000e+00  1.992730e-02
 4.250000e+00  4.500000e+00  1.312824e-02
 4.500000e+00  4.750000e+00  8.793826e-03
 4.750000e+00  5.000000e+00  5.942979e-03
 5.000000e+00  5.250000e+00  4.007225e-03
 5.250000e+00  5.500000e+00  2.705935e-03
 5.500000e+00  5.750000e+00  1.872681e-03
 5.750000e+00  6.000000e+00  1.346313e-03
 6.000000e+00  6.250000e+00  9.998156e-04
 6.250000e+00  6.500000e+00  7.433778e-04
 6.500000e+00  6.750000e+00  5.837202e-04
 6.750000e+00  7.000000e+00  4.373332e-04
 7.000000e+00  7.250000e+00  3.423599e-04
 7.250000e+00  7.500000e+00  2.766067e-04
 7.500000e+00  7.750000e+00  2.170149e-04
 7.750000e+00  8.000000e+00  1.774553e-04
 8.000000e+00  8.250000e+00  1.418907e-04
 8.250000e+00  8.500000e+00  1.112106e-04
 8.500000e+00  8.750000e+00  9.200850e-05
 8.750000e+00  9.000000e+00  6.759760e-05
 9.000000e+00  9.250000e+00  5.606638e-05
 9.250000e+00  9.500000e+00  3.709997e-05
 9.500000e+00  9.750000e+00  3.176005e-05
 9.750000e+00  1.000000e+01  2.290101e-05
