 0.000000e+00  5.000000e-01 -1.995512e-01
 5.000000e-01  1.000000e+00  1.988562e-01
 1.000000e+00  1.500000e+00  9.538929e-02
 1.500000e+00  2.000000e+00  5.612570e-02
 2.000000e+00  2.500000e+00  3.701474e-02
 2.500000e+00  3.000000e+00  2.594885e-02
 3.000000e+00  3.500000e+00  1.877996e-02
 3.500000e+00  4.000000e+00  1.434074e-02
 4.000000e+00  4.500000e+00  1.061986e-02
 4.500000e+00  5.000000e+00  8.183915e-03
 5.000000e+00  5.500000e+00  6.289815e-03
 5.500000e+00  6.000000e+00  5.407853e-03
 6.000000e+00  6.500000e+00  3.931595e-03
 6.500000e+00  7.000000e+00  3.183279e-03
 7.000000e+00  7.500000e+00  2.593577e-03
 7.500000e+00  8.000000e+00  2.082864e-03
 8.000000e+00  8.500000e+00  1.704060e-03
 8.500000e+00  9.000000e+00  1.395713e-03
 9.000000e+00  9.500000e+00  1.145229e-03
 9.500000e+00  1.000000e+01  9.499201e-04
 1.000000e+01  1.050000e+01  9.102600e-04
 1.050000e+01  1.100000e+01  6.633025e-04
 1.100000e+01  1.150000e+01  5.623923e-04
 1.150000e+01  1.200000e+01  4.669266e-04
 1.200000e+01  1.250000e+01  4.233560e-04
 1.250000e+01  1.300000e+01  3.407028e-04
 1.300000e+01  1.350000e+01  2.981709e-04
 1.350000e+01  1.400000e+01  2.439937e-04
 1.400000e+01  1.450000e+01  2.174788e-04
 1.450000e+01  1.500000e+01  1.876318e-04
 1.500000e+01  1.550000e+01  1.598813e-04
 1.550000e+01  1.600000e+01  1.394884e-04
 1.600000e+01  1.650000e+01  1.187288e-04
 1.650000e+01  1.700000e+01  1.062195e-04
 1.700000e+01  1.750000e+01  9.004654e-05
 1.750000e+01  1.800000e+01  8.304981e-05
 1.800000e+01  1.850000e+01  6.968634e-05
 1.850000e+01  1.900000e+01  6.502469e-05
 1.900000e+01  1.950000e+01  5.566183e-05
 1.950000e+01  2.000000e+01  5.019229e-05
