 0.000000e+00  7.854232e-02  1.587996e-03
 7.854232e-02  1.570846e-01  1.605647e-03
 1.570846e-01  2.356269e-01  1.590011e-03
 2.356269e-01  3.141693e-01  1.628031e-03
 3.141693e-01  3.927116e-01  1.637211e-03
 3.927116e-01  4.712539e-01  1.667080e-03
 4.712539e-01  5.497962e-01  1.706612e-03
 5.497962e-01  6.283385e-01  1.735562e-03
 6.283385e-01  7.068808e-01  1.774527e-03
 7.068808e-01  7.854232e-01  1.823089e-03
 7.854232e-01  8.639655e-01  1.867190e-03
 8.639655e-01  9.425078e-01  1.937515e-03
 9.425078e-01  1.021050e+00  2.033033e-03
 1.021050e+00  1.099592e+00  2.116248e-03
 1.099592e+00  1.178135e+00  2.211264e-03
 1.178135e+00  1.256677e+00  2.321513e-03
 1.256677e+00  1.335219e+00  2.448961e-03
 1.335219e+00  1.413762e+00  2.611847e-03
 1.413762e+00  1.492304e+00  2.790052e-03
 1.492304e+00  1.570846e+00  2.982524e-03
 1.570846e+00  1.649389e+00  3.207122e-03
 1.649389e+00  1.727931e+00  3.456804e-03
 1.727931e+00  1.806473e+00  3.795529e-03
 1.806473e+00  1.885016e+00  4.165841e-03
 1.885016e+00  1.963558e+00  4.562264e-03
 1.963558e+00  2.042100e+00  5.093484e-03
 2.042100e+00  2.120643e+00  5.678521e-03
 2.120643e+00  2.199185e+00  6.440713e-03
 2.199185e+00  2.277727e+00  7.352206e-03
 2.277727e+00  2.356269e+00  8.434880e-03
 2.356269e+00  2.434812e+00  9.967012e-03
 2.434812e+00  2.513354e+00  1.195611e-02
 2.513354e+00  2.591896e+00  1.458258e-02
 2.591896e+00  2.670439e+00  1.798114e-02
 2.670439e+00  2.748981e+00  2.323291e-02
 2.748981e+00  2.827523e+00  3.156722e-02
 2.827523e+00  2.906066e+00  4.579209e-02
 2.906066e+00  2.984608e+00  7.406146e-02
 2.984608e+00  3.063150e+00  1.512542e-01
 3.063150e+00  3.141693e+00 -2.608732e-01
