 0.000000e+00  2.500000e-01  1.349344e-04
 2.500000e-01  5.000000e-01  4.055907e-04
 5.000000e-01  7.500000e-01  6.978382e-04
 7.500000e-01  1.000000e+00  1.016530e-03
 1.000000e+00  1.250000e+00  1.386264e-03
 1.250000e+00  1.500000e+00  1.841343e-03
 1.500000e+00  1.750000e+00  2.448894e-03
 1.750000e+00  2.000000e+00  3.296150e-03
 2.000000e+00  2.250000e+00  4.654070e-03
 2.250000e+00  2.500000e+00  7.055596e-03
 2.500000e+00  2.750000e+00  1.237362e-02
 2.750000e+00  3.000000e+00  3.004674e-02
 3.000000e+00  3.250000e+00  3.474063e-02
 3.250000e+00  3.500000e+00 -6.236973e-03
 3.500000e+00  3.750000e+00  2.704278e-04
 3.750000e+00  4.000000e+00  1.277924e-03
 4.000000e+00  4.250000e+00  1.324607e-03
 4.250000e+00  4.500000e+00  1.340555e-03
 4.500000e+00  4.750000e+00  1.223454e-03
 4.750000e+00  5.000000e+00  1.060003e-03
 5.000000e+00  5.250000e+00  8.521954e-04
 5.250000e+00  5.500000e+00  7.263248e-04
 5.500000e+00  5.750000e+00  5.389518e-04
 5.750000e+00  6.000000e+00  4.368623e-04
 6.000000e+00  6.250000e+00  3.850358e-04
 6.250000e+00  6.500000e+00  2.821045e-04
 6.500000e+00  6.750000e+00  2.125070e-04
 6.750000e+00  7.000000e+00  1.617969e-04
 7.000000e+00  7.250000e+00  1.436766e-04
 7.250000e+00  7.500000e+00  9.741412e-05
 7.500000e+00  7.750000e+00  7.689855e-05
 7.750000e+00  8.000000e+00  4.079022e-05
 8.000000e+00  8.250000e+00  4.411650e-05
 8.250000e+00  8.500000e+00  2.736943e-05
 8.500000e+00  8.750000e+00  2.393081e-05
 8.750000e+00  9.000000e+00  1.223594e-05
 9.000000e+00  9.250000e+00  1.152449e-05
 9.250000e+00  9.500000e+00  5.019580e-06
 9.500000e+00  9.750000e+00  5.079252e-06
 9.750000e+00  1.000000e+01  2.868776e-06
