 0.000000e+00  5.000000e-01  1.521667e-03
 5.000000e-01  1.000000e+00  3.919799e-02
 1.000000e+00  1.500000e+00  1.728372e-02
 1.500000e+00  2.000000e+00  9.074928e-03
 2.000000e+00  2.500000e+00  5.462782e-03
 2.500000e+00  3.000000e+00  3.351842e-03
 3.000000e+00  3.500000e+00  2.120357e-03
 3.500000e+00  4.000000e+00  1.523494e-03
 4.000000e+00  4.500000e+00  9.284367e-04
 4.500000e+00  5.000000e+00  6.189934e-04
 5.000000e+00  5.500000e+00  4.302988e-04
 5.500000e+00  6.000000e+00  2.959738e-04
 6.000000e+00  6.500000e+00  2.116684e-04
 6.500000e+00  7.000000e+00  1.558215e-04
 7.000000e+00  7.500000e+00  1.075157e-04
 7.500000e+00  8.000000e+00  8.127996e-05
 8.000000e+00  8.500000e+00  5.909835e-05
 8.500000e+00  9.000000e+00  4.996260e-05
 9.000000e+00  9.500000e+00  3.202571e-05
 9.500000e+00  1.000000e+01  2.392413e-05
 1.000000e+01  1.050000e+01  1.793811e-05
 1.050000e+01  1.100000e+01  1.360571e-05
 1.100000e+01  1.150000e+01  1.013689e-05
 1.150000e+01  1.200000e+01  8.286936e-06
 1.200000e+01  1.250000e+01  5.939455e-06
 1.250000e+01  1.300000e+01  4.825447e-06
 1.300000e+01  1.350000e+01  3.690428e-06
 1.350000e+01  1.400000e+01  2.851133e-06
 1.400000e+01  1.450000e+01  2.194158e-06
 1.450000e+01  1.500000e+01  1.764440e-06
 1.500000e+01  1.550000e+01  1.348277e-06
 1.550000e+01  1.600000e+01  1.045725e-06
 1.600000e+01  1.650000e+01  9.167171e-07
 1.650000e+01  1.700000e+01  6.256330e-07
 1.700000e+01  1.750000e+01  4.984440e-07
 1.750000e+01  1.800000e+01  3.810403e-07
 1.800000e+01  1.850000e+01  3.280666e-07
 1.850000e+01  1.900000e+01  2.228780e-07
 1.900000e+01  1.950000e+01  1.878394e-07
 1.950000e+01  2.000000e+01  1.365407e-07
