 0.000000e+00  7.854232e-02  2.904638e-06
 7.854232e-02  1.570846e-01  2.899679e-06
 1.570846e-01  2.356269e-01  2.950781e-06
 2.356269e-01  3.141693e-01  2.960584e-06
 3.141693e-01  3.927116e-01  3.052762e-06
 3.927116e-01  4.712539e-01  3.149786e-06
 4.712539e-01  5.497962e-01  3.207864e-06
 5.497962e-01  6.283385e-01  3.290660e-06
 6.283385e-01  7.068808e-01  3.431147e-06
 7.068808e-01  7.854232e-01  3.537804e-06
 7.854232e-01  8.639655e-01  3.548838e-06
 8.639655e-01  9.425078e-01  3.623595e-06
 9.425078e-01  1.021050e+00  3.818571e-06
 1.021050e+00  1.099592e+00  4.036298e-06
 1.099592e+00  1.178135e+00  4.299585e-06
 1.178135e+00  1.256677e+00  4.498512e-06
 1.256677e+00  1.335219e+00  4.928574e-06
 1.335219e+00  1.413762e+00  5.216808e-06
 1.413762e+00  1.492304e+00  5.522131e-06
 1.492304e+00  1.570846e+00  5.843438e-06
 1.570846e+00  1.649389e+00  6.273498e-06
 1.649389e+00  1.727931e+00  7.040974e-06
 1.727931e+00  1.806473e+00  7.732583e-06
 1.806473e+00  1.885016e+00  8.795245e-06
 1.885016e+00  1.963558e+00  9.622502e-06
 1.963558e+00  2.042100e+00  1.092797e-05
 2.042100e+00  2.120643e+00  1.239155e-05
 2.120643e+00  2.199185e+00  1.413619e-05
 2.199185e+00  2.277727e+00  1.649033e-05
 2.277727e+00  2.356269e+00  1.909665e-05
 2.356269e+00  2.434812e+00  2.304812e-05
 2.434812e+00  2.513354e+00  2.807728e-05
 2.513354e+00  2.591896e+00  3.495970e-05
 2.591896e+00  2.670439e+00  4.448133e-05
 2.670439e+00  2.748981e+00  5.977157e-05
 2.748981e+00  2.827523e+00  8.396060e-05
 2.827523e+00  2.906066e+00  1.254412e-04
 2.906066e+00  2.984608e+00  2.141998e-04
 2.984608e+00  3.063150e+00  4.675711e-04
 3.063150e+00  3.141693e+00 -7.016809e-05
