 0.000000e+00  5.000000e-01 -3.078038e-03
 5.000000e-01  1.000000e+00  3.524137e-03
 1.000000e+00  1.500000e+00  1.694981e-03
 1.500000e+00  2.000000e+00  1.034464e-03
 2.000000e+00  2.500000e+00  7.127110e-04
 2.500000e+00  3.000000e+00  5.160369e-04
 3.000000e+00  3.500000e+00  3.936732e-04
 3.500000e+00  4.000000e+00  3.078411e-04
 4.000000e+00  4.500000e+00  2.473304e-04
 4.500000e+00  5.000000e+00  1.973576e-04
 5.000000e+00  5.500000e+00  1.619499e-04
 5.500000e+00  6.000000e+00  1.342058e-04
 6.000000e+00  6.500000e+00  1.112666e-04
 6.500000e+00  7.000000e+00  9.238736e-05
 7.000000e+00  7.500000e+00  7.869394e-05
 7.500000e+00  8.000000e+00  6.593834e-05
 8.000000e+00  8.500000e+00  5.552958e-05
 8.500000e+00  9.000000e+00  4.704658e-05
 9.000000e+00  9.500000e+00  3.996414e-05
 9.500000e+00  1.000000e+01  3.396766e-05
 1.000000e+01  1.050000e+01  2.984014e-05
 1.050000e+01  1.100000e+01  2.505268e-05
 1.100000e+01  1.150000e+01  2.176880e-05
 1.150000e+01  1.200000e+01  1.840509e-05
 1.200000e+01  1.250000e+01  1.628577e-05
 1.250000e+01  1.300000e+01  1.394120e-05
 1.300000e+01  1.350000e+01  1.221476e-05
 1.350000e+01  1.400000e+01  1.077659e-05
 1.400000e+01  1.450000e+01  9.443380e-06
 1.450000e+01  1.500000e+01  8.055528e-06
 1.500000e+01  1.550000e+01  7.120078e-06
 1.550000e+01  1.600000e+01  6.327949e-06
 1.600000e+01  1.650000e+01  5.489413e-06
 1.650000e+01  1.700000e+01  4.892982e-06
 1.700000e+01  1.750000e+01  4.260908e-06
 1.750000e+01  1.800000e+01  3.741546e-06
 1.800000e+01  1.850000e+01  3.388640e-06
 1.850000e+01  1.900000e+01  2.972654e-06
 1.900000e+01  1.950000e+01  2.608281e-06
 1.950000e+01  2.000000e+01  2.330680e-06
