 0.000000e+00  7.854232e-02  6.809437e-05
 7.854232e-02  1.570846e-01  6.760958e-05
 1.570846e-01  2.356269e-01  6.795616e-05
 2.356269e-01  3.141693e-01  6.925727e-05
 3.141693e-01  3.927116e-01  6.939141e-05
 3.927116e-01  4.712539e-01  6.984800e-05
 4.712539e-01  5.497962e-01  7.241758e-05
 5.497962e-01  6.283385e-01  7.371964e-05
 6.283385e-01  7.068808e-01  7.499765e-05
 7.068808e-01  7.854232e-01  7.653656e-05
 7.854232e-01  8.639655e-01  8.090191e-05
 8.639655e-01  9.425078e-01  8.355048e-05
 9.425078e-01  1.021050e+00  8.603943e-05
 1.021050e+00  1.099592e+00  8.942274e-05
 1.099592e+00  1.178135e+00  9.412273e-05
 1.178135e+00  1.256677e+00  9.886224e-05
 1.256677e+00  1.335219e+00  1.065454e-04
 1.335219e+00  1.413762e+00  1.108280e-04
 1.413762e+00  1.492304e+00  1.173579e-04
 1.492304e+00  1.570846e+00  1.284852e-04
 1.570846e+00  1.649389e+00  1.371177e-04
 1.649389e+00  1.727931e+00  1.481150e-04
 1.727931e+00  1.806473e+00  1.605172e-04
 1.806473e+00  1.885016e+00  1.759055e-04
 1.885016e+00  1.963558e+00  1.946226e-04
 1.963558e+00  2.042100e+00  2.171150e-04
 2.042100e+00  2.120643e+00  2.430155e-04
 2.120643e+00  2.199185e+00  2.769111e-04
 2.199185e+00  2.277727e+00  3.111632e-04
 2.277727e+00  2.356269e+00  3.664344e-04
 2.356269e+00  2.434812e+00  4.304763e-04
 2.434812e+00  2.513354e+00  5.168575e-04
 2.513354e+00  2.591896e+00  6.299985e-04
 2.591896e+00  2.670439e+00  7.910440e-04
 2.670439e+00  2.748981e+00  1.018508e-03
 2.748981e+00  2.827523e+00  1.389088e-03
 2.827523e+00  2.906066e+00  2.027889e-03
 2.906066e+00  2.984608e+00  3.303790e-03
 2.984608e+00  3.063150e+00  6.920926e-03
 3.063150e+00  3.141693e+00 -7.468857e-03
