 0.000000e+00  2.500000e-01  1.447012e-06
 2.500000e-01  5.000000e-01  4.344723e-06
 5.000000e-01  7.500000e-01  7.476946e-06
 7.500000e-01  1.000000e+00  1.069269e-05
 1.000000e+00  1.250000e+00  1.442237e-05
 1.250000e+00  1.500000e+00  1.891872e-05
 1.500000e+00  1.750000e+00  2.508335e-05
 1.750000e+00  2.000000e+00  3.382760e-05
 2.000000e+00  2.250000e+00  4.870392e-05
 2.250000e+00  2.500000e+00  7.557794e-05
 2.500000e+00  2.750000e+00  1.382035e-04
 2.750000e+00  3.000000e+00  3.684343e-04
 3.000000e+00  3.250000e+00  2.898441e-04
 3.250000e+00  3.500000e+00  2.151762e-04
 3.500000e+00  3.750000e+00  1.917638e-04
 3.750000e+00  4.000000e+00  6.743663e-05
 4.000000e+00  4.250000e+00  3.763183e-05
 4.250000e+00  4.500000e+00  2.451054e-05
 4.500000e+00  4.750000e+00  1.644961e-05
 4.750000e+00  5.000000e+00  1.104350e-05
 5.000000e+00  5.250000e+00  8.198416e-06
 5.250000e+00  5.500000e+00  6.656610e-06
 5.500000e+00  5.750000e+00  4.134838e-06
 5.750000e+00  6.000000e+00  3.175947e-06
 6.000000e+00  6.250000e+00  2.599896e-06
 6.250000e+00  6.500000e+00  1.835759e-06
 6.500000e+00  6.750000e+00  9.826508e-07
 6.750000e+00  7.000000e+00  1.245524e-06
 7.000000e+00  7.250000e+00  7.967471e-07
 7.250000e+00  7.500000e+00  4.542563e-07
 7.500000e+00  7.750000e+00  3.306063e-07
 7.750000e+00  8.000000e+00  2.561742e-07
 8.000000e+00  8.250000e+00  1.564743e-07
 8.250000e+00  8.500000e+00  1.036737e-07
 8.500000e+00  8.750000e+00  7.666091e-08
 8.750000e+00  9.000000e+00  2.797393e-08
 9.000000e+00  9.250000e+00  7.790042e-08
 9.250000e+00  9.500000e+00  1.220043e-08
 9.500000e+00  9.750000e+00  6.161770e-09
 9.750000e+00  1.000000e+01  1.330926e-08
