 0.000000e+00  2.500000e-01  1.441842e-06
 2.500000e-01  5.000000e-01  4.447745e-06
 5.000000e-01  7.500000e-01  7.400800e-06
 7.500000e-01  1.000000e+00  1.076989e-05
 1.000000e+00  1.250000e+00  1.419019e-05
 1.250000e+00  1.500000e+00  1.869432e-05
 1.500000e+00  1.750000e+00  2.470068e-05
 1.750000e+00  2.000000e+00  3.361713e-05
 2.000000e+00  2.250000e+00  4.828236e-05
 2.250000e+00  2.500000e+00  7.626532e-05
 2.500000e+00  2.750000e+00  1.407424e-04
 2.750000e+00  3.000000e+00  3.761219e-04
 3.000000e+00  3.250000e+00  3.294582e-04
 3.250000e+00  3.500000e+00  2.580482e-04
 3.500000e+00  3.750000e+00  2.176198e-04
 3.750000e+00  4.000000e+00  7.900008e-05
 4.000000e+00  4.250000e+00  4.546592e-05
 4.250000e+00  4.500000e+00  2.900445e-05
 4.500000e+00  4.750000e+00  1.873377e-05
 4.750000e+00  5.000000e+00  1.396173e-05
 5.000000e+00  5.250000e+00  8.484115e-06
 5.250000e+00  5.500000e+00  7.120071e-06
 5.500000e+00  5.750000e+00  5.284956e-06
 5.750000e+00  6.000000e+00  3.296370e-06
 6.000000e+00  6.250000e+00  2.831623e-06
 6.250000e+00  6.500000e+00  2.034255e-06
 6.500000e+00  6.750000e+00  1.403868e-06
 6.750000e+00  7.000000e+00  1.163778e-06
 7.000000e+00  7.250000e+00  9.218734e-07
 7.250000e+00  7.500000e+00  3.797808e-07
 7.500000e+00  7.750000e+00  4.567397e-07
 7.750000e+00  8.000000e+00  2.920668e-07
 8.000000e+00  8.250000e+00  2.988953e-07
 8.250000e+00  8.500000e+00  1.293037e-07
 8.500000e+00  8.750000e+00  4.695211e-08
 8.750000e+00  9.000000e+00  5.562675e-08
 9.000000e+00  9.250000e+00 -3.616903e-08
 9.250000e+00  9.500000e+00  6.419467e-08
 9.500000e+00  9.750000e+00  2.423623e-08
 9.750000e+00  1.000000e+01  4.021189e-08
