 0.000000e+00  7.854232e-02  5.162021e-06
 7.854232e-02  1.570846e-01  5.290763e-06
 1.570846e-01  2.356269e-01  5.270738e-06
 2.356269e-01  3.141693e-01  5.300437e-06
 3.141693e-01  3.927116e-01  5.391039e-06
 3.927116e-01  4.712539e-01  5.423374e-06
 4.712539e-01  5.497962e-01  5.576016e-06
 5.497962e-01  6.283385e-01  5.715851e-06
 6.283385e-01  7.068808e-01  5.912498e-06
 7.068808e-01  7.854232e-01  5.989398e-06
 7.854232e-01  8.639655e-01  6.270905e-06
 8.639655e-01  9.425078e-01  6.461700e-06
 9.425078e-01  1.021050e+00  6.813120e-06
 1.021050e+00  1.099592e+00  7.209074e-06
 1.099592e+00  1.178135e+00  7.428469e-06
 1.178135e+00  1.256677e+00  7.811623e-06
 1.256677e+00  1.335219e+00  8.349232e-06
 1.335219e+00  1.413762e+00  9.062699e-06
 1.413762e+00  1.492304e+00  9.734362e-06
 1.492304e+00  1.570846e+00  1.036467e-05
 1.570846e+00  1.649389e+00  1.129004e-05
 1.649389e+00  1.727931e+00  1.229206e-05
 1.727931e+00  1.806473e+00  1.361495e-05
 1.806473e+00  1.885016e+00  1.495304e-05
 1.885016e+00  1.963558e+00  1.674123e-05
 1.963558e+00  2.042100e+00  1.866908e-05
 2.042100e+00  2.120643e+00  2.112599e-05
 2.120643e+00  2.199185e+00  2.428488e-05
 2.199185e+00  2.277727e+00  2.789734e-05
 2.277727e+00  2.356269e+00  3.314606e-05
 2.356269e+00  2.434812e+00  3.957832e-05
 2.434812e+00  2.513354e+00  4.788220e-05
 2.513354e+00  2.591896e+00  5.904507e-05
 2.591896e+00  2.670439e+00  7.584319e-05
 2.670439e+00  2.748981e+00  9.932828e-05
 2.748981e+00  2.827523e+00  1.390956e-04
 2.827523e+00  2.906066e+00  2.075755e-04
 2.906066e+00  2.984608e+00  3.479305e-04
 2.984608e+00  3.063150e+00  7.628009e-04
 3.063150e+00  3.141693e+00 -3.276578e-04
