 0.000000e+00  5.000000e-01 -1.600738e-04
 5.000000e-01  1.000000e+00  7.786561e-04
 1.000000e+00  1.500000e+00  3.586927e-04
 1.500000e+00  2.000000e+00  2.133932e-04
 2.000000e+00  2.500000e+00  1.412628e-04
 2.500000e+00  3.000000e+00  1.002044e-04
 3.000000e+00  3.500000e+00  7.369040e-05
 3.500000e+00  4.000000e+00  5.599936e-05
 4.000000e+00  4.500000e+00  4.297496e-05
 4.500000e+00  5.000000e+00  3.341509e-05
 5.000000e+00  5.500000e+00  2.655204e-05
 5.500000e+00  6.000000e+00  2.111290e-05
 6.000000e+00  6.500000e+00  1.704934e-05
 6.500000e+00  7.000000e+00  1.379917e-05
 7.000000e+00  7.500000e+00  1.112478e-05
 7.500000e+00  8.000000e+00  9.063217e-06
 8.000000e+00  8.500000e+00  7.347536e-06
 8.500000e+00  9.000000e+00  6.019882e-06
 9.000000e+00  9.500000e+00  4.977804e-06
 9.500000e+00  1.000000e+01  4.128489e-06
 1.000000e+01  1.050000e+01  3.433387e-06
 1.050000e+01  1.100000e+01  2.815629e-06
 1.100000e+01  1.150000e+01  2.348733e-06
 1.150000e+01  1.200000e+01  1.937190e-06
 1.200000e+01  1.250000e+01  1.581670e-06
 1.250000e+01  1.300000e+01  1.353704e-06
 1.300000e+01  1.350000e+01  1.118914e-06
 1.350000e+01  1.400000e+01  9.528502e-07
 1.400000e+01  1.450000e+01  8.081924e-07
 1.450000e+01  1.500000e+01  6.489460e-07
 1.500000e+01  1.550000e+01  5.523167e-07
 1.550000e+01  1.600000e+01  4.780439e-07
 1.600000e+01  1.650000e+01  4.009217e-07
 1.650000e+01  1.700000e+01  3.399390e-07
 1.700000e+01  1.750000e+01  2.801846e-07
 1.750000e+01  1.800000e+01  2.389257e-07
 1.800000e+01  1.850000e+01  2.059960e-07
 1.850000e+01  1.900000e+01  1.719188e-07
 1.900000e+01  1.950000e+01  1.489510e-07
 1.950000e+01  2.000000e+01  1.204389e-07
