 0.000000e+00  7.854232e-02  1.371694e-03
 7.854232e-02  1.570846e-01  1.376461e-03
 1.570846e-01  2.356269e-01  1.377977e-03
 2.356269e-01  3.141693e-01  1.391943e-03
 3.141693e-01  3.927116e-01  1.419003e-03
 3.927116e-01  4.712539e-01  1.438781e-03
 4.712539e-01  5.497962e-01  1.454478e-03
 5.497962e-01  6.283385e-01  1.502130e-03
 6.283385e-01  7.068808e-01  1.505600e-03
 7.068808e-01  7.854232e-01  1.549582e-03
 7.854232e-01  8.639655e-01  1.600045e-03
 8.639655e-01  9.425078e-01  1.653491e-03
 9.425078e-01  1.021050e+00  1.727353e-03
 1.021050e+00  1.099592e+00  1.796465e-03
 1.099592e+00  1.178135e+00  1.881026e-03
 1.178135e+00  1.256677e+00  1.985297e-03
 1.256677e+00  1.335219e+00  2.087783e-03
 1.335219e+00  1.413762e+00  2.222703e-03
 1.413762e+00  1.492304e+00  2.338841e-03
 1.492304e+00  1.570846e+00  2.454818e-03
 1.570846e+00  1.649389e+00  2.707871e-03
 1.649389e+00  1.727931e+00  2.891906e-03
 1.727931e+00  1.806473e+00  3.171193e-03
 1.806473e+00  1.885016e+00  3.447598e-03
 1.885016e+00  1.963558e+00  3.806483e-03
 1.963558e+00  2.042100e+00  4.186512e-03
 2.042100e+00  2.120643e+00  4.596121e-03
 2.120643e+00  2.199185e+00  5.170879e-03
 2.199185e+00  2.277727e+00  5.809599e-03
 2.277727e+00  2.356269e+00  6.764983e-03
 2.356269e+00  2.434812e+00  7.903749e-03
 2.434812e+00  2.513354e+00  9.475496e-03
 2.513354e+00  2.591896e+00  1.149095e-02
 2.591896e+00  2.670439e+00  1.413487e-02
 2.670439e+00  2.748981e+00  1.779055e-02
 2.748981e+00  2.827523e+00  2.402892e-02
 2.827523e+00  2.906066e+00  3.419109e-02
 2.906066e+00  2.984608e+00  5.527864e-02
 2.984608e+00  3.063150e+00  1.114215e-01
 3.063150e+00  3.141693e+00 -2.143967e-01
