 0.000000e+00  5.000000e-01 -6.456121e-02
 5.000000e-01  1.000000e+00  8.279426e-02
 1.000000e+00  1.500000e+00  3.783767e-02
 1.500000e+00  2.000000e+00  2.163340e-02
 2.000000e+00  2.500000e+00  1.400642e-02
 2.500000e+00  3.000000e+00  8.924005e-03
 3.000000e+00  3.500000e+00  6.118691e-03
 3.500000e+00  4.000000e+00  4.247897e-03
 4.000000e+00  4.500000e+00  3.026930e-03
 4.500000e+00  5.000000e+00  2.210588e-03
 5.000000e+00  5.500000e+00  1.622863e-03
 5.500000e+00  6.000000e+00  1.216847e-03
 6.000000e+00  6.500000e+00  9.198775e-04
 6.500000e+00  7.000000e+00  6.989882e-04
 7.000000e+00  7.500000e+00  5.347674e-04
 7.500000e+00  8.000000e+00  4.196536e-04
 8.000000e+00  8.500000e+00  3.317863e-04
 8.500000e+00  9.000000e+00  2.706364e-04
 9.000000e+00  9.500000e+00  2.137643e-04
 9.500000e+00  1.000000e+01  1.714081e-04
 1.000000e+01  1.050000e+01  1.380707e-04
 1.050000e+01  1.100000e+01  1.110199e-04
 1.100000e+01  1.150000e+01  9.066814e-05
 1.150000e+01  1.200000e+01  7.665015e-05
 1.200000e+01  1.250000e+01  6.279546e-05
 1.250000e+01  1.300000e+01  5.246284e-05
 1.300000e+01  1.350000e+01  4.357616e-05
 1.350000e+01  1.400000e+01  3.639625e-05
 1.400000e+01  1.450000e+01  3.141459e-05
 1.450000e+01  1.500000e+01  2.585340e-05
 1.500000e+01  1.550000e+01  2.182955e-05
 1.550000e+01  1.600000e+01  1.916078e-05
 1.600000e+01  1.650000e+01  1.627948e-05
 1.650000e+01  1.700000e+01  1.360884e-05
 1.700000e+01  1.750000e+01  1.215714e-05
 1.750000e+01  1.800000e+01  1.007167e-05
 1.800000e+01  1.850000e+01  9.173961e-06
 1.850000e+01  1.900000e+01  7.737658e-06
 1.900000e+01  1.950000e+01  6.645255e-06
 1.950000e+01  2.000000e+01  5.857922e-06
