 0.000000e+00  2.500000e-01  1.007942e-04
 2.500000e-01  5.000000e-01  2.498586e-04
 5.000000e-01  7.500000e-01  4.497628e-04
 7.500000e-01  1.000000e+00  6.143726e-04
 1.000000e+00  1.250000e+00  8.595498e-04
 1.250000e+00  1.500000e+00  1.078579e-03
 1.500000e+00  1.750000e+00  1.426984e-03
 1.750000e+00  2.000000e+00  1.897892e-03
 2.000000e+00  2.250000e+00  2.798353e-03
 2.250000e+00  2.500000e+00  3.884974e-03
 2.500000e+00  2.750000e+00  6.700199e-03
 2.750000e+00  3.000000e+00  1.522624e-02
 3.000000e+00  3.250000e+00  6.883640e-03
 3.250000e+00  3.500000e+00 -6.586367e-04
 3.500000e+00  3.750000e+00  7.648642e-03
 3.750000e+00  4.000000e+00  3.291318e-03
 4.000000e+00  4.250000e+00  1.795776e-03
 4.250000e+00  4.500000e+00  1.227122e-03
 4.500000e+00  4.750000e+00  1.100147e-03
 4.750000e+00  5.000000e+00  1.463770e-03
 5.000000e+00  5.250000e+00  5.453830e-05
 5.250000e+00  5.500000e+00  8.407775e-04
 5.500000e+00  5.750000e+00  2.316156e-04
 5.750000e+00  6.000000e+00  5.001213e-04
 6.000000e+00  6.250000e+00  3.179461e-04
 6.250000e+00  6.500000e+00  2.411006e-04
 6.500000e+00  6.750000e+00  1.681227e-04
 6.750000e+00  7.000000e+00  1.206274e-04
 7.000000e+00  7.250000e+00  9.997159e-05
 7.250000e+00  7.500000e+00  6.831542e-05
 7.500000e+00  7.750000e+00  5.866566e-05
 7.750000e+00  8.000000e+00  5.003802e-05
 8.000000e+00  8.250000e+00  3.729471e-06
 8.250000e+00  8.500000e+00  2.172251e-05
 8.500000e+00  8.750000e+00  1.554473e-05
 8.750000e+00  9.000000e+00  3.057247e-06
 9.000000e+00  9.250000e+00  6.774049e-06
 9.250000e+00  9.500000e+00  1.183150e-05
 9.500000e+00  9.750000e+00  2.410842e-06
 9.750000e+00  1.000000e+01  2.891253e-06
