 0.000000e+00  5.000000e-01 -1.258696e-01
 5.000000e-01  1.000000e+00  1.342170e-01
 1.000000e+00  1.500000e+00  6.299514e-02
 1.500000e+00  2.000000e+00  3.685669e-02
 2.000000e+00  2.500000e+00  2.403457e-02
 2.500000e+00  3.000000e+00  1.664324e-02
 3.000000e+00  3.500000e+00  1.200335e-02
 3.500000e+00  4.000000e+00  8.805921e-03
 4.000000e+00  4.500000e+00  6.698910e-03
 4.500000e+00  5.000000e+00  5.174992e-03
 5.000000e+00  5.500000e+00  3.974470e-03
 5.500000e+00  6.000000e+00  3.100847e-03
 6.000000e+00  6.500000e+00  2.470415e-03
 6.500000e+00  7.000000e+00  2.018345e-03
 7.000000e+00  7.500000e+00  1.622219e-03
 7.500000e+00  8.000000e+00  1.335446e-03
 8.000000e+00  8.500000e+00  1.075677e-03
 8.500000e+00  9.000000e+00  9.017663e-04
 9.000000e+00  9.500000e+00  7.246121e-04
 9.500000e+00  1.000000e+01  6.125712e-04
 1.000000e+01  1.050000e+01  5.207883e-04
 1.050000e+01  1.100000e+01  4.325092e-04
 1.100000e+01  1.150000e+01  3.668742e-04
 1.150000e+01  1.200000e+01  3.133463e-04
 1.200000e+01  1.250000e+01  2.684075e-04
 1.250000e+01  1.300000e+01  2.290719e-04
 1.300000e+01  1.350000e+01  1.975036e-04
 1.350000e+01  1.400000e+01  1.654946e-04
 1.400000e+01  1.450000e+01  1.495740e-04
 1.450000e+01  1.500000e+01  1.246918e-04
 1.500000e+01  1.550000e+01  1.113389e-04
 1.550000e+01  1.600000e+01  9.890136e-05
 1.600000e+01  1.650000e+01  8.332207e-05
 1.650000e+01  1.700000e+01  7.527663e-05
 1.700000e+01  1.750000e+01  6.444800e-05
 1.750000e+01  1.800000e+01  5.722622e-05
 1.800000e+01  1.850000e+01  4.969770e-05
 1.850000e+01  1.900000e+01  4.642773e-05
 1.900000e+01  1.950000e+01  4.007131e-05
 1.950000e+01  2.000000e+01  3.558669e-05
