 0.000000e+00  7.854232e-02  3.653656e-04
 7.854232e-02  1.570846e-01  3.692430e-04
 1.570846e-01  2.356269e-01  4.705218e-04
 2.356269e-01  3.141693e-01  3.725621e-04
 3.141693e-01  3.927116e-01  3.793446e-04
 3.927116e-01  4.712539e-01  3.920602e-04
 4.712539e-01  5.497962e-01  3.926139e-04
 5.497962e-01  6.283385e-01  4.055695e-04
 6.283385e-01  7.068808e-01  4.250356e-04
 7.068808e-01  7.854232e-01  4.144465e-04
 7.854232e-01  8.639655e-01  4.517432e-04
 8.639655e-01  9.425078e-01  4.495887e-04
 9.425078e-01  1.021050e+00  5.317353e-04
 1.021050e+00  1.099592e+00  4.888507e-04
 1.099592e+00  1.178135e+00  5.346432e-04
 1.178135e+00  1.256677e+00  6.102412e-04
 1.256677e+00  1.335219e+00  5.770942e-04
 1.335219e+00  1.413762e+00  6.080647e-04
 1.413762e+00  1.492304e+00  6.529672e-04
 1.492304e+00  1.570846e+00  6.969896e-04
 1.570846e+00  1.649389e+00  7.508743e-04
 1.649389e+00  1.727931e+00  8.368874e-04
 1.727931e+00  1.806473e+00  9.112400e-04
 1.806473e+00  1.885016e+00  1.007278e-03
 1.885016e+00  1.963558e+00  1.099312e-03
 1.963558e+00  2.042100e+00  1.201824e-03
 2.042100e+00  2.120643e+00  1.367856e-03
 2.120643e+00  2.199185e+00  1.534131e-03
 2.199185e+00  2.277727e+00  1.788105e-03
 2.277727e+00  2.356269e+00  2.159566e-03
 2.356269e+00  2.434812e+00  2.582413e-03
 2.434812e+00  2.513354e+00  2.967983e-03
 2.513354e+00  2.591896e+00  3.509491e-03
 2.591896e+00  2.670439e+00  4.389693e-03
 2.670439e+00  2.748981e+00  5.881592e-03
 2.748981e+00  2.827523e+00  7.691300e-03
 2.827523e+00  2.906066e+00  1.150379e-02
 2.906066e+00  2.984608e+00  1.886400e-02
 2.984608e+00  3.063150e+00  3.984155e-02
 3.063150e+00  3.141693e+00 -5.862126e-02
