 0.000000e+00  2.500000e-01  0.000000e+00
 2.500000e-01  5.000000e-01  0.000000e+00
 5.000000e-01  7.500000e-01  0.000000e+00
 7.500000e-01  1.000000e+00  0.000000e+00
 1.000000e+00  1.250000e+00  0.000000e+00
 1.250000e+00  1.500000e+00  0.000000e+00
 1.500000e+00  1.750000e+00  0.000000e+00
 1.750000e+00  2.000000e+00  0.000000e+00
 2.000000e+00  2.250000e+00  0.000000e+00
 2.250000e+00  2.500000e+00  0.000000e+00
 2.500000e+00  2.750000e+00  0.000000e+00
 2.750000e+00  3.000000e+00  0.000000e+00
 3.000000e+00  3.250000e+00  4.843894e-03
 3.250000e+00  3.500000e+00  2.573550e-02
 3.500000e+00  3.750000e+00  3.031369e-02
 3.750000e+00  4.000000e+00  1.590533e-02
 4.000000e+00  4.250000e+00  9.722745e-03
 4.250000e+00  4.500000e+00  6.125920e-03
 4.500000e+00  4.750000e+00  3.941553e-03
 4.750000e+00  5.000000e+00  2.549127e-03
 5.000000e+00  5.250000e+00  1.678014e-03
 5.250000e+00  5.500000e+00  1.123936e-03
 5.500000e+00  5.750000e+00  8.016112e-04
 5.750000e+00  6.000000e+00  5.815756e-04
 6.000000e+00  6.250000e+00  4.335644e-04
 6.250000e+00  6.500000e+00  3.266246e-04
 6.500000e+00  6.750000e+00  2.474506e-04
 6.750000e+00  7.000000e+00  1.956721e-04
 7.000000e+00  7.250000e+00  1.528103e-04
 7.250000e+00  7.500000e+00  1.229130e-04
 7.500000e+00  7.750000e+00  9.377932e-05
 7.750000e+00  8.000000e+00  7.879987e-05
 8.000000e+00  8.250000e+00  5.888834e-05
 8.250000e+00  8.500000e+00  4.824363e-05
 8.500000e+00  8.750000e+00  3.771257e-05
 8.750000e+00  9.000000e+00  2.771561e-05
 9.000000e+00  9.250000e+00  2.077062e-05
 9.250000e+00  9.500000e+00  1.569851e-05
 9.500000e+00  9.750000e+00  1.090586e-05
 9.750000e+00  1.000000e+01  1.014770e-05
