 0.000000e+00  2.500000e-01  2.639384e-04
 2.500000e-01  5.000000e-01  7.884237e-04
 5.000000e-01  7.500000e-01  1.357205e-03
 7.500000e-01  1.000000e+00  1.943309e-03
 1.000000e+00  1.250000e+00  2.617943e-03
 1.250000e+00  1.500000e+00  3.461888e-03
 1.500000e+00  1.750000e+00  4.496597e-03
 1.750000e+00  2.000000e+00  5.961954e-03
 2.000000e+00  2.250000e+00  8.013142e-03
 2.250000e+00  2.500000e+00  1.142145e-02
 2.500000e+00  2.750000e+00  1.822778e-02
 2.750000e+00  3.000000e+00  3.785167e-02
 3.000000e+00  3.250000e+00  1.710042e-02
 3.250000e+00  3.500000e+00 -8.195685e-03
 3.500000e+00  3.750000e+00  1.557463e-02
 3.750000e+00  4.000000e+00  6.894036e-03
 4.000000e+00  4.250000e+00  3.888050e-03
 4.250000e+00  4.500000e+00  2.845146e-03
 4.500000e+00  4.750000e+00  2.222309e-03
 4.750000e+00  5.000000e+00  1.955330e-03
 5.000000e+00  5.250000e+00  1.735177e-03
 5.250000e+00  5.500000e+00  1.556841e-03
 5.500000e+00  5.750000e+00  1.273375e-03
 5.750000e+00  6.000000e+00  1.029910e-03
 6.000000e+00  6.250000e+00  8.792447e-04
 6.250000e+00  6.500000e+00  7.259249e-04
 6.500000e+00  6.750000e+00  5.839455e-04
 6.750000e+00  7.000000e+00  4.651090e-04
 7.000000e+00  7.250000e+00  3.368051e-04
 7.250000e+00  7.500000e+00  2.707458e-04
 7.500000e+00  7.750000e+00  2.203636e-04
 7.750000e+00  8.000000e+00  1.723248e-04
 8.000000e+00  8.250000e+00  1.172401e-04
 8.250000e+00  8.500000e+00  9.506954e-05
 8.500000e+00  8.750000e+00  1.079241e-04
 8.750000e+00  9.000000e+00  1.273944e-05
 9.000000e+00  9.250000e+00  3.529443e-05
 9.250000e+00  9.500000e+00  2.259368e-05
 9.500000e+00  9.750000e+00  2.265723e-05
 9.750000e+00  1.000000e+01  1.740255e-05
