 0.000000e+00  2.500000e-01  0.000000e+00
 2.500000e-01  5.000000e-01  0.000000e+00
 5.000000e-01  7.500000e-01  0.000000e+00
 7.500000e-01  1.000000e+00  0.000000e+00
 1.000000e+00  1.250000e+00  0.000000e+00
 1.250000e+00  1.500000e+00  0.000000e+00
 1.500000e+00  1.750000e+00  0.000000e+00
 1.750000e+00  2.000000e+00  0.000000e+00
 2.000000e+00  2.250000e+00  0.000000e+00
 2.250000e+00  2.500000e+00  0.000000e+00
 2.500000e+00  2.750000e+00  0.000000e+00
 2.750000e+00  3.000000e+00  0.000000e+00
 3.000000e+00  3.250000e+00  3.689946e-03
 3.250000e+00  3.500000e+00  2.596939e-02
 3.500000e+00  3.750000e+00  5.139295e-02
 3.750000e+00  4.000000e+00  3.713574e-02
 4.000000e+00  4.250000e+00  2.777893e-02
 4.250000e+00  4.500000e+00  2.109515e-02
 4.500000e+00  4.750000e+00  1.564118e-02
 4.750000e+00  5.000000e+00  1.140834e-02
 5.000000e+00  5.250000e+00  8.167602e-03
 5.250000e+00  5.500000e+00  5.773005e-03
 5.500000e+00  5.750000e+00  4.060963e-03
 5.750000e+00  6.000000e+00  2.891443e-03
 6.000000e+00  6.250000e+00  2.087864e-03
 6.250000e+00  6.500000e+00  1.587815e-03
 6.500000e+00  6.750000e+00  1.208558e-03
 6.750000e+00  7.000000e+00  9.317100e-04
 7.000000e+00  7.250000e+00  7.459003e-04
 7.250000e+00  7.500000e+00  5.737939e-04
 7.500000e+00  7.750000e+00  4.606651e-04
 7.750000e+00  8.000000e+00  3.691851e-04
 8.000000e+00  8.250000e+00  2.966848e-04
 8.250000e+00  8.500000e+00  2.348496e-04
 8.500000e+00  8.750000e+00  1.965769e-04
 8.750000e+00  9.000000e+00  1.473109e-04
 9.000000e+00  9.250000e+00  1.253422e-04
 9.250000e+00  9.500000e+00  9.709485e-05
 9.500000e+00  9.750000e+00  7.926973e-05
 9.750000e+00  1.000000e+01  4.746158e-05
