 0.000000e+00  2.500000e-01  0.000000e+00
 2.500000e-01  5.000000e-01  0.000000e+00
 5.000000e-01  7.500000e-01  0.000000e+00
 7.500000e-01  1.000000e+00  0.000000e+00
 1.000000e+00  1.250000e+00  0.000000e+00
 1.250000e+00  1.500000e+00  0.000000e+00
 1.500000e+00  1.750000e+00  0.000000e+00
 1.750000e+00  2.000000e+00  0.000000e+00
 2.000000e+00  2.250000e+00  0.000000e+00
 2.250000e+00  2.500000e+00  0.000000e+00
 2.500000e+00  2.750000e+00  0.000000e+00
 2.750000e+00  3.000000e+00  0.000000e+00
 3.000000e+00  3.250000e+00  3.322561e-03
 3.250000e+00  3.500000e+00  1.706750e-02
 3.500000e+00  3.750000e+00  1.878025e-02
 3.750000e+00  4.000000e+00  9.500220e-03
 4.000000e+00  4.250000e+00  5.593526e-03
 4.250000e+00  4.500000e+00  3.436222e-03
 4.500000e+00  4.750000e+00  2.161217e-03
 4.750000e+00  5.000000e+00  1.408045e-03
 5.000000e+00  5.250000e+00  9.560555e-04
 5.250000e+00  5.500000e+00  6.700100e-04
 5.500000e+00  5.750000e+00  4.897943e-04
 5.750000e+00  6.000000e+00  3.645565e-04
 6.000000e+00  6.250000e+00  2.781168e-04
 6.250000e+00  6.500000e+00  2.130491e-04
 6.500000e+00  6.750000e+00  1.644685e-04
 6.750000e+00  7.000000e+00  1.267213e-04
 7.000000e+00  7.250000e+00  9.447557e-05
 7.250000e+00  7.500000e+00  7.389076e-05
 7.500000e+00  7.750000e+00  5.680134e-05
 7.750000e+00  8.000000e+00  4.329813e-05
 8.000000e+00  8.250000e+00  3.455098e-05
 8.250000e+00  8.500000e+00  2.831299e-05
 8.500000e+00  8.750000e+00  2.127877e-05
 8.750000e+00  9.000000e+00  1.903785e-05
 9.000000e+00  9.250000e+00  1.320486e-05
 9.250000e+00  9.500000e+00  1.049622e-05
 9.500000e+00  9.750000e+00  7.409672e-06
 9.750000e+00  1.000000e+01  6.515537e-06
