 0.000000e+00  2.500000e-01  1.395330e-04
 2.500000e-01  5.000000e-01  4.096348e-04
 5.000000e-01  7.500000e-01  7.164073e-04
 7.500000e-01  1.000000e+00  1.015909e-03
 1.000000e+00  1.250000e+00  1.496377e-03
 1.250000e+00  1.500000e+00  1.808240e-03
 1.500000e+00  1.750000e+00  2.370367e-03
 1.750000e+00  2.000000e+00  3.125182e-03
 2.000000e+00  2.250000e+00  4.318913e-03
 2.250000e+00  2.500000e+00  6.340715e-03
 2.500000e+00  2.750000e+00  1.063865e-02
 2.750000e+00  3.000000e+00  2.409004e-02
 3.000000e+00  3.250000e+00  8.360751e-03
 3.250000e+00  3.500000e+00 -4.939542e-03
 3.500000e+00  3.750000e+00  7.157588e-03
 3.750000e+00  4.000000e+00  2.435760e-03
 4.000000e+00  4.250000e+00  1.550329e-03
 4.250000e+00  4.500000e+00  1.154479e-03
 4.500000e+00  4.750000e+00  1.029980e-03
 4.750000e+00  5.000000e+00  8.255464e-04
 5.000000e+00  5.250000e+00  7.302328e-04
 5.250000e+00  5.500000e+00  5.366056e-04
 5.500000e+00  5.750000e+00  4.832621e-04
 5.750000e+00  6.000000e+00  4.119056e-04
 6.000000e+00  6.250000e+00  2.671928e-04
 6.250000e+00  6.500000e+00  2.073504e-04
 6.500000e+00  6.750000e+00  1.805978e-04
 6.750000e+00  7.000000e+00  1.547397e-04
 7.000000e+00  7.250000e+00  1.015831e-04
 7.250000e+00  7.500000e+00  7.927549e-05
 7.500000e+00  7.750000e+00  7.923681e-05
 7.750000e+00  8.000000e+00  3.562255e-05
 8.000000e+00  8.250000e+00  3.059239e-05
 8.250000e+00  8.500000e+00  2.963471e-05
 8.500000e+00  8.750000e+00  1.348179e-05
 8.750000e+00  9.000000e+00  1.754735e-05
 9.000000e+00  9.250000e+00  6.115920e-06
 9.250000e+00  9.500000e+00  3.684131e-06
 9.500000e+00  9.750000e+00  5.457549e-06
 9.750000e+00  1.000000e+01  3.749926e-06
