 0.000000e+00  7.854232e-02  1.199240e-03
 7.854232e-02  1.570846e-01  1.195639e-03
 1.570846e-01  2.356269e-01  1.207364e-03
 2.356269e-01  3.141693e-01  1.245505e-03
 3.141693e-01  3.927116e-01  1.247407e-03
 3.927116e-01  4.712539e-01  1.263585e-03
 4.712539e-01  5.497962e-01  1.288412e-03
 5.497962e-01  6.283385e-01  1.302967e-03
 6.283385e-01  7.068808e-01  1.345106e-03
 7.068808e-01  7.854232e-01  1.373721e-03
 7.854232e-01  8.639655e-01  1.424405e-03
 8.639655e-01  9.425078e-01  1.477038e-03
 9.425078e-01  1.021050e+00  1.518328e-03
 1.021050e+00  1.099592e+00  1.569646e-03
 1.099592e+00  1.178135e+00  1.650067e-03
 1.178135e+00  1.256677e+00  1.743136e-03
 1.256677e+00  1.335219e+00  1.923367e-03
 1.335219e+00  1.413762e+00  1.932845e-03
 1.413762e+00  1.492304e+00  2.068076e-03
 1.492304e+00  1.570846e+00  2.203405e-03
 1.570846e+00  1.649389e+00  2.363257e-03
 1.649389e+00  1.727931e+00  2.551662e-03
 1.727931e+00  1.806473e+00  2.751432e-03
 1.806473e+00  1.885016e+00  3.039369e-03
 1.885016e+00  1.963558e+00  3.326783e-03
 1.963558e+00  2.042100e+00  3.722706e-03
 2.042100e+00  2.120643e+00  4.144398e-03
 2.120643e+00  2.199185e+00  4.694191e-03
 2.199185e+00  2.277727e+00  5.266875e-03
 2.277727e+00  2.356269e+00  6.098108e-03
 2.356269e+00  2.434812e+00  7.089124e-03
 2.434812e+00  2.513354e+00  8.419813e-03
 2.513354e+00  2.591896e+00  1.012834e-02
 2.591896e+00  2.670439e+00  1.260208e-02
 2.670439e+00  2.748981e+00  1.619579e-02
 2.748981e+00  2.827523e+00  2.166034e-02
 2.827523e+00  2.906066e+00  3.080028e-02
 2.906066e+00  2.984608e+00  4.930649e-02
 2.984608e+00  3.063150e+00  9.908027e-02
 3.063150e+00  3.141693e+00 -2.003402e-01
