 0.000000e+00  2.500000e-01  3.470768e-08
 2.500000e-01  5.000000e-01  1.096512e-07
 5.000000e-01  7.500000e-01  1.992654e-07
 7.500000e-01  1.000000e+00  3.124560e-07
 1.000000e+00  1.250000e+00  4.615604e-07
 1.250000e+00  1.500000e+00  6.736357e-07
 1.500000e+00  1.750000e+00  9.858506e-07
 1.750000e+00  2.000000e+00  1.485004e-06
 2.000000e+00  2.250000e+00  2.380530e-06
 2.250000e+00  2.500000e+00  4.282373e-06
 2.500000e+00  2.750000e+00  9.117418e-06
 2.750000e+00  3.000000e+00  2.874238e-05
 3.000000e+00  3.250000e+00  2.346879e-05
 3.250000e+00  3.500000e+00  3.145322e-05
 3.500000e+00  3.750000e+00  1.317857e-05
 3.750000e+00  4.000000e+00  2.390647e-06
 4.000000e+00  4.250000e+00  9.767455e-07
 4.250000e+00  4.500000e+00  4.601115e-07
 4.500000e+00  4.750000e+00  2.750783e-07
 4.750000e+00  5.000000e+00  1.673768e-07
 5.000000e+00  5.250000e+00  9.116869e-08
 5.250000e+00  5.500000e+00  6.053221e-08
 5.500000e+00  5.750000e+00  3.874183e-08
 5.750000e+00  6.000000e+00  2.628129e-08
 6.000000e+00  6.250000e+00  1.767930e-08
 6.250000e+00  6.500000e+00  1.113003e-08
 6.500000e+00  6.750000e+00  7.216074e-09
 6.750000e+00  7.000000e+00  4.801244e-09
 7.000000e+00  7.250000e+00  3.189412e-09
 7.250000e+00  7.500000e+00  2.363959e-09
 7.500000e+00  7.750000e+00  1.472293e-09
 7.750000e+00  8.000000e+00  8.219353e-10
 8.000000e+00  8.250000e+00  4.648674e-10
 8.250000e+00  8.500000e+00  3.366275e-10
 8.500000e+00  8.750000e+00  2.535701e-10
 8.750000e+00  9.000000e+00  1.338280e-10
 9.000000e+00  9.250000e+00  2.068351e-10
 9.250000e+00  9.500000e+00  4.562730e-11
 9.500000e+00  9.750000e+00  1.761515e-11
 9.750000e+00  1.000000e+01  2.706889e-11
