 0.000000e+00  7.854232e-02  1.839325e-07
 7.854232e-02  1.570846e-01  1.875343e-07
 1.570846e-01  2.356269e-01  1.908142e-07
 2.356269e-01  3.141693e-01  1.892297e-07
 3.141693e-01  3.927116e-01  1.920293e-07
 3.927116e-01  4.712539e-01  1.952722e-07
 4.712539e-01  5.497962e-01  2.015198e-07
 5.497962e-01  6.283385e-01  2.068168e-07
 6.283385e-01  7.068808e-01  2.125692e-07
 7.068808e-01  7.854232e-01  2.272714e-07
 7.854232e-01  8.639655e-01  2.305939e-07
 8.639655e-01  9.425078e-01  2.426001e-07
 9.425078e-01  1.021050e+00  2.577785e-07
 1.021050e+00  1.099592e+00  2.711356e-07
 1.099592e+00  1.178135e+00  2.888246e-07
 1.178135e+00  1.256677e+00  3.107922e-07
 1.256677e+00  1.335219e+00  3.362861e-07
 1.335219e+00  1.413762e+00  3.672757e-07
 1.413762e+00  1.492304e+00  3.970054e-07
 1.492304e+00  1.570846e+00  4.292707e-07
 1.570846e+00  1.649389e+00  4.800308e-07
 1.649389e+00  1.727931e+00  5.352531e-07
 1.727931e+00  1.806473e+00  5.916872e-07
 1.806473e+00  1.885016e+00  6.652111e-07
 1.885016e+00  1.963558e+00  7.541437e-07
 1.963558e+00  2.042100e+00  8.610957e-07
 2.042100e+00  2.120643e+00  1.019023e-06
 2.120643e+00  2.199185e+00  1.182220e-06
 2.199185e+00  2.277727e+00  1.390031e-06
 2.277727e+00  2.356269e+00  1.665851e-06
 2.356269e+00  2.434812e+00  2.042940e-06
 2.434812e+00  2.513354e+00  2.554561e-06
 2.513354e+00  2.591896e+00  3.213064e-06
 2.591896e+00  2.670439e+00  4.206467e-06
 2.670439e+00  2.748981e+00  5.633703e-06
 2.748981e+00  2.827523e+00  7.960546e-06
 2.827523e+00  2.906066e+00  1.197199e-05
 2.906066e+00  2.984608e+00  2.028140e-05
 2.984608e+00  3.063150e+00  4.411097e-05
 3.063150e+00  3.141693e+00  5.134234e-06
