 0.000000e+00  2.500000e-01  1.461462e-08
 2.500000e-01  5.000000e-01  4.458812e-08
 5.000000e-01  7.500000e-01  7.896343e-08
 7.500000e-01  1.000000e+00  1.228759e-07
 1.000000e+00  1.250000e+00  1.789327e-07
 1.250000e+00  1.500000e+00  2.559518e-07
 1.500000e+00  1.750000e+00  3.727454e-07
 1.750000e+00  2.000000e+00  5.584385e-07
 2.000000e+00  2.250000e+00  9.089058e-07
 2.250000e+00  2.500000e+00  1.647407e-06
 2.500000e+00  2.750000e+00  3.567014e-06
 2.750000e+00  3.000000e+00  1.149678e-05
 3.000000e+00  3.250000e+00  1.507213e-05
 3.250000e+00  3.500000e+00  1.699882e-05
 3.500000e+00  3.750000e+00  6.967199e-06
 3.750000e+00  4.000000e+00  1.362434e-06
 4.000000e+00  4.250000e+00  5.329888e-07
 4.250000e+00  4.500000e+00  2.631718e-07
 4.500000e+00  4.750000e+00  1.519242e-07
 4.750000e+00  5.000000e+00  8.766344e-08
 5.000000e+00  5.250000e+00  5.419245e-08
 5.250000e+00  5.500000e+00  3.509668e-08
 5.500000e+00  5.750000e+00  2.418280e-08
 5.750000e+00  6.000000e+00  1.465126e-08
 6.000000e+00  6.250000e+00  9.794963e-09
 6.250000e+00  6.500000e+00  5.888179e-09
 6.500000e+00  6.750000e+00  4.323355e-09
 6.750000e+00  7.000000e+00  3.076547e-09
 7.000000e+00  7.250000e+00  1.753102e-09
 7.250000e+00  7.500000e+00  1.288131e-09
 7.500000e+00  7.750000e+00  7.569850e-10
 7.750000e+00  8.000000e+00  4.976955e-10
 8.000000e+00  8.250000e+00  2.740314e-10
 8.250000e+00  8.500000e+00  2.347098e-10
 8.500000e+00  8.750000e+00  1.546498e-10
 8.750000e+00  9.000000e+00  9.519592e-11
 9.000000e+00  9.250000e+00  5.385867e-11
 9.250000e+00  9.500000e+00  4.030853e-11
 9.500000e+00  9.750000e+00  1.861103e-11
 9.750000e+00  1.000000e+01  1.503764e-11
