 0.000000e+00  5.000000e-01 -3.570267e-06
 5.000000e-01  1.000000e+00  2.336828e-05
 1.000000e+00  1.500000e+00  1.168960e-05
 1.500000e+00  2.000000e+00  7.125442e-06
 2.000000e+00  2.500000e+00  4.723740e-06
 2.500000e+00  3.000000e+00  3.308353e-06
 3.000000e+00  3.500000e+00  2.428377e-06
 3.500000e+00  4.000000e+00  1.834563e-06
 4.000000e+00  4.500000e+00  1.402505e-06
 4.500000e+00  5.000000e+00  1.081829e-06
 5.000000e+00  5.500000e+00  8.594949e-07
 5.500000e+00  6.000000e+00  6.773426e-07
 6.000000e+00  6.500000e+00  5.411980e-07
 6.500000e+00  7.000000e+00  4.395631e-07
 7.000000e+00  7.500000e+00  3.489679e-07
 7.500000e+00  8.000000e+00  2.814436e-07
 8.000000e+00  8.500000e+00  2.263503e-07
 8.500000e+00  9.000000e+00  1.870314e-07
 9.000000e+00  9.500000e+00  1.503786e-07
 9.500000e+00  1.000000e+01  1.254904e-07
 1.000000e+01  1.050000e+01  1.010167e-07
 1.050000e+01  1.100000e+01  8.262592e-08
 1.100000e+01  1.150000e+01  6.685210e-08
 1.150000e+01  1.200000e+01  5.532063e-08
 1.200000e+01  1.250000e+01  4.778065e-08
 1.250000e+01  1.300000e+01  3.893659e-08
 1.300000e+01  1.350000e+01  3.204730e-08
 1.350000e+01  1.400000e+01  2.582553e-08
 1.400000e+01  1.450000e+01  2.133267e-08
 1.450000e+01  1.500000e+01  1.794827e-08
 1.500000e+01  1.550000e+01  1.504456e-08
 1.550000e+01  1.600000e+01  1.227798e-08
 1.600000e+01  1.650000e+01  1.040554e-08
 1.650000e+01  1.700000e+01  8.378780e-09
 1.700000e+01  1.750000e+01  7.268764e-09
 1.750000e+01  1.800000e+01  6.010315e-09
 1.800000e+01  1.850000e+01  5.449330e-09
 1.850000e+01  1.900000e+01  3.879825e-09
 1.900000e+01  1.950000e+01  3.397140e-09
 1.950000e+01  2.000000e+01  2.820719e-09
