 0.000000e+00  2.500000e-01  0.000000e+00
 2.500000e-01  5.000000e-01  0.000000e+00
 5.000000e-01  7.500000e-01  0.000000e+00
 7.500000e-01  1.000000e+00  0.000000e+00
 1.000000e+00  1.250000e+00  0.000000e+00
 1.250000e+00  1.500000e+00  0.000000e+00
 1.500000e+00  1.750000e+00  0.000000e+00
 1.750000e+00  2.000000e+00  0.000000e+00
 2.000000e+00  2.250000e+00  0.000000e+00
 2.250000e+00  2.500000e+00  0.000000e+00
 2.500000e+00  2.750000e+00  0.000000e+00
 2.750000e+00  3.000000e+00  0.000000e+00
 3.000000e+00  3.250000e+00  4.925684e-06
 3.250000e+00  3.500000e+00  2.702979e-05
 3.500000e+00  3.750000e+00  8.457215e-06
 3.750000e+00  4.000000e+00  1.218957e-06
 4.000000e+00  4.250000e+00  3.295829e-07
 4.250000e+00  4.500000e+00  1.148968e-07
 4.500000e+00  4.750000e+00  4.670935e-08
 4.750000e+00  5.000000e+00  2.189330e-08
 5.000000e+00  5.250000e+00  9.698324e-09
 5.250000e+00  5.500000e+00  5.218103e-09
 5.500000e+00  5.750000e+00  2.621433e-09
 5.750000e+00  6.000000e+00  1.340738e-09
 6.000000e+00  6.250000e+00  6.963592e-10
 6.250000e+00  6.500000e+00  4.710351e-10
 6.500000e+00  6.750000e+00  2.767765e-10
 6.750000e+00  7.000000e+00  1.409017e-10
 7.000000e+00  7.250000e+00  6.658580e-11
 7.250000e+00  7.500000e+00  5.646884e-11
 7.500000e+00  7.750000e+00  3.061157e-11
 7.750000e+00  8.000000e+00  1.946824e-11
 8.000000e+00  8.250000e+00  6.929248e-12
 8.250000e+00  8.500000e+00  3.675190e-12
 8.500000e+00  8.750000e+00  3.702557e-12
 8.750000e+00  9.000000e+00  9.393522e-13
 9.000000e+00  9.250000e+00  1.078385e-12
 9.250000e+00  9.500000e+00  1.037299e-12
 9.500000e+00  9.750000e+00  2.622399e-13
 9.750000e+00  1.000000e+01  1.581178e-13
