 0.000000e+00  7.854232e-02  3.800966e-06
 7.854232e-02  1.570846e-01  3.810198e-06
 1.570846e-01  2.356269e-01  3.857345e-06
 2.356269e-01  3.141693e-01  3.897674e-06
 3.141693e-01  3.927116e-01  3.932965e-06
 3.927116e-01  4.712539e-01  3.968271e-06
 4.712539e-01  5.497962e-01  4.207448e-06
 5.497962e-01  6.283385e-01  4.245718e-06
 6.283385e-01  7.068808e-01  4.350760e-06
 7.068808e-01  7.854232e-01  4.545474e-06
 7.854232e-01  8.639655e-01  4.817022e-06
 8.639655e-01  9.425078e-01  4.906400e-06
 9.425078e-01  1.021050e+00  5.231712e-06
 1.021050e+00  1.099592e+00  5.504553e-06
 1.099592e+00  1.178135e+00  5.769584e-06
 1.178135e+00  1.256677e+00  6.343042e-06
 1.256677e+00  1.335219e+00  6.675702e-06
 1.335219e+00  1.413762e+00  7.187541e-06
 1.413762e+00  1.492304e+00  7.792482e-06
 1.492304e+00  1.570846e+00  8.425173e-06
 1.570846e+00  1.649389e+00  9.292676e-06
 1.649389e+00  1.727931e+00  1.031797e-05
 1.727931e+00  1.806473e+00  1.158673e-05
 1.806473e+00  1.885016e+00  1.290617e-05
 1.885016e+00  1.963558e+00  1.462695e-05
 1.963558e+00  2.042100e+00  1.660210e-05
 2.042100e+00  2.120643e+00  1.907496e-05
 2.120643e+00  2.199185e+00  2.216350e-05
 2.199185e+00  2.277727e+00  2.598722e-05
 2.277727e+00  2.356269e+00  3.097985e-05
 2.356269e+00  2.434812e+00  3.759143e-05
 2.434812e+00  2.513354e+00  4.551713e-05
 2.513354e+00  2.591896e+00  5.815962e-05
 2.591896e+00  2.670439e+00  7.416714e-05
 2.670439e+00  2.748981e+00  9.982062e-05
 2.748981e+00  2.827523e+00  1.398062e-04
 2.827523e+00  2.906066e+00  2.088096e-04
 2.906066e+00  2.984608e+00  3.529668e-04
 2.984608e+00  3.063150e+00  7.612936e-04
 3.063150e+00  3.141693e+00 -2.322386e-04
