 0.000000e+00  5.000000e-01  8.188466e-06
 5.000000e-01  1.000000e+00  2.079031e-05
 1.000000e+00  1.500000e+00  1.028038e-05
 1.500000e+00  2.000000e+00  6.245926e-06
 2.000000e+00  2.500000e+00  4.107278e-06
 2.500000e+00  3.000000e+00  2.848336e-06
 3.000000e+00  3.500000e+00  2.048933e-06
 3.500000e+00  4.000000e+00  1.500684e-06
 4.000000e+00  4.500000e+00  1.112560e-06
 4.500000e+00  5.000000e+00  8.377022e-07
 5.000000e+00  5.500000e+00  6.425591e-07
 5.500000e+00  6.000000e+00  4.952337e-07
 6.000000e+00  6.500000e+00  3.820703e-07
 6.500000e+00  7.000000e+00  2.961737e-07
 7.000000e+00  7.500000e+00  2.307152e-07
 7.500000e+00  8.000000e+00  1.797402e-07
 8.000000e+00  8.500000e+00  1.408854e-07
 8.500000e+00  9.000000e+00  1.105960e-07
 9.000000e+00  9.500000e+00  8.675219e-08
 9.500000e+00  1.000000e+01  6.955794e-08
 1.000000e+01  1.050000e+01  5.359978e-08
 1.050000e+01  1.100000e+01  4.133239e-08
 1.100000e+01  1.150000e+01  3.292795e-08
 1.150000e+01  1.200000e+01  2.558338e-08
 1.200000e+01  1.250000e+01  1.999298e-08
 1.250000e+01  1.300000e+01  1.599764e-08
 1.300000e+01  1.350000e+01  1.247020e-08
 1.350000e+01  1.400000e+01  9.862078e-09
 1.400000e+01  1.450000e+01  7.574804e-09
 1.450000e+01  1.500000e+01  5.966612e-09
 1.500000e+01  1.550000e+01  4.842130e-09
 1.550000e+01  1.600000e+01  3.450261e-09
 1.600000e+01  1.650000e+01  2.881604e-09
 1.650000e+01  1.700000e+01  2.143584e-09
 1.700000e+01  1.750000e+01  1.697392e-09
 1.750000e+01  1.800000e+01  1.207510e-09
 1.800000e+01  1.850000e+01  9.903137e-10
 1.850000e+01  1.900000e+01  6.718458e-10
 1.900000e+01  1.950000e+01  5.180025e-10
 1.950000e+01  2.000000e+01  3.931638e-10
