 0.000000e+00  5.000000e-01 -2.158214e-02
 5.000000e-01  1.000000e+00  2.638667e-02
 1.000000e+00  1.500000e+00  1.254763e-02
 1.500000e+00  2.000000e+00  7.493192e-03
 2.000000e+00  2.500000e+00  4.859983e-03
 2.500000e+00  3.000000e+00  3.346679e-03
 3.000000e+00  3.500000e+00  2.349282e-03
 3.500000e+00  4.000000e+00  1.694469e-03
 4.000000e+00  4.500000e+00  1.229033e-03
 4.500000e+00  5.000000e+00  9.088337e-04
 5.000000e+00  5.500000e+00  6.811676e-04
 5.500000e+00  6.000000e+00  5.045552e-04
 6.000000e+00  6.500000e+00  3.930822e-04
 6.500000e+00  7.000000e+00  2.989380e-04
 7.000000e+00  7.500000e+00  2.280493e-04
 7.500000e+00  8.000000e+00  1.807410e-04
 8.000000e+00  8.500000e+00  1.418363e-04
 8.500000e+00  9.000000e+00  1.280598e-04
 9.000000e+00  9.500000e+00  8.805762e-05
 9.500000e+00  1.000000e+01  7.004936e-05
 1.000000e+01  1.050000e+01  5.792913e-05
 1.050000e+01  1.100000e+01  4.630904e-05
 1.100000e+01  1.150000e+01  3.829819e-05
 1.150000e+01  1.200000e+01  3.101757e-05
 1.200000e+01  1.250000e+01  2.555175e-05
 1.250000e+01  1.300000e+01  2.006864e-05
 1.300000e+01  1.350000e+01  1.689130e-05
 1.350000e+01  1.400000e+01  1.396245e-05
 1.400000e+01  1.450000e+01  1.118645e-05
 1.450000e+01  1.500000e+01  9.493655e-06
 1.500000e+01  1.550000e+01  8.287457e-06
 1.550000e+01  1.600000e+01  6.814771e-06
 1.600000e+01  1.650000e+01  5.759119e-06
 1.650000e+01  1.700000e+01  5.428320e-06
 1.700000e+01  1.750000e+01  4.077701e-06
 1.750000e+01  1.800000e+01  3.483606e-06
 1.800000e+01  1.850000e+01  3.213101e-06
 1.850000e+01  1.900000e+01  2.590776e-06
 1.900000e+01  1.950000e+01  2.175364e-06
 1.950000e+01  2.000000e+01  2.031750e-06
