 0.000000e+00  7.854232e-02  3.328714e-05
 7.854232e-02  1.570846e-01  3.427617e-05
 1.570846e-01  2.356269e-01  3.408482e-05
 2.356269e-01  3.141693e-01  3.423207e-05
 3.141693e-01  3.927116e-01  3.544056e-05
 3.927116e-01  4.712539e-01  3.529336e-05
 4.712539e-01  5.497962e-01  3.694850e-05
 5.497962e-01  6.283385e-01  3.814695e-05
 6.283385e-01  7.068808e-01  3.821207e-05
 7.068808e-01  7.854232e-01  4.005522e-05
 7.854232e-01  8.639655e-01  4.151007e-05
 8.639655e-01  9.425078e-01  4.475090e-05
 9.425078e-01  1.021050e+00  4.675411e-05
 1.021050e+00  1.099592e+00  4.937584e-05
 1.099592e+00  1.178135e+00  5.264716e-05
 1.178135e+00  1.256677e+00  5.577820e-05
 1.256677e+00  1.335219e+00  6.055130e-05
 1.335219e+00  1.413762e+00  6.339747e-05
 1.413762e+00  1.492304e+00  7.038223e-05
 1.492304e+00  1.570846e+00  7.614011e-05
 1.570846e+00  1.649389e+00  8.483316e-05
 1.649389e+00  1.727931e+00  9.484395e-05
 1.727931e+00  1.806473e+00  1.036286e-04
 1.806473e+00  1.885016e+00  1.181385e-04
 1.885016e+00  1.963558e+00  1.308776e-04
 1.963558e+00  2.042100e+00  1.497969e-04
 2.042100e+00  2.120643e+00  1.745579e-04
 2.120643e+00  2.199185e+00  2.054217e-04
 2.199185e+00  2.277727e+00  2.406202e-04
 2.277727e+00  2.356269e+00  2.882072e-04
 2.356269e+00  2.434812e+00  3.517392e-04
 2.434812e+00  2.513354e+00  4.350749e-04
 2.513354e+00  2.591896e+00  5.461204e-04
 2.591896e+00  2.670439e+00  7.119245e-04
 2.670439e+00  2.748981e+00  9.596371e-04
 2.748981e+00  2.827523e+00  1.352866e-03
 2.827523e+00  2.906066e+00  2.042281e-03
 2.906066e+00  2.984608e+00  3.487549e-03
 2.984608e+00  3.063150e+00  7.606419e-03
 3.063150e+00  3.141693e+00 -5.503913e-03
