 0.000000e+00  5.000000e-01 -1.852856e-03
 5.000000e-01  1.000000e+00  8.903853e-03
 1.000000e+00  1.500000e+00  4.026172e-03
 1.500000e+00  2.000000e+00  2.276534e-03
 2.000000e+00  2.500000e+00  1.393954e-03
 2.500000e+00  3.000000e+00  8.913261e-04
 3.000000e+00  3.500000e+00  5.761301e-04
 3.500000e+00  4.000000e+00  3.831827e-04
 4.000000e+00  4.500000e+00  2.622643e-04
 4.500000e+00  5.000000e+00  1.739330e-04
 5.000000e+00  5.500000e+00  1.216271e-04
 5.500000e+00  6.000000e+00  8.424238e-05
 6.000000e+00  6.500000e+00  6.162857e-05
 6.500000e+00  7.000000e+00  4.418718e-05
 7.000000e+00  7.500000e+00  3.218240e-05
 7.500000e+00  8.000000e+00  2.303061e-05
 8.000000e+00  8.500000e+00  1.641992e-05
 8.500000e+00  9.000000e+00  1.196782e-05
 9.000000e+00  9.500000e+00  9.203467e-06
 9.500000e+00  1.000000e+01  7.186452e-06
 1.000000e+01  1.050000e+01  5.428564e-06
 1.050000e+01  1.100000e+01  4.131521e-06
 1.100000e+01  1.150000e+01  3.073200e-06
 1.150000e+01  1.200000e+01  2.323498e-06
 1.200000e+01  1.250000e+01  1.707172e-06
 1.250000e+01  1.300000e+01  1.616983e-06
 1.300000e+01  1.350000e+01  1.202924e-06
 1.350000e+01  1.400000e+01  9.817676e-07
 1.400000e+01  1.450000e+01  6.861813e-07
 1.450000e+01  1.500000e+01  5.646221e-07
 1.500000e+01  1.550000e+01  4.854688e-07
 1.550000e+01  1.600000e+01  3.502136e-07
 1.600000e+01  1.650000e+01  2.643560e-07
 1.650000e+01  1.700000e+01  2.611574e-07
 1.700000e+01  1.750000e+01  1.960127e-07
 1.750000e+01  1.800000e+01  1.299957e-07
 1.800000e+01  1.850000e+01  1.333216e-07
 1.850000e+01  1.900000e+01  9.818626e-08
 1.900000e+01  1.950000e+01  6.571731e-08
 1.950000e+01  2.000000e+01  7.124211e-08
