 0.000000e+00  2.500000e-01  0.000000e+00
 2.500000e-01  5.000000e-01  0.000000e+00
 5.000000e-01  7.500000e-01  0.000000e+00
 7.500000e-01  1.000000e+00  0.000000e+00
 1.000000e+00  1.250000e+00  0.000000e+00
 1.250000e+00  1.500000e+00  0.000000e+00
 1.500000e+00  1.750000e+00  0.000000e+00
 1.750000e+00  2.000000e+00  0.000000e+00
 2.000000e+00  2.250000e+00  0.000000e+00
 2.250000e+00  2.500000e+00  0.000000e+00
 2.500000e+00  2.750000e+00  0.000000e+00
 2.750000e+00  3.000000e+00  0.000000e+00
 3.000000e+00  3.250000e+00  6.675075e-04
 3.250000e+00  3.500000e+00  1.074993e-02
 3.500000e+00  3.750000e+00  7.437939e-03
 3.750000e+00  4.000000e+00  1.203677e-03
 4.000000e+00  4.250000e+00  3.312433e-04
 4.250000e+00  4.500000e+00  1.066880e-04
 4.500000e+00  4.750000e+00  3.675955e-05
 4.750000e+00  5.000000e+00  1.475845e-05
 5.000000e+00  5.250000e+00  6.073486e-06
 5.250000e+00  5.500000e+00  3.042870e-06
 5.500000e+00  5.750000e+00  1.397719e-06
 5.750000e+00  6.000000e+00  9.046146e-07
 6.000000e+00  6.250000e+00  4.521633e-07
 6.250000e+00  6.500000e+00  1.864800e-07
 6.500000e+00  6.750000e+00  1.033043e-07
 6.750000e+00  7.000000e+00  6.079396e-08
 7.000000e+00  7.250000e+00  4.076030e-08
 7.250000e+00  7.500000e+00  2.352550e-08
 7.500000e+00  7.750000e+00  1.601864e-08
 7.750000e+00  8.000000e+00  9.496667e-09
 8.000000e+00  8.250000e+00  6.279279e-09
 8.250000e+00  8.500000e+00  1.329510e-09
 8.500000e+00  8.750000e+00  1.819449e-09
 8.750000e+00  9.000000e+00  1.863618e-09
 9.000000e+00  9.250000e+00  1.213174e-09
 9.250000e+00  9.500000e+00  1.540473e-10
 9.500000e+00  9.750000e+00  2.121686e-10
 9.750000e+00  1.000000e+01  7.465941e-11
