 0.000000e+00  2.500000e-01  4.014776e-05
 2.500000e-01  5.000000e-01  1.224724e-04
 5.000000e-01  7.500000e-01  2.168638e-04
 7.500000e-01  1.000000e+00  3.317317e-04
 1.000000e+00  1.250000e+00  4.891233e-04
 1.250000e+00  1.500000e+00  6.859289e-04
 1.500000e+00  1.750000e+00  9.802127e-04
 1.750000e+00  2.000000e+00  1.451554e-03
 2.000000e+00  2.250000e+00  2.288329e-03
 2.250000e+00  2.500000e+00  3.868456e-03
 2.500000e+00  2.750000e+00  7.739121e-03
 2.750000e+00  3.000000e+00  2.221087e-02
 3.000000e+00  3.250000e+00  1.704011e-03
 3.250000e+00  3.500000e+00 -9.325105e-03
 3.500000e+00  3.750000e+00  2.435992e-02
 3.750000e+00  4.000000e+00  3.995061e-03
 4.000000e+00  4.250000e+00  1.489426e-03
 4.250000e+00  4.500000e+00  7.463851e-04
 4.500000e+00  4.750000e+00  4.809470e-04
 4.750000e+00  5.000000e+00  3.424388e-04
 5.000000e+00  5.250000e+00  2.049968e-04
 5.250000e+00  5.500000e+00  1.477582e-04
 5.500000e+00  5.750000e+00  9.442322e-05
 5.750000e+00  6.000000e+00  6.757215e-05
 6.000000e+00  6.250000e+00  4.187079e-05
 6.250000e+00  6.500000e+00  2.949967e-05
 6.500000e+00  6.750000e+00  2.016105e-05
 6.750000e+00  7.000000e+00  1.734887e-05
 7.000000e+00  7.250000e+00  1.163075e-05
 7.250000e+00  7.500000e+00  8.334033e-06
 7.500000e+00  7.750000e+00  5.207396e-06
 7.750000e+00  8.000000e+00  3.913544e-06
 8.000000e+00  8.250000e+00  2.504821e-06
 8.250000e+00  8.500000e+00  1.666965e-06
 8.500000e+00  8.750000e+00  1.252037e-06
 8.750000e+00  9.000000e+00  6.479203e-07
 9.000000e+00  9.250000e+00  6.896659e-07
 9.250000e+00  9.500000e+00  3.162767e-07
 9.500000e+00  9.750000e+00  4.081709e-07
 9.750000e+00  1.000000e+01  1.251275e-07
