 0.000000e+00  7.854232e-02  2.318807e-04
 7.854232e-02  1.570846e-01  2.751798e-04
 1.570846e-01  2.356269e-01  2.362392e-04
 2.356269e-01  3.141693e-01  2.364355e-04
 3.141693e-01  3.927116e-01  2.515959e-04
 3.927116e-01  4.712539e-01  2.462528e-04
 4.712539e-01  5.497962e-01  2.515249e-04
 5.497962e-01  6.283385e-01  2.556893e-04
 6.283385e-01  7.068808e-01  2.636830e-04
 7.068808e-01  7.854232e-01  2.766075e-04
 7.854232e-01  8.639655e-01  2.872174e-04
 8.639655e-01  9.425078e-01  3.029929e-04
 9.425078e-01  1.021050e+00  3.090405e-04
 1.021050e+00  1.099592e+00  3.269820e-04
 1.099592e+00  1.178135e+00  3.490858e-04
 1.178135e+00  1.256677e+00  3.722312e-04
 1.256677e+00  1.335219e+00  3.949970e-04
 1.335219e+00  1.413762e+00  4.248655e-04
 1.413762e+00  1.492304e+00  4.536143e-04
 1.492304e+00  1.570846e+00  5.033344e-04
 1.570846e+00  1.649389e+00  5.487952e-04
 1.649389e+00  1.727931e+00  6.059085e-04
 1.727931e+00  1.806473e+00  6.588400e-04
 1.806473e+00  1.885016e+00  7.552016e-04
 1.885016e+00  1.963558e+00  8.336898e-04
 1.963558e+00  2.042100e+00  9.549583e-04
 2.042100e+00  2.120643e+00  1.094346e-03
 2.120643e+00  2.199185e+00  1.261526e-03
 2.199185e+00  2.277727e+00  1.493710e-03
 2.277727e+00  2.356269e+00  1.748808e-03
 2.356269e+00  2.434812e+00  2.089996e-03
 2.434812e+00  2.513354e+00  2.582540e-03
 2.513354e+00  2.591896e+00  3.202674e-03
 2.591896e+00  2.670439e+00  4.151459e-03
 2.670439e+00  2.748981e+00  5.485542e-03
 2.748981e+00  2.827523e+00  7.610719e-03
 2.827523e+00  2.906066e+00  1.138841e-02
 2.906066e+00  2.984608e+00  1.907528e-02
 2.984608e+00  3.063150e+00  4.042994e-02
 3.063150e+00  3.141693e+00 -4.767272e-02
