 0.000000e+00  2.500000e-01  5.704680e-06
 2.500000e-01  5.000000e-01  1.795184e-05
 5.000000e-01  7.500000e-01  3.244958e-05
 7.500000e-01  1.000000e+00  5.121418e-05
 1.000000e+00  1.250000e+00  7.601844e-05
 1.250000e+00  1.500000e+00  1.108393e-04
 1.500000e+00  1.750000e+00  1.624496e-04
 1.750000e+00  2.000000e+00  2.467857e-04
 2.000000e+00  2.250000e+00  3.960262e-04
 2.250000e+00  2.500000e+00  6.950844e-04
 2.500000e+00  2.750000e+00  1.463178e-03
 2.750000e+00  3.000000e+00  4.465325e-03
 3.000000e+00  3.250000e+00  1.199513e-03
 3.250000e+00  3.500000e+00  1.608392e-03
 3.500000e+00  3.750000e+00  3.027106e-03
 3.750000e+00  4.000000e+00  4.963248e-04
 4.000000e+00  4.250000e+00  1.942309e-04
 4.250000e+00  4.500000e+00  1.008628e-04
 4.500000e+00  4.750000e+00  5.838241e-05
 4.750000e+00  5.000000e+00  3.408547e-05
 5.000000e+00  5.250000e+00  2.038101e-05
 5.250000e+00  5.500000e+00  1.416154e-05
 5.500000e+00  5.750000e+00  8.900800e-06
 5.750000e+00  6.000000e+00  6.143996e-06
 6.000000e+00  6.250000e+00  3.474090e-06
 6.250000e+00  6.500000e+00  2.435193e-06
 6.500000e+00  6.750000e+00  1.521514e-06
 6.750000e+00  7.000000e+00  9.951286e-07
 7.000000e+00  7.250000e+00  7.059713e-07
 7.250000e+00  7.500000e+00  3.518466e-07
 7.500000e+00  7.750000e+00  3.510898e-07
 7.750000e+00  8.000000e+00  1.926840e-07
 8.000000e+00  8.250000e+00  1.257585e-07
 8.250000e+00  8.500000e+00  9.695294e-08
 8.500000e+00  8.750000e+00  4.720993e-08
 8.750000e+00  9.000000e+00  2.380799e-08
 9.000000e+00  9.250000e+00  1.714395e-08
 9.250000e+00  9.500000e+00  1.048764e-08
 9.500000e+00  9.750000e+00  1.123774e-08
 9.750000e+00  1.000000e+01  2.617502e-09
